0000 119 208 155 237 073 200 103 234
0001 119 208 155 236 074 201 103 234
0002 119 208 155 236 074 201 103 234
0003 119 208 155 236 074 202 102 233
0004 119 208 155 236 074 202 103 234
0005 119 208 155 236 074 201 103 234
0006 119 208 155 236 074 202 103 234
0007 119 208 154 236 074 202 103 234
0008 118 208 155 236 074 201 102 234
0009 119 208 155 236 074 200 102 234
0010 118 208 155 236 074 201 102 234
0011 119 208 155 236 074 200 102 234
0012 120 208 155 237 074 202 103 235
0013 120 207 155 237 074 201 103 234
0014 117 203 156 239 073 200 102 235
0015 114 189 159 234 072 201 101 236
0016 114 174 165 209 073 202 102 234
0017 110 169 157 202 073 202 102 234
0018 110 163 162 192 073 201 102 234
0019 110 157 160 185 073 201 102 234
0020 112 139 154 170 073 201 102 233
0021 113 128 152 159 073 201 102 234
0022 110 122 153 152 074 202 102 234
0023 111 115 151 147 074 202 102 234
0024 111 106 148 140 075 201 102 233
0025 074 201 103 233 112 100 147 133
0026 110 098 145 128 074 201 103 234
0027 107 097 145 128 074 201 103 233
0028 107 096 144 127 074 201 103 233
0029 109 097 144 127 074 201 103 234
0030 112 098 151 129 074 201 103 234
0031 111 097 150 126 074 201 103 233
0032 111 096 151 127 074 202 103 234
0033 109 096 148 127 074 203 103 234
0034 112 097 149 130 074 202 103 235
0035 113 098 151 132 073 200 103 234
0036 073 203 102 235 112 099 149 130
0037 112 101 149 131 075 203 102 234
0038 112 101 147 131 074 203 101 234
0039 073 202 102 235 116 097 146 127
0040 116 100 150 129 073 202 101 234
0041 115 099 150 129 074 202 101 234
0042 111 100 147 129 074 202 101 235
0043 112 101 148 132 074 202 102 235
0044 110 099 147 128 074 201 102 234
0045 110 096 149 128 074 201 102 235
0046 114 099 149 132 074 201 102 235
0047 109 098 148 129 074 200 102 235
0048 075 203 102 231 116 100 153 134
0049 072 203 102 234 115 104 152 137
0050 113 124 157 162 075 204 102 231
0051 115 168 161 198 073 203 102 235
0052 116 196 157 239 075 202 102 231
0053 120 206 152 237 072 200 102 234
0054 121 204 155 236 072 200 103 234
0055 120 206 156 236 073 201 103 234
0056 119 207 155 236 072 201 103 236
0057 119 207 155 236 074 200 102 233
0058 119 206 155 239 073 203 103 236
0059 118 206 156 239 074 200 103 233
