0001 093 222 132 239 000 000 000 000
0002 093 189 138 230 000 000 000 000
0003 105 111 146 163 000 000 000 000
0004 113 069 149 123 000 000 000 000
0005 115 046 151 102 000 000 000 000
0006 115 042 152 101 000 000 000 000
0007 117 043 152 100 000 000 000 000
0008 119 042 155 099 000 000 000 000
0009 118 041 157 102 000 000 000 000
0010 118 040 157 100 000 000 000 000
0011 118 041 157 099 000 000 000 000
0012 118 041 157 100 000 000 000 000
0013 118 040 157 102 000 000 000 000
0014 120 041 161 097 000 000 000 000
0015 125 039 163 100 000 000 000 000
0016 126 038 165 099 000 000 000 000
0017 126 039 169 096 000 000 000 000
0018 127 039 171 098 000 000 000 000
0019 127 040 169 099 000 000 000 000
0020 127 040 169 099 000 000 000 000
0021 126 039 171 098 000 000 000 000
0022 126 040 170 097 000 000 000 000
0023 126 040 170 097 000 000 000 000
0024 125 040 169 097 000 000 000 000
0025 124 041 168 098 000 000 000 000
0026 118 062 161 116 000 000 000 000
0027 103 111 149 158 000 000 000 000
0028 091 191 135 234 000 000 000 000
0029 088 209 136 239 000 000 000 000
