0000 173 206 203 238 117 154 145 179
0001 182 189 212 235 119 153 144 179
0002 196 107 231 142 118 153 145 177
0003 195 066 232 111 119 153 146 178
0004 187 060 217 096 118 152 146 178
0005 116 153 144 178 181 068 209 098
0006 179 065 209 097 116 152 142 179
0007 179 064 208 098 116 152 142 178
0008 180 062 210 097 116 151 143 177
0009 176 064 214 095 116 155 141 180
0010 180 059 209 097 116 155 141 180
0011 176 059 214 097 116 152 144 177
0012 178 066 210 106 117 153 145 176
0013 117 153 145 179 172 099 202 128
0014 174 157 204 213 117 153 146 177
0015 174 197 201 238 118 156 145 176
0016 166 205 200 238 118 156 146 175
