0000 099 209 141 237 000 000 000 000
0001 100 207 140 236 000 000 000 000
0002 100 200 140 233 000 000 000 000
0003 098 174 145 210 000 000 000 000
0004 100 140 148 170 000 000 000 000
0005 104 113 149 145 000 000 000 000
0006 105 098 151 136 000 000 000 000
0007 104 099 155 132 000 000 000 000
0008 105 098 151 133 000 000 000 000
0009 105 100 150 133 000 000 000 000
0010 107 100 151 136 000 000 000 000
0011 104 100 151 138 000 000 000 000
0012 101 112 146 146 000 000 000 000
0013 104 140 145 174 000 000 000 000
0014 099 179 141 210 000 000 000 000
0015 099 210 140 237 000 000 000 000
0016 100 207 140 237 000 000 000 000
0017 100 208 139 237 000 000 000 000
0018 100 209 139 237 000 000 000 000
0019 100 209 139 237 000 000 000 000
0020 100 208 140 237 000 000 000 000
