0000 049 218 078 239 000 000 000 000
0001 050 221 076 239 000 000 000 000
0002 130 222 168 237 000 000 000 000
0004 108 204 142 235 000 000 000 000
0005 107 197 145 239 052 222 079 239
0006 108 175 145 233 052 223 079 239
0007 112 167 151 235 047 218 077 239
0008 107 151 150 213 049 222 077 238
0009 108 139 146 206 049 221 079 238
0010 109 126 151 195 050 221 077 237
0011 109 124 157 187 052 223 080 239
0012 112 115 157 178 050 220 077 237
0013 112 111 158 173 049 222 074 239
0014 112 109 158 171 052 222 081 239
0015 113 102 156 167 000 000 000 000
0016 119 099 160 164 000 000 000 000
0017 117 100 159 160 049 223 075 239
0018 114 098 162 159 050 223 078 239
0019 113 096 162 157 050 223 078 239
0020 113 095 161 156 050 223 078 239
0021 113 092 161 152 052 221 080 239
0022 116 093 158 153 051 223 081 238
0023 115 092 158 153 051 223 081 239
0024 115 092 158 151 050 223 076 239
0025 116 092 157 151 052 222 081 239
0026 115 092 156 152 052 222 081 239
0027 116 091 155 152 050 223 078 239
0028 115 089 155 152 050 223 078 239
0029 116 090 154 153 050 222 079 239
0030 114 091 161 150 050 222 078 239
0031 113 091 161 150 050 223 078 239
0032 114 090 156 149 050 223 078 239
0033 114 087 160 148 050 220 076 239
0034 113 090 160 149 050 222 079 239
0035 114 090 160 151 050 222 079 239
0036 117 092 155 155 049 223 078 239
0037 116 110 150 183 051 221 078 238
0038 112 137 147 197 048 222 075 238
0039 109 194 151 235 000 000 000 000
0040 115 215 157 238 000 000 000 000
0041 124 223 161 239 000 000 000 000
0042 052 222 081 239 000 000 000 000
0043 050 222 080 239 000 000 000 000
0044 049 222 079 239 000 000 000 000
0045 052 222 080 239 000 000 000 000
0046 052 222 081 239 000 000 000 000
0047 053 223 082 239 000 000 000 000
0048 052 223 082 239 000 000 000 000
