0000 142 211 163 237 236 215 265 239
0001 142 212 163 237 236 215 265 239
0002 135 213 158 237 240 212 267 235
0003 117 204 146 236 240 213 267 236
0004 094 189 129 224 240 213 267 236
0005 072 169 111 206 240 213 271 237
0006 056 152 092 183 241 215 271 237
0007 050 141 085 172 242 215 271 237
0008 048 131 086 168 239 215 271 238
0009 049 133 087 165 239 216 271 237
0010 047 133 091 168 241 217 271 237
0011 047 130 087 166 243 217 270 236
0012 049 132 087 165 242 217 269 237
0013 049 133 088 166 242 216 269 237
0014 049 133 088 169 240 216 267 238
0015 050 135 088 168 243 216 272 237
0016 050 136 088 169 243 216 271 237
0017 050 137 089 170 243 216 271 238
0018 052 137 091 171 243 216 271 238
0019 052 138 091 170 243 216 270 238
0020 052 138 090 170 243 216 270 238
0021 052 136 090 170 243 216 271 238
0022 052 137 090 170 241 215 268 238
0023 053 137 091 170 243 216 270 238
0024 053 137 091 170 243 215 271 237
0025 053 136 090 171 243 215 271 237
0026 050 138 087 172 243 215 271 237
0027 052 143 091 177 243 215 271 237
0028 054 160 094 195 239 215 267 237
0029 079 176 118 217 239 215 267 238
0030 103 198 132 233 240 214 267 238
0031 124 208 145 235 240 214 266 238
0032 131 209 157 237 240 215 265 238
0033 235 216 264 239 142 215 161 238
0034 239 214 266 236 138 212 162 238
0035 239 215 267 237 138 211 163 237
0036 239 215 267 238 139 213 159 236
0037 239 214 267 237 139 213 159 236
0038 239 214 266 237 139 213 159 236
0039 235 215 264 239 140 212 160 236
0040 240 213 267 237 139 212 160 235
0041 140 213 160 236 240 213 268 237
0042 139 212 160 236 240 213 268 237
