0000 183 202 207 238 107 204 130 238
0001 182 202 206 238 106 201 129 235
0002 182 201 206 237 105 199 128 232
0003 106 194 128 225 178 199 203 234
0004 175 195 199 225 105 181 125 212
0005 102 168 125 196 173 182 198 214
0006 171 166 193 193 100 151 121 179
0007 099 138 123 164 174 155 198 184
0008 095 118 119 155 174 135 209 165
0009 092 113 117 151 173 128 209 160
0010 090 109 115 152 178 123 214 157
0011 087 108 110 146 182 128 210 160
0012 088 110 113 152 178 127 214 163
0013 088 111 113 151 175 130 210 164
0014 089 112 113 152 173 130 210 165
0015 089 112 113 153 174 129 210 163
0016 089 110 113 152 176 126 212 162
0017 089 111 113 152 172 128 209 163
0018 089 111 112 150 177 127 211 162
0019 089 111 112 150 177 125 209 162
0020 089 111 113 152 177 126 210 164
0021 090 117 117 150 174 130 207 164
0022 090 127 115 162 177 138 207 172
0023 092 154 114 187 178 147 207 185
0024 176 169 201 203 094 178 113 209
0025 102 201 123 236 177 189 202 225
0026 180 196 204 234 104 203 128 237
0027 108 205 130 239 183 202 206 237
0028 110 206 131 237 184 203 207 238
0029 109 205 130 236 183 204 206 238
0030 109 206 130 237 184 203 206 236
