0000 126 201 149 234 000 000 000 000
0001 125 200 148 234 000 000 000 000
0002 124 198 149 232 000 000 000 000
0003 125 201 144 229 000 000 000 000
0004 125 199 146 231 000 000 000 000
0005 125 198 146 231 201 180 220 213
0006 125 199 146 231 200 190 215 221
0007 127 198 146 228 197 192 213 224
0008 122 195 144 225 204 188 225 217
0009 215 155 241 179 121 179 144 205
0010 216 100 246 140 111 141 134 167
0011 215 064 240 107 106 092 131 135
0012 215 051 240 093 108 061 129 099
0013 215 045 240 084 105 036 128 076
0014 215 044 240 082 108 027 129 065
0015 215 044 240 082 109 026 131 062
0016 215 044 240 083 112 027 134 064
0017 216 044 241 083 112 028 134 065
0018 215 046 239 083 113 026 137 062
0019 209 043 232 081 126 028 149 064
0020 199 046 219 082 145 029 169 063
0021 187 040 208 081 155 029 182 065
0022 184 038 205 081 156 032 182 069
0023 185 037 205 080 157 029 184 065
0024 187 037 206 077 156 032 183 068
0025 188 037 208 078 155 029 182 067
0026 150 029 176 065 194 035 215 078
0027 205 035 227 076 141 029 169 067
0028 219 040 242 081 126 030 152 070
0029 228 043 252 084 113 031 137 074
0030 233 046 258 087 106 032 129 075
0031 233 047 259 087 105 039 127 079
0032 231 050 260 093 105 046 129 089
0033 230 061 259 105 107 063 129 101
0034 227 087 254 130 111 099 134 133
0035 220 145 249 176 120 169 144 196
0036 209 180 233 216 125 183 145 214
0037 122 191 145 225 200 188 217 219
0038 119 193 143 225 196 189 210 223
0039 120 193 143 225 198 188 214 218
0040 120 194 143 225 197 192 214 220
0041 117 195 141 225 000 000 000 000
