0000 091 210 136 239 159 221 198 238
0001 088 212 134 236 157 213 203 239
0002 087 213 134 237 159 219 204 239
0003 087 213 134 236 157 219 203 239
0004 082 210 136 236 155 214 201 239
0005 148 187 194 236 092 207 139 239
0006 123 133 170 190 106 179 174 228
0007 100 104 162 154 127 133 198 190
0008 089 086 142 140 146 105 211 159
0009 157 086 214 139 079 090 136 136
0010 083 089 136 134 154 086 210 137
0011 149 083 211 135 093 087 147 130
0012 142 082 206 134 000 000 000 000
0013 144 083 205 132 153 065 200 098
0014 141 079 204 132 194 061 237 132
0015 194 057 238 133 142 080 201 132
0016 142 082 202 135 193 058 236 134
0017 141 087 201 139 184 068 232 135
0018 129 097 191 152 183 093 230 147
0019 116 132 184 188 175 127 229 184
0020 162 166 224 222 104 166 168 222
0021 096 191 152 239 162 205 215 239
0022 090 209 145 238 160 207 218 239
0023 090 208 145 238 157 213 214 239
