0000 096 202 145 237 173 209 215 237
0001 095 202 145 237 170 207 210 239
0002 094 202 145 237 173 208 215 237
0003 094 202 145 238 173 209 214 238
0004 095 202 145 238 173 206 214 238
0005 095 203 145 238 170 202 212 238
0006 095 203 146 238 166 197 211 237
0007 095 203 146 238 161 192 209 228
0008 094 203 145 237 161 189 210 226
0009 098 199 143 233 160 188 210 228
0010 091 189 134 234 154 190 205 227
0011 085 180 123 236 137 183 194 225
0012 129 182 186 222 072 176 119 232
0013 112 176 181 216 067 170 119 227
0014 060 167 119 222 115 176 177 214
0015 059 160 119 221 110 175 180 208
0016 060 158 118 221 111 175 178 209
0017 105 172 174 215 060 156 118 220
0018 062 158 117 221 104 168 167 217
0019 104 170 169 213 064 161 120 220
0020 063 163 123 220 106 172 164 209
0021 063 163 125 219 107 177 166 213
0022 061 163 119 220 095 168 165 218
0023 062 162 122 220 096 162 163 215
0024 096 165 162 210 063 163 119 219
0025 063 158 124 220 104 169 165 207
0026 061 159 124 220 099 170 163 210
0027 063 151 119 220 098 168 160 215
0028 062 153 120 217 087 163 163 215
0029 087 158 155 209 061 150 111 216
0030 059 156 115 212 094 159 162 198
0031 058 152 121 211 088 161 162 202
0032 063 151 122 218 095 167 159 219
0033 093 177 158 226 071 151 119 223
0034 099 188 162 237 072 161 117 221
0035 106 198 164 239 078 169 115 224
0036 073 183 115 236 116 210 168 239
0037 076 209 113 238 130 224 168 239
0038 076 215 114 237 000 000 000 000
0039 079 218 119 239 000 000 000 000
0040 081 223 119 239 000 000 000 000
