0000 100 207 121 236 178 193 198 222
0001 099 207 122 236 196 180 217 215
0002 100 206 123 236 205 136 230 158
0003 195 073 220 105 099 206 122 236
0004 098 202 124 231 176 052 203 086
0005 098 203 120 234 158 057 181 080
0006 100 203 121 234 000 000 000 000
0007 099 203 121 234 000 000 000 000
0008 099 202 123 230 000 000 000 000
0009 099 202 123 230 000 000 000 000
0010 098 203 121 235 000 000 000 000
0011 099 204 122 234 000 000 000 000
0012 098 204 121 235 000 000 000 000
0013 099 206 122 236 158 063 183 090
0014 099 207 122 237 176 064 203 100
0015 099 207 122 237 206 116 231 144
0016 099 208 122 237 205 174 232 201
0017 099 208 122 237 191 193 210 225
0018 099 207 122 237 178 192 197 226
0019 099 207 122 237 179 195 200 230
0020 099 207 123 237 182 194 202 229
0021 099 207 123 237 178 196 198 230
0022 099 207 122 237 175 195 196 230
0023 099 207 122 237 178 194 198 228
