0000 156 205 190 236 000 000 000 000
0004 154 208 195 235 000 000 000 000
0005 163 184 203 232 000 000 000 000
0006 167 147 212 204 000 000 000 000
0007 163 121 216 186 000 000 000 000
0008 171 092 221 168 000 000 000 000
0009 180 080 222 156 000 000 000 000
0010 176 072 219 146 000 000 000 000
0011 181 065 222 141 000 000 000 000
0012 180 065 222 139 000 000 000 000
0013 181 067 223 139 000 000 000 000
0014 180 066 221 139 000 000 000 000
0015 180 067 221 140 000 000 000 000
0016 181 066 221 140 000 000 000 000
0017 182 063 222 138 000 000 000 000
0018 178 063 222 141 000 000 000 000
0019 180 065 220 143 000 000 000 000
0020 182 061 224 138 000 000 000 000
0021 183 059 228 134 000 000 000 000
0022 185 055 231 133 000 000 000 000
0023 185 052 232 130 000 000 000 000
0024 188 054 229 130 000 000 000 000
0025 185 053 224 127 000 000 000 000
0026 188 055 228 132 000 000 000 000
0027 188 055 227 132 000 000 000 000
0028 187 055 227 130 000 000 000 000
0029 188 053 227 130 000 000 000 000
0030 179 054 232 131 000 000 000 000
0031 179 054 231 130 000 000 000 000
0032 186 054 227 131 000 000 000 000
0033 187 052 229 132 000 000 000 000
0034 187 051 229 131 000 000 000 000
0035 187 053 229 131 000 000 000 000
0036 185 053 227 132 000 000 000 000
0037 186 053 228 130 000 000 000 000
0038 186 053 228 131 000 000 000 000
0039 187 054 228 130 000 000 000 000
0040 187 055 228 130 000 000 000 000
0041 187 053 229 131 000 000 000 000
0042 187 052 230 131 000 000 000 000
0043 189 053 230 130 000 000 000 000
0044 189 052 230 131 000 000 000 000
0045 185 051 226 128 000 000 000 000
0046 184 054 228 130 000 000 000 000
0047 189 053 228 127 000 000 000 000
0048 187 049 229 129 000 000 000 000
0049 187 050 228 127 000 000 000 000
0050 186 051 228 128 000 000 000 000
0051 188 052 227 126 000 000 000 000
0052 188 052 227 126 000 000 000 000
0053 188 050 227 125 000 000 000 000
0054 188 051 229 126 000 000 000 000
0055 188 051 229 128 000 000 000 000
0056 187 052 229 130 000 000 000 000
0057 186 055 228 135 000 000 000 000
0058 180 067 221 148 000 000 000 000
0059 162 116 212 182 000 000 000 000
0060 150 201 190 236 000 000 000 000
0061 159 221 189 239 000 000 000 000
