0000 200 214 242 238 000 000 000 000
0001 200 214 241 238 090 214 128 238
0002 070 195 111 236 199 213 241 238
0003 055 160 095 201 199 214 241 239
0004 040 116 085 165 199 214 240 238
0005 041 074 083 143 199 213 240 238
0006 046 055 089 134 200 213 240 238
0007 046 047 089 129 200 213 241 238
0008 046 046 087 129 199 213 240 238
0009 047 047 088 130 200 213 240 238
0010 047 045 088 127 199 213 240 238
0011 047 045 088 127 200 213 240 238
0012 046 043 089 124 200 214 241 238
0013 047 042 090 126 200 213 242 238
0014 047 041 090 125 200 212 241 238
0015 048 041 090 125 200 212 241 238
0016 048 038 091 124 200 212 241 238
0017 048 041 092 127 200 212 241 238
0018 049 044 091 125 199 212 241 238
0019 049 044 092 127 200 213 241 238
0020 061 074 096 134 196 210 237 239
0021 070 103 108 153 200 213 241 238
0022 077 140 116 182 200 213 241 238
0023 082 162 124 204 200 213 241 238
0024 091 196 128 236 200 211 243 238
0025 200 211 243 238 094 214 132 238
0026 201 212 243 238 097 216 130 239
0027 201 212 243 238 098 221 126 239
0028 200 213 243 238 000 000 000 000
0029 200 212 241 238 097 222 127 239
