0000 046 219 086 237 159 221 195 239
0001 047 219 087 237 159 221 195 239
0002 157 213 197 239 047 219 086 237
0003 149 195 198 239 045 218 087 236
0004 152 178 204 232 046 217 087 236
0005 159 149 207 211 049 216 086 237
0006 164 107 209 185 046 216 085 239
0007 169 088 210 173 046 216 085 239
0008 172 075 210 159 046 216 085 239
0009 171 062 211 147 046 216 085 239
0010 176 058 217 139 046 216 085 239
0011 172 048 215 136 046 219 087 236
0012 172 047 212 135 048 219 083 237
0013 174 046 212 135 045 215 084 238
0014 169 047 211 129 048 219 083 236
0015 169 044 210 127 048 220 083 237
0016 169 046 212 130 044 216 084 238
0017 169 044 212 129 048 220 083 237
0018 169 044 212 130 045 216 084 238
0019 169 044 211 129 048 220 083 237
0020 167 040 209 122 048 220 083 237
0021 169 037 214 129 045 217 083 237
0022 042 211 085 239 170 042 212 124
0023 165 038 207 124 027 194 080 238
0024 167 041 208 126 031 186 080 235
0025 163 041 206 124 048 171 093 226
0026 163 046 207 128 077 139 129 189
0027 163 048 206 130 092 114 146 169
0028 163 050 207 131 104 107 163 158
0029 163 053 206 132 116 094 173 153
0030 162 052 204 133 123 083 177 151
0031 157 051 197 131 131 076 177 145
0032 156 054 197 132 129 074 177 141
0033 158 052 197 132 129 075 176 142
0034 163 055 199 133 123 086 180 147
0035 161 055 202 134 127 084 177 155
0036 157 052 200 130 125 084 176 154
0037 159 050 200 130 123 087 180 152
0038 159 051 199 129 122 086 178 152
0039 158 049 198 127 122 088 173 154
0040 155 050 196 127 117 084 177 155
0041 148 051 199 122 120 093 174 158
0042 153 045 201 123 120 114 172 168
0043 156 047 201 127 119 131 169 182
0044 153 046 203 124 109 156 167 202
0045 092 172 161 223 158 045 207 122
0046 091 174 162 225 158 044 203 124
0047 090 171 162 224 158 043 207 121
0048 083 169 157 222 158 043 204 121
0049 083 170 155 219 158 041 207 122
0050 162 041 207 120 079 171 151 224
0051 163 040 207 122 077 171 147 220
0052 074 168 145 225 163 040 204 119
0053 162 043 206 121 077 170 144 225
0054 163 041 207 119 076 170 145 226
0055 163 040 208 119 076 171 145 226
0056 164 039 208 121 076 171 145 226
0057 164 042 209 121 077 171 145 227
0058 077 171 145 227 165 039 209 124
0059 163 039 208 122 076 171 144 228
0060 164 041 209 122 075 171 150 224
0061 169 042 211 123 075 170 146 229
0062 170 042 213 123 074 171 147 229
0063 070 171 145 224 173 046 215 125
0064 069 171 146 225 179 046 221 127
0065 183 046 225 132 070 171 144 229
0066 191 045 229 128 067 176 141 230
0067 066 176 140 229 189 047 230 133
0068 066 175 139 229 189 049 230 132
0069 194 049 234 131 071 173 138 227
0070 194 050 235 132 074 171 141 227
0071 064 173 139 224 193 049 233 134
0072 068 174 143 227 195 049 234 127
0073 068 174 143 227 195 050 234 129
0074 069 174 143 228 195 052 234 131
0075 196 053 234 130 066 172 140 228
0076 195 052 233 130 067 173 139 227
0077 195 052 233 131 067 172 140 227
0078 190 050 229 129 068 173 140 225
0079 190 050 229 128 068 173 140 224
0080 190 049 229 131 066 173 140 228
0081 065 175 140 228 188 049 228 132
0082 066 175 138 227 190 049 226 137
0083 184 050 223 135 070 172 139 227
0084 064 173 140 224 181 048 221 131
0085 177 048 218 132 070 171 139 226
0086 066 174 139 227 177 048 218 131
0087 072 172 138 228 180 051 219 138
0088 180 051 219 139 068 173 142 224
0089 181 052 220 139 069 173 142 223
0090 181 051 221 140 073 172 143 227
0091 181 052 221 140 069 172 143 224
0092 176 048 219 137 074 168 143 226
0093 176 049 220 138 074 169 142 226
0094 175 051 219 133 074 169 143 226
0095 174 052 216 132 074 169 143 226
0096 163 047 211 130 071 170 138 225
0097 072 170 138 226 161 048 207 130
0098 160 049 207 129 071 169 139 227
0099 072 169 139 227 154 048 204 128
0100 072 170 139 226 152 048 203 126
0101 072 169 139 226 154 046 204 123
0102 155 048 208 122 072 169 139 226
0103 158 048 208 122 072 169 140 227
0104 155 041 211 129 071 169 142 227
0105 071 169 141 226 155 041 211 127
0106 156 042 212 128 072 170 141 226
0107 159 046 209 123 072 171 142 227
0108 065 171 141 224 156 045 209 119
0109 067 171 142 225 158 046 211 122
0110 066 172 142 228 161 046 213 121
0111 067 172 142 228 158 044 211 120
0112 160 045 214 120 069 170 142 224
0113 161 044 214 120 069 170 144 222
0114 069 172 142 221 163 044 211 122
0115 068 169 141 223 158 047 214 123
0116 067 168 141 223 164 047 213 121
0117 164 048 213 121 069 171 142 222
0118 068 168 141 223 165 045 213 119
0119 069 171 145 225 165 047 214 120
0120 165 045 215 123 070 170 141 222
0121 070 170 141 223 165 048 215 123
0122 165 045 214 127 070 170 141 223
0123 167 045 212 123 070 169 141 222
0124 167 044 213 123 071 169 140 222
0125 072 169 140 222 166 048 215 125
0126 071 170 141 222 165 049 215 123
0127 071 171 141 223 165 048 215 125
0128 071 170 141 223 165 048 215 127
0129 165 048 216 125 072 172 144 229
0130 071 171 141 223 165 047 216 125
0131 167 047 214 125 071 172 142 228
0132 169 050 213 126 069 169 141 223
0133 168 047 214 130 068 170 141 223
0134 069 170 142 223 165 051 213 130
0135 161 052 214 122 068 170 141 223
0136 069 170 141 223 158 052 209 127
0137 162 054 205 129 069 169 142 223
0138 162 054 204 133 072 171 150 223
0139 162 054 204 133 072 171 150 223
0140 163 054 205 132 071 172 144 223
0141 163 051 206 134 075 170 145 224
0142 163 052 206 134 075 169 144 228
0143 165 050 207 134 071 170 146 228
0144 163 051 207 131 076 169 145 224
0145 168 048 208 130 075 169 145 225
0146 164 049 208 135 074 171 149 222
0147 167 051 209 137 072 171 150 222
0148 070 169 143 223 168 051 207 136
0149 070 169 143 224 169 051 207 137
0150 072 172 145 229 169 051 207 136
0151 169 050 207 134 071 172 145 229
0152 069 169 142 223 167 052 208 127
0153 070 169 142 223 164 050 210 126
0154 070 169 142 223 165 054 212 127
0155 070 169 142 223 161 051 211 127
0156 068 169 142 223 162 052 211 125
0157 068 170 142 223 167 052 212 124
0158 069 170 142 223 161 053 211 124
0159 069 170 142 223 167 052 212 123
0160 069 170 142 223 166 057 213 130
0161 069 170 142 223 165 055 215 127
0162 069 170 142 223 165 055 216 123
0163 164 055 217 125 068 169 142 223
0164 168 053 216 131 070 172 145 229
0165 166 056 218 129 070 173 145 229
0166 166 057 218 129 071 171 151 222
0167 071 171 150 222 166 054 218 128
0168 076 169 144 227 163 056 215 124
0169 168 055 218 131 074 170 150 220
0170 074 169 150 220 165 056 218 127
0171 073 170 149 220 166 056 218 127
0172 075 168 144 227 164 056 216 125
0173 073 169 149 220 168 054 220 122
0174 073 170 149 220 168 054 220 122
0175 075 169 144 227 166 056 218 127
0176 168 054 219 121 071 170 144 226
0177 072 171 144 226 168 054 219 121
0178 073 171 149 220 168 054 219 122
0179 073 171 149 220 168 054 220 122
0180 075 171 143 228 168 054 221 126
0181 063 172 132 227 170 054 222 124
0182 050 182 118 235 165 053 218 125
0183 047 194 101 237 170 057 216 133
0184 169 057 220 125 046 204 098 238
0185 041 207 095 238 169 058 220 127
0186 041 209 094 238 167 058 217 125
0187 168 059 220 127 043 215 094 239
0188 169 061 220 127 039 213 099 239
0189 170 068 220 130 039 214 100 239
0190 170 088 223 147 042 217 097 237
0191 174 113 221 166 043 220 097 238
0192 169 146 219 200 041 218 099 239
0193 168 186 219 238 043 222 101 239
0194 040 220 102 239 000 000 000 000
