0000 103 199 121 231 172 197 193 232
0001 102 200 121 231 173 197 194 234
0002 102 199 121 231 176 194 196 229
0003 100 199 117 230 181 178 201 212
0004 101 199 119 231 177 141 215 171
0005 189 103 214 142 102 199 120 231
0006 184 068 210 111 103 198 122 230
0007 181 061 206 104 104 197 123 230
0008 177 062 202 104 104 196 125 230
0009 181 065 206 106 104 196 124 230
0010 193 070 216 109 105 195 125 230
0011 105 195 125 230 196 067 221 111
0012 193 063 217 104 105 193 124 228
0013 183 066 207 105 106 196 125 231
0014 178 073 200 111 105 200 123 230
0015 189 073 214 118 105 195 127 229
0016 190 068 217 118 104 194 127 228
0017 106 195 126 229 190 070 215 109
0018 182 066 205 104 105 196 126 231
0019 172 070 197 106 105 196 128 230
0020 176 073 202 114 107 196 129 229
0021 188 072 212 116 106 196 129 229
0022 190 071 216 117 105 196 128 230
0023 183 072 208 113 106 195 126 229
0024 181 073 206 117 106 197 125 229
0025 182 081 206 125 105 198 126 230
0026 183 112 207 146 105 197 126 229
0027 107 197 125 230 180 140 204 171
0028 107 197 125 229 178 163 199 201
0029 107 198 127 230 176 186 197 225
0030 107 199 125 231 174 201 193 231
0031 106 199 125 231 174 200 197 233
