0007 148 207 211 239 000 000 000 000
0008 142 179 212 229 115 191 176 239
0009 152 161 209 212 136 188 182 238
0010 152 156 213 208 135 183 182 237
0011 154 150 214 202 135 183 182 238
0012 153 149 213 200 143 176 184 233
0013 153 150 211 201 139 175 186 231
0014 152 149 210 201 140 175 184 235
0015 152 149 210 200 141 177 183 232
0016 152 145 210 196 143 176 184 233
0017 151 145 211 199 142 174 183 230
0018 151 145 208 196 142 176 183 234
0019 151 151 208 203 136 180 179 238
0020 144 176 207 231 000 000 000 000
0021 146 202 197 239 000 000 000 000
