0005 085 174 161 230 175 217 203 237
0006 157 200 209 239 085 119 156 158
0007 145 172 212 217 082 070 155 113
0008 140 168 211 212 082 058 159 102
0009 140 164 204 210 087 060 161 108
0010 137 166 205 211 093 061 159 114
0011 137 169 205 212 096 065 163 115
0012 138 171 203 213 098 069 160 121
0013 136 170 203 212 098 074 163 125
0014 135 162 200 207 106 091 171 149
0015 130 150 193 192 123 112 177 177
0016 121 126 190 190 000 000 000 000
0017 123 128 190 189 000 000 000 000
0018 123 128 190 191 000 000 000 000
0019 124 127 188 188 000 000 000 000
0020 123 126 187 192 000 000 000 000
0021 123 127 189 189 000 000 000 000
0022 123 127 189 191 000 000 000 000
0023 122 131 188 191 000 000 000 000
0024 120 135 188 202 000 000 000 000
0025 110 146 175 206 149 191 190 234
0026 105 196 167 238 000 000 000 000
