0006 254 214 313 238 000 000 000 000
0007 259 194 312 237 000 000 000 000
0008 253 121 295 189 000 000 000 000
0009 239 104 278 178 000 000 000 000
0010 231 097 273 175 000 000 000 000
0011 224 093 265 174 000 000 000 000
0012 221 090 258 171 000 000 000 000
0013 221 091 259 170 000 000 000 000
0014 218 093 257 173 000 000 000 000
0015 218 095 257 174 000 000 000 000
0016 218 094 258 174 000 000 000 000
0017 218 095 259 174 000 000 000 000
0018 219 096 259 175 000 000 000 000
0019 219 096 259 173 000 000 000 000
0020 219 096 259 174 000 000 000 000
0021 220 095 260 172 000 000 000 000
0022 220 098 261 175 000 000 000 000
0023 229 108 271 184 000 000 000 000
0024 250 136 299 199 000 000 000 000
0025 266 197 314 236 000 000 000 000
