0000 198 201 229 235 108 208 133 237
0001 195 188 232 228 109 203 142 236
0002 191 163 227 204 118 200 146 237
0003 127 180 158 214 178 129 221 171
0004 168 102 213 132 136 157 165 186
0005 159 082 202 105 141 130 168 165
0006 148 074 200 097 147 107 170 148
0007 150 075 191 093 149 101 172 140
0008 147 075 191 095 150 092 175 138
0009 146 076 193 098 149 092 172 137
0010 147 077 192 095 150 092 175 133
0011 147 076 194 097 151 093 176 133
0012 147 077 195 097 151 094 176 133
0013 147 077 195 099 153 098 176 133
0014 147 076 196 099 153 096 176 133
0015 147 077 196 098 152 093 177 135
0016 147 077 195 099 153 094 177 140
0017 147 077 194 099 153 094 177 134
0018 148 078 194 100 153 095 177 135
0019 148 079 194 100 154 095 175 135
0020 148 079 194 100 154 095 178 134
0021 148 079 194 100 154 095 178 134
0022 153 080 195 098 154 095 177 135
0023 153 080 195 098 154 096 178 135
0024 149 080 195 098 154 097 177 134
0025 153 080 195 098 154 098 177 135
0026 148 080 196 099 153 093 178 135
0027 151 098 175 147 153 084 199 105
0028 162 098 201 123 141 123 171 162
0029 132 160 168 197 168 123 208 157
0030 180 157 221 206 121 188 151 236
0031 190 182 229 231 109 200 139 238
0032 197 195 231 235 103 205 135 238
0033 202 199 232 233 105 212 128 238
0034 202 202 231 236 103 213 126 239
0035 202 203 230 237 107 212 128 239
0036 202 204 228 237 110 208 132 236
0037 202 204 228 237 112 209 134 237
