0000 194 208 239 238 000 000 000 000
0001 194 208 239 238 000 000 000 000
0002 195 209 238 236 089 219 121 239
0003 198 209 238 236 077 204 112 236
0004 065 143 102 197 199 209 241 237
0005 053 093 089 154 198 207 241 236
0006 048 078 086 142 196 208 237 239
0007 048 066 085 130 196 208 237 239
0008 049 067 085 129 196 208 237 239
0009 050 067 087 131 195 208 237 239
0010 050 068 087 133 196 209 237 239
0011 051 068 088 133 196 208 237 239
0012 053 068 087 130 196 208 239 239
0013 052 073 087 134 197 208 240 239
0014 052 073 087 134 193 208 239 239
0015 052 072 089 134 193 208 239 239
0016 052 072 088 135 193 208 239 239
0017 052 072 088 135 196 208 240 239
0018 052 074 088 137 196 208 240 239
0019 053 080 087 142 196 208 240 239
0020 055 104 092 159 196 208 240 239
0021 069 161 104 204 197 208 239 239
0022 194 207 239 239 090 210 129 239
0023 193 207 240 239 000 000 000 000
0024 194 206 237 239 000 000 000 000
0025 194 206 239 239 000 000 000 000
0026 196 209 238 237 000 000 000 000
0027 194 208 239 237 000 000 000 000
0028 193 209 238 237 000 000 000 000
0029 194 209 239 237 000 000 000 000
