0011 123 220 156 239 000 000 000 000
0012 124 187 164 239 000 000 000 000
0013 121 167 163 231 000 000 000 000
0014 119 148 158 215 000 000 000 000
0015 122 136 157 204 000 000 000 000
0016 123 128 157 195 000 000 000 000
0017 123 122 161 189 000 000 000 000
0018 125 121 164 189 000 000 000 000
0019 127 120 163 189 000 000 000 000
0020 128 120 166 189 000 000 000 000
0021 127 121 165 191 000 000 000 000
0022 129 121 164 189 000 000 000 000
0023 131 120 170 190 000 000 000 000
0024 131 118 172 194 000 000 000 000
0025 133 121 172 197 000 000 000 000
0026 133 124 171 197 000 000 000 000
0027 132 123 180 193 000 000 000 000
0028 137 121 176 195 000 000 000 000
0029 138 119 176 194 000 000 000 000
0030 137 119 178 193 000 000 000 000
0031 136 123 181 196 000 000 000 000
0032 137 121 175 192 000 000 000 000
0033 139 119 179 196 000 000 000 000
0034 139 122 179 197 000 000 000 000
0035 137 119 176 194 000 000 000 000
0036 137 119 176 194 000 000 000 000
0037 136 118 178 192 000 000 000 000
0038 136 119 177 194 000 000 000 000
0039 137 127 176 200 000 000 000 000
0040 130 157 168 218 000 000 000 000
0041 130 199 168 237 000 000 000 000
0042 137 222 171 239 000 000 000 000
