0002 140 223 174 239 000 000 000 000
0003 151 179 198 227 000 000 000 000
0004 163 142 213 198 000 000 000 000
0005 171 096 224 162 000 000 000 000
0006 175 078 229 142 000 000 000 000
0007 174 066 223 147 000 000 000 000
0008 175 064 226 135 000 000 000 000
0009 175 063 225 132 000 000 000 000
0010 173 062 222 131 000 000 000 000
0011 172 060 220 129 000 000 000 000
0012 172 061 221 130 000 000 000 000
0013 172 061 221 131 000 000 000 000
0014 172 062 222 132 000 000 000 000
0015 172 062 222 131 000 000 000 000
0016 171 061 222 132 000 000 000 000
0017 171 061 222 133 000 000 000 000
0018 171 063 221 132 000 000 000 000
0019 171 062 222 133 000 000 000 000
0020 171 063 222 134 000 000 000 000
0021 171 064 222 135 000 000 000 000
0022 175 065 223 148 000 000 000 000
0023 168 080 222 151 000 000 000 000
0024 163 098 213 167 000 000 000 000
0025 155 129 201 195 000 000 000 000
0026 143 170 187 224 000 000 000 000
0027 134 222 171 238 000 000 000 000
