0000 183 208 227 239 060 224 106 239
0001 184 206 226 238 066 212 130 239
0002 067 175 143 226 180 207 226 239
0003 069 151 143 202 183 205 226 238
0004 077 141 144 190 183 209 228 239
0005 070 145 145 195 186 195 232 238
0006 074 147 145 194 184 182 238 239
0007 069 146 143 194 189 168 235 232
0008 069 146 143 196 187 151 242 203
0009 183 127 248 185 069 147 143 196
0010 174 125 240 185 071 147 142 195
0011 160 120 233 183 068 144 145 195
0012 148 118 230 182 071 147 146 195
0013 144 118 217 181 071 147 142 196
0014 136 116 210 184 072 144 142 195
0015 128 119 202 183 071 146 142 192
0016 120 121 196 185 074 143 143 192
0017 115 120 186 191 075 143 146 192
0018 118 115 181 189 072 144 153 193
0019 117 117 183 187 071 144 148 195
0020 115 118 184 186 074 148 153 192
0021 115 118 185 190 070 150 150 197
0022 113 119 180 190 072 144 153 194
0023 078 128 192 189 000 000 000 000
0024 080 129 192 190 000 000 000 000
0025 080 129 192 192 000 000 000 000
0026 101 138 185 193 067 150 143 201
0027 062 168 128 221 120 156 189 211
0028 130 177 191 231 058 196 121 238
0029 137 202 191 239 059 220 116 239
0030 140 219 191 239 056 221 104 237
0031 140 220 186 239 000 000 000 000
