0005 100 116 168 234 000 000 000 000
0006 105 074 172 213 000 000 000 000
0007 104 075 168 216 000 000 000 000
0008 106 083 170 225 000 000 000 000
0009 106 082 171 228 000 000 000 000
0010 106 079 171 217 000 000 000 000
0011 105 079 172 213 000 000 000 000
0012 104 077 168 216 000 000 000 000
0013 104 074 169 216 000 000 000 000
0014 104 074 170 219 000 000 000 000
0015 104 081 172 210 000 000 000 000
0016 103 083 171 212 000 000 000 000
0017 105 095 167 225 000 000 000 000
0018 084 166 148 238 000 000 000 000
