0000 105 210 129 237 197 216 220 239
0001 197 216 220 239 107 213 131 239
0002 106 210 129 238 197 216 220 239
0003 197 217 220 239 102 214 129 239
0004 197 216 220 239 102 214 129 239
0005 107 210 131 237 197 216 220 239
0006 197 217 221 239 107 213 131 239
0007 108 210 134 239 198 218 221 239
0008 101 204 134 239 195 211 223 239
0009 108 187 144 222 195 197 222 230
0010 191 157 215 196 120 159 150 190
0011 123 134 161 161 189 118 215 162
0012 126 123 161 150 187 103 212 143
0013 190 094 215 135 119 108 159 143
0014 190 093 215 133 118 105 156 139
0015 120 106 157 138 190 095 214 136
0016 120 104 160 136 190 097 214 139
0017 121 105 156 139 191 099 215 138
0018 121 103 154 137 191 099 215 137
0019 120 104 156 138 191 098 215 136
0020 120 103 155 138 190 096 214 138
0021 122 102 155 139 190 096 214 138
0022 123 104 155 138 190 099 214 139
0023 122 125 162 157 175 119 211 162
0024 122 157 152 191 183 165 212 211
0025 113 193 144 233 186 205 220 238
0026 192 216 216 238 110 209 134 239
0027 196 212 220 239 108 212 131 239
0028 196 216 220 239 106 211 127 236
