0000 128 182 150 213 196 186 216 216
0001 132 181 155 209 191 186 211 211
0002 140 174 162 205 185 171 209 202
0003 147 160 169 194 182 162 204 189
0004 181 151 201 182 151 159 173 186
0005 179 136 200 167 150 141 172 173
0006 175 123 198 152 150 124 174 159
0007 176 115 198 141 149 118 176 144
0008 149 110 176 133 179 107 199 136
0009 145 106 173 128 176 102 198 127
0010 179 094 204 118 143 096 171 117
0011 136 088 162 111 185 087 213 110
0012 124 082 153 107 187 084 217 107
0013 201 074 229 094 116 076 139 101
0014 228 062 250 092 097 071 119 097
0015 080 066 107 098 240 063 262 095
0016 068 067 095 098 253 065 277 094
0017 058 068 087 095 259 075 289 099
0018 266 080 301 104 047 075 078 103
0019 044 087 075 112 273 093 305 112
0020 040 092 073 115 273 097 306 116
0021 039 094 075 119 276 100 306 118
0022 039 085 073 111 273 087 308 106
0023 041 071 071 098 275 073 306 097
0024 044 053 075 082 272 058 306 080
0025 052 038 080 065 264 044 298 067
0026 061 024 088 052 249 023 290 055
0027 077 012 102 038 000 000 000 000
0028 080 004 106 036 238 006 269 039
0029 231 004 262 036 094 016 115 040
0030 225 001 255 032 000 000 000 000
0031 224 001 252 032 000 000 000 000
0032 219 001 249 035 000 000 000 000
0033 221 003 248 036 000 000 000 000
0034 112 008 135 038 218 001 250 033
0035 120 015 141 046 209 019 228 045
0036 126 023 152 055 202 030 222 056
0037 133 045 154 071 192 047 213 076
0038 143 059 169 091 178 067 201 096
0039 150 074 174 101 175 080 196 106
0040 154 089 177 115 171 092 187 116
0041 153 104 180 129 166 101 195 125
0042 150 114 177 137 174 114 195 140
0043 151 127 177 151 175 126 198 151
0044 174 138 198 162 150 141 174 164
0045 176 159 200 182 148 159 170 185
0046 144 174 168 204 180 176 205 201
0047 141 180 164 209 183 181 208 207
0048 140 181 162 211 185 181 210 208
0049 137 181 161 214 186 181 208 209
0050 138 183 161 215 187 182 209 210
0051 138 183 161 215 188 182 209 209
0052 138 182 161 215 188 182 209 210
