0000 108 200 129 233 000 000 000 000
0001 107 200 128 231 000 000 000 000
0002 108 200 128 232 000 000 000 000
0003 189 149 211 185 107 198 127 230
0004 183 104 229 138 106 199 126 232
0005 177 054 205 085 104 198 126 231
0006 105 196 125 228 171 052 195 081
0007 108 198 127 229 000 000 000 000
0008 108 198 127 228 000 000 000 000
0009 109 197 128 228 000 000 000 000
0010 108 197 127 228 000 000 000 000
0011 107 199 128 227 000 000 000 000
0012 104 196 125 226 000 000 000 000
0013 101 191 130 226 000 000 000 000
0014 101 191 130 226 000 000 000 000
0015 106 197 125 228 170 054 193 081
0016 176 054 200 088 106 198 125 229
0017 180 075 206 114 108 201 128 231
0018 110 197 130 230 188 150 209 192
0019 112 200 131 231 183 184 204 224
0020 113 201 132 231 176 205 201 238
0021 179 206 200 236 112 199 131 231
0022 178 205 202 238 113 201 132 232
0023 178 205 203 238 113 198 132 230
