0000 174 197 229 235 148 210 184 239
0001 174 197 229 236 148 210 184 239
0002 173 198 229 236 148 210 184 239
0003 149 204 187 239 174 197 230 231
0004 148 190 191 239 000 000 000 000
0005 173 197 227 235 145 166 190 213
0006 170 198 225 237 145 140 189 182
0007 141 117 181 160 169 199 225 236
0008 170 200 225 236 141 105 173 150
0009 170 200 226 236 143 090 170 140
0010 171 199 226 236 142 082 181 129
0011 171 200 226 237 144 083 195 127
0012 173 196 227 235 147 088 199 131
0013 172 197 227 235 156 093 205 136
0014 163 105 215 145 172 196 227 235
0015 167 109 229 151 172 196 229 235
0016 172 108 229 150 172 196 229 235
0017 176 105 228 146 172 196 229 235
0018 173 196 229 235 178 098 229 143
0019 173 196 226 235 179 093 232 141
0020 172 196 227 235 181 092 228 138
0021 172 197 229 236 186 090 232 136
0022 172 197 226 236 188 093 237 135
0023 172 197 226 236 193 098 246 141
0024 171 200 225 236 195 100 261 146
0025 171 199 226 236 202 106 265 149
0026 198 102 257 146 171 197 227 235
0027 204 101 262 145 171 198 229 235
0028 205 091 268 141 171 199 226 236
0029 171 198 227 235 207 092 259 138
0030 171 198 228 235 207 092 257 138
0031 171 198 227 235 206 102 260 145
0032 171 198 226 235 209 110 260 148
0033 171 198 226 235 215 121 278 163
0034 170 200 227 237 224 120 293 168
0035 229 122 296 167 171 198 226 236
0036 225 125 292 167 170 199 226 236
0037 227 125 295 172 171 197 227 235
0038 171 197 229 235 217 126 287 170
0039 208 126 274 169 171 198 226 235
0040 193 124 232 169 171 198 227 235
0041 170 198 228 236 176 126 219 177
0042 172 200 229 236 162 164 204 210
0043 157 187 199 235 000 000 000 000
0044 153 201 192 239 000 000 000 000
0045 175 197 231 233 150 208 182 237
0046 180 198 237 238 152 208 184 238
0047 174 198 231 234 154 211 185 238
0048 175 199 230 233 153 211 186 239
0049 175 198 230 234 153 212 187 239
0050 175 198 230 233 153 212 187 239
0051 176 198 230 233 153 209 184 238
0052 176 196 237 235 153 209 185 238
0053 176 198 230 233 154 209 184 238
0054 176 198 231 233 154 209 184 238
