0005 112 217 170 238 000 000 000 000
0006 101 177 171 231 168 208 206 236
0007 099 135 177 183 000 000 000 000
0008 098 113 176 156 000 000 000 000
0009 098 094 177 133 000 000 000 000
0010 101 073 179 107 000 000 000 000
0011 088 066 177 101 000 000 000 000
0012 096 061 174 089 000 000 000 000
0013 097 058 174 088 000 000 000 000
0014 099 057 174 086 000 000 000 000
0015 097 058 174 089 000 000 000 000
0016 097 058 175 087 000 000 000 000
0017 098 057 176 086 000 000 000 000
0018 099 057 175 085 000 000 000 000
0019 099 057 174 085 000 000 000 000
0020 097 057 176 086 000 000 000 000
0021 096 057 174 086 000 000 000 000
0022 096 058 176 088 000 000 000 000
0023 095 059 175 089 000 000 000 000
0024 095 060 172 093 000 000 000 000
0025 108 062 166 104 000 000 000 000
0026 103 089 162 129 000 000 000 000
0027 106 106 159 147 000 000 000 000
0028 096 156 155 204 000 000 000 000
0029 097 205 142 236 000 000 000 000
