0000 200 175 220 211 118 181 139 214
0001 200 175 220 211 118 181 138 215
0002 200 174 220 211 117 181 138 215
0003 200 174 220 211 119 181 138 215
0004 200 174 220 211 119 176 140 212
0005 201 176 220 211 120 172 138 204
0006 121 157 142 186 202 175 221 210
0007 203 163 229 200 120 112 144 141
0008 120 067 140 105 209 149 229 178
0009 122 042 143 083 213 126 233 150
0010 124 030 145 073 215 090 239 117
0011 124 027 145 069 214 074 239 101
0012 125 022 146 062 214 058 241 084
0013 123 022 146 064 208 043 237 069
0014 124 022 146 062 204 036 241 062
0015 124 019 147 059 206 032 234 056
0016 126 019 149 059 202 032 230 058
0017 126 019 148 058 205 033 235 059
0018 126 019 148 057 206 033 235 058
0019 126 019 148 058 206 031 234 058
0020 126 019 148 058 206 031 235 058
0021 126 019 148 058 206 031 234 058
0022 126 020 149 058 206 033 235 058
0023 191 030 227 056 130 020 151 058
0024 135 019 155 056 178 024 210 049
0025 137 021 162 054 166 029 198 050
0026 134 021 158 054 159 024 195 046
0027 138 018 158 056 161 029 195 049
0028 134 021 158 054 163 025 195 050
0029 137 020 162 054 163 029 195 049
0030 136 021 162 053 167 030 197 052
0031 138 018 158 055 166 030 197 052
0032 138 017 158 055 165 030 197 052
0033 136 017 157 056 164 031 199 051
0034 135 018 156 056 165 031 203 051
0035 134 019 154 055 169 032 206 052
0036 132 019 153 056 182 030 221 054
0037 130 017 152 058 196 031 227 055
0038 129 018 151 057 205 031 230 054
0039 129 018 151 057 206 029 236 057
0040 129 018 151 057 207 029 243 058
0041 129 019 151 058 209 030 243 060
0042 130 020 152 058 208 031 243 060
0043 129 020 151 059 207 028 238 056
0044 130 018 151 059 208 031 243 060
0045 130 019 151 059 207 030 243 060
0046 130 020 151 058 206 029 239 056
0047 130 020 152 059 206 030 243 058
0048 131 018 152 057 209 029 242 059
0049 132 019 153 056 205 029 235 052
0050 189 025 226 052 134 018 155 056
0051 135 018 156 056 170 024 208 046
0052 138 017 158 056 166 024 195 048
0053 136 017 156 057 166 026 195 046
0054 135 019 155 057 161 025 192 048
0055 134 018 155 058 156 026 191 045
0056 133 017 154 058 156 026 191 045
0057 134 018 154 057 155 027 191 046
0058 134 019 154 057 155 027 190 046
0059 134 019 154 057 155 027 190 046
0060 134 019 156 059 153 028 192 048
0061 135 020 156 059 152 026 192 046
0062 134 019 155 055 155 029 193 046
0063 134 018 155 056 156 029 192 045
0064 133 020 154 057 148 028 192 049
0065 129 026 150 065 159 042 195 061
0066 126 035 146 076 166 062 201 083
0067 170 080 208 099 123 043 142 086
0068 179 120 217 145 118 073 138 108
0069 194 150 218 179 113 100 134 130
0070 195 162 217 192 115 120 136 145
0071 114 153 139 177 196 169 214 206
0072 114 169 136 200 196 172 213 207
0073 196 172 213 206 117 178 138 215
0074 195 172 213 207 119 188 138 216
0075 119 179 138 213 195 170 213 206
0076 193 170 212 208 120 179 140 213
0077 190 172 211 210 119 181 139 214
