0000 105 206 130 239 202 207 228 237
0001 103 189 127 235 201 207 227 236
0002 092 144 122 187 201 207 227 237
0003 090 085 120 128 203 208 229 236
0004 085 048 117 099 201 209 228 239
0005 060 031 105 082 201 211 229 239
0006 042 051 095 106 200 211 228 239
0007 030 086 089 138 199 211 228 239
0008 033 102 090 151 199 212 228 239
0009 037 117 092 165 200 211 229 239
0010 034 124 094 168 201 213 230 239
0011 039 127 091 176 205 213 232 238
0012 206 213 234 238 043 134 097 182
0013 206 213 234 239 046 133 099 183
0014 205 212 233 238 049 137 097 186
0015 205 212 233 238 049 139 096 187
0016 201 214 231 239 049 137 097 187
0017 202 214 231 238 050 138 096 187
0018 202 214 231 239 045 138 097 187
0019 202 214 231 239 045 136 096 187
0020 201 213 231 238 047 134 094 184
0021 065 147 099 188 201 211 231 238
0022 078 157 113 206 201 209 229 237
0023 202 209 228 236 098 186 120 233
0024 099 194 124 235 204 206 231 239
0025 203 207 229 236 100 205 129 237
0026 204 205 231 239 108 211 131 239
0027 203 209 229 237 114 210 137 239
0028 200 207 232 238 114 210 137 239
0029 201 208 229 236 112 207 136 238
