0008 173 210 214 238 000 000 000 000
0009 194 121 235 216 000 000 000 000
0010 180 105 242 176 000 000 000 000
0011 159 103 245 170 000 000 000 000
0012 141 103 224 161 000 000 000 000
0013 128 107 218 157 000 000 000 000
0014 129 092 216 152 000 000 000 000
0015 121 097 208 147 000 000 000 000
0016 113 092 197 148 000 000 000 000
0017 125 083 193 150 000 000 000 000
0018 125 080 191 149 000 000 000 000
0019 145 076 195 149 000 000 000 000
0020 156 063 214 140 000 000 000 000
0021 174 069 255 135 182 158 223 234
0022 180 080 264 138 175 163 222 230
0023 180 078 268 144 170 160 221 233
0024 173 071 262 137 173 164 224 234
0025 176 066 221 144 000 000 000 000
0026 125 092 215 144 000 000 000 000
0027 134 083 201 137 113 114 177 149
0028 130 087 196 146 000 000 000 000
0029 111 104 201 150 000 000 000 000
0030 116 099 201 146 000 000 000 000
0031 150 075 212 151 000 000 000 000
0032 157 082 236 156 176 159 224 235
0033 171 162 222 231 164 092 234 163
0034 175 159 223 235 163 094 246 160
0035 162 095 245 165 175 161 224 234
0036 164 101 235 181 174 164 223 236
0037 164 107 227 181 173 176 221 237
0038 157 115 214 204 000 000 000 000
0039 130 170 190 238 000 000 000 000
