0000 109 216 133 239 000 000 000 000
0001 107 219 130 237 000 000 000 000
0002 107 217 131 239 000 000 000 000
0003 229 206 258 237 106 219 130 237
0004 248 150 290 178 107 219 132 239
0005 254 080 299 121 107 220 132 239
0006 254 057 294 102 106 221 132 239
0007 254 050 296 097 107 221 132 239
0008 257 053 302 098 105 220 131 239
0009 259 048 304 092 105 220 129 239
0010 240 025 280 073 104 221 128 239
0011 195 010 233 068 100 216 131 239
0012 150 039 200 079 104 220 130 239
0013 147 058 193 094 106 221 132 239
0014 144 066 192 101 109 218 132 237
0015 146 056 194 096 106 220 129 239
0016 168 030 210 076 104 219 128 239
0017 199 012 238 063 103 218 127 239
0018 237 026 275 071 102 219 127 239
0019 264 050 304 096 102 219 127 239
0020 272 067 313 109 101 220 126 239
0021 280 080 316 117 100 220 126 239
0022 278 084 319 125 100 215 124 239
0023 283 080 319 125 099 219 125 239
0024 277 083 319 126 100 220 125 238
0025 276 086 319 129 102 219 126 239
0026 277 107 318 145 103 219 127 239
0027 105 220 129 239 267 156 315 187
0028 246 206 277 239 105 221 131 239
0029 107 221 133 239 218 220 245 237
0030 105 217 131 239 204 223 228 239
0031 105 218 130 239 207 223 232 239
