0001 135 185 175 224 000 000 000 000
0002 129 154 167 200 000 000 000 000
0003 121 093 164 149 000 000 000 000
0004 116 065 160 124 000 000 000 000
0005 111 062 159 120 000 000 000 000
0006 110 058 157 117 000 000 000 000
0007 109 057 158 115 000 000 000 000
0008 116 050 159 113 000 000 000 000
0009 115 048 157 115 000 000 000 000
0010 112 052 162 115 000 000 000 000
0011 113 062 162 122 000 000 000 000
0012 115 085 158 147 000 000 000 000
0013 118 126 164 177 000 000 000 000
0014 125 182 161 218 000 000 000 000
0015 139 210 176 236 000 000 000 000
