0000 196 205 233 238 128 212 169 238
0001 196 205 233 238 128 212 170 238
0002 196 205 234 238 129 212 170 238
0003 195 204 234 238 129 211 169 239
0004 195 205 234 238 124 208 168 237
0005 103 191 134 230 196 206 234 237
0006 071 146 117 203 197 205 235 237
0007 058 115 106 176 197 206 235 237
0008 048 078 089 146 196 206 233 238
0009 048 066 087 135 196 205 233 238
0010 050 058 089 132 196 205 233 238
0011 055 061 092 129 195 205 233 238
0012 056 061 095 128 195 206 235 238
0013 056 058 097 131 195 206 235 238
0014 055 058 095 131 195 206 235 238
0015 055 059 095 131 195 206 235 238
0016 055 060 095 130 195 205 235 238
0017 055 060 094 131 195 206 235 238
0018 055 060 095 131 195 206 235 238
0019 054 060 095 132 195 205 235 238
0020 054 060 094 132 196 208 233 238
0021 054 062 096 132 196 206 235 238
0022 056 064 096 132 191 203 233 239
0023 054 064 093 138 196 206 234 238
0024 056 075 096 137 196 206 236 238
0025 079 109 112 165 196 207 236 238
0026 196 206 236 238 094 149 129 187
0027 107 178 150 219 196 205 236 238
0028 114 197 158 238 196 207 236 237
0029 195 206 237 237 115 215 155 239
0030 195 204 237 237 114 214 155 239
0031 196 204 236 238 114 215 153 239
0032 195 205 235 238 115 215 152 239
0033 195 206 236 237 115 215 155 239
0034 196 206 237 236 115 215 155 239
0035 195 205 236 237 115 215 155 239
