0000 205 184 241 219 131 218 165 239
0001 227 183 270 227 131 219 165 239
0002 250 188 296 234 131 218 165 239
0003 264 195 313 235 131 218 165 239
0004 273 197 315 234 131 217 166 239
0005 270 198 316 235 131 217 166 239
0006 271 192 319 239 133 215 167 239
0007 263 190 318 235 132 214 169 239
0008 254 182 316 223 135 207 180 239
0009 139 191 195 229 240 172 282 214
0010 205 152 248 205 138 172 193 203
0011 184 151 234 203 144 152 199 185
0012 154 137 225 183 157 127 206 158
0013 156 116 210 162 000 000 000 000
0014 153 106 208 148 000 000 000 000
0015 150 093 204 137 000 000 000 000
0016 156 084 199 132 000 000 000 000
0017 150 087 200 130 000 000 000 000
0018 154 085 191 130 000 000 000 000
0019 155 086 186 131 000 000 000 000
0020 155 080 187 125 000 000 000 000
0021 155 080 188 127 000 000 000 000
0022 155 082 187 128 000 000 000 000
0023 156 081 194 126 000 000 000 000
0024 155 078 187 125 000 000 000 000
0025 156 080 187 129 000 000 000 000
0026 155 081 186 129 000 000 000 000
0027 149 087 186 132 000 000 000 000
0028 157 106 194 153 000 000 000 000
0029 148 142 204 189 000 000 000 000
0030 182 185 230 225 132 187 184 219
0031 128 205 187 237 196 205 234 236
0032 199 220 232 239 135 215 174 239
0033 127 223 161 239 000 000 000 000
