0000 108 186 131 222 182 186 205 223
0001 108 187 131 222 182 187 205 223
0002 108 186 131 222 182 187 205 223
0003 108 186 131 222 182 186 205 223
0004 184 186 208 222 104 183 128 220
0005 094 178 119 210 194 180 221 218
0006 077 147 103 177 211 141 245 174
0007 213 106 251 129 069 109 094 133
0008 206 072 240 100 072 074 101 101
0009 203 061 237 096 070 065 109 099
0010 073 108 098 132 194 121 227 145
0011 082 150 112 182 191 171 223 199
0012 189 170 216 203 091 160 121 190
0013 190 151 218 177 088 148 114 179
0014 196 084 234 115 077 102 102 126
0015 198 046 232 093 082 061 116 097
0016 196 054 234 100 082 060 116 099
0017 076 110 110 143 194 117 227 147
0018 190 145 222 176 088 146 112 175
0019 098 155 124 187 186 162 215 195
0020 189 146 225 174 098 144 123 171
0021 195 088 231 118 090 093 114 127
0022 192 047 225 095 091 066 120 099
0023 193 062 226 103 092 072 119 103
0024 091 112 117 142 188 108 224 139
0025 095 143 122 173 192 156 221 185
0026 096 155 125 186 191 168 223 202
0027 191 174 223 211 097 164 126 198
0028 101 175 127 206 188 181 215 224
0029 186 185 210 224 104 182 128 216
0030 184 189 210 226 104 185 128 222
0031 106 187 129 224 182 191 207 226
0032 107 187 130 226 184 189 208 225
0033 107 190 128 223 186 193 206 222
0034 107 187 130 225 184 189 208 225
0035 107 187 129 225 184 190 208 226
0036 106 188 130 223 183 189 206 225
0037 106 188 129 222 183 189 206 225
