0000 110 165 127 185 164 164 182 188
0001 110 164 127 185 164 165 183 185
0002 111 164 127 187 163 164 183 184
0003 110 164 126 184 163 164 183 184
0004 164 163 182 188 109 162 125 184
0005 166 150 189 178 109 151 125 173
0006 175 134 196 158 095 131 116 154
0007 188 115 215 137 071 110 094 132
0008 057 088 079 114 208 094 227 119
0009 037 075 064 102 219 085 244 108
0010 229 087 255 108 027 078 060 104
0011 031 081 060 104 230 091 263 110
0012 030 082 058 103 228 091 264 112
0013 031 081 059 103 228 091 264 113
0014 028 077 057 100 229 090 263 110
0015 027 075 058 095 228 087 256 107
0016 030 062 063 086 226 074 251 095
0017 034 051 067 073 215 057 248 080
0018 043 039 074 059 210 047 237 068
0019 058 023 088 046 198 030 225 049
0020 069 017 100 038 198 014 228 040
0021 065 016 096 039 195 015 224 042
0022 067 016 096 039 194 014 222 041
0023 066 013 098 038 196 015 225 042
0024 066 016 094 043 196 017 220 050
0025 192 034 214 060 074 027 098 053
0026 077 032 097 058 189 043 209 074
0027 079 047 099 080 186 062 210 092
0028 082 076 105 103 185 091 207 115
0029 083 105 105 128 000 000 000 000
0030 091 131 113 154 000 000 000 000
0031 172 153 195 178 104 146 123 167
0032 166 157 187 184 103 156 123 184
0033 164 159 182 188 106 161 124 186
0034 108 161 125 186 161 160 180 189
0035 107 158 126 188 162 161 181 184
0036 110 162 125 187 161 160 179 188
0037 109 161 125 187 162 161 182 184
