0000 117 202 141 235 194 205 212 235
0001 118 201 138 233 193 202 212 235
0002 192 202 212 234 119 201 139 234
0003 177 187 202 225 119 198 138 232
0004 149 148 193 183 126 182 149 214
0005 137 115 177 139 131 150 169 184
0006 134 107 180 148 132 096 173 120
0007 132 095 179 129 160 100 189 124
0008 132 093 168 126 159 087 194 117
0009 132 090 167 128 167 088 197 111
0010 133 089 169 126 166 084 195 112
0011 132 088 170 126 163 086 195 112
0012 134 087 176 126 163 086 196 113
0013 135 091 174 126 166 087 196 115
0014 137 100 183 134 000 000 000 000
0015 136 121 182 166 000 000 000 000
0016 159 144 193 177 128 162 156 195
0017 171 172 199 207 123 176 146 212
0018 188 197 212 235 122 185 139 220
0019 185 201 213 236 122 193 139 222
0020 185 193 210 230 119 192 138 226
