0000 114 208 140 238 200 210 228 239
0001 202 211 228 239 114 207 141 238
0002 202 212 229 239 116 208 138 237
0003 202 210 230 238 115 206 138 239
0004 206 206 233 238 112 205 138 239
0005 209 197 235 234 104 189 125 231
0006 211 176 239 214 086 161 114 206
0007 211 149 239 188 081 142 106 176
0008 200 111 231 145 079 100 108 138
0009 191 078 224 121 076 078 108 123
0010 172 063 210 109 068 085 103 128
0011 145 078 191 125 056 102 094 150
0012 126 112 175 154 052 137 093 176
0013 122 132 174 173 054 159 093 198
0014 062 164 098 205 115 147 172 190
0015 121 156 170 199 061 169 099 210
0016 066 169 098 212 126 165 172 203
0017 066 169 097 211 125 165 173 205
0018 065 169 098 211 128 166 174 204
0019 065 169 098 210 129 164 178 204
0020 130 165 179 208 065 169 098 212
0021 131 168 178 209 063 173 104 215
0022 130 169 177 211 065 175 104 217
0023 131 170 177 211 066 174 103 217
0024 066 173 104 218 131 171 177 211
0025 131 170 177 211 067 169 100 217
0026 130 171 178 212 063 169 102 215
0027 130 171 176 211 064 170 104 218
0028 131 170 176 210 069 169 102 213
0029 132 171 178 211 070 169 103 213
0030 134 173 179 217 070 169 109 210
0031 140 176 184 219 071 170 110 216
0032 153 177 195 218 079 167 109 210
0033 167 184 208 224 093 171 119 217
0034 182 196 222 235 099 180 123 223
0035 198 201 231 238 104 193 127 231
0036 202 204 232 239 109 201 136 237
0037 206 208 234 239 113 207 136 237
0038 206 210 235 239 118 211 137 239
0039 205 212 234 239 114 207 139 237
0040 201 212 232 239 115 209 138 238
0041 200 214 230 239 116 209 140 238
0042 199 213 230 239 114 210 138 238
0043 200 214 230 239 114 210 136 238
