0006 210 209 266 236 000 000 000 000
0007 201 174 261 234 000 000 000 000
0008 194 146 249 213 000 000 000 000
0009 182 134 233 205 000 000 000 000
0010 178 124 226 204 000 000 000 000
0011 175 118 219 196 000 000 000 000
0012 169 112 214 196 000 000 000 000
0013 166 109 210 191 000 000 000 000
0014 167 106 208 189 000 000 000 000
0015 163 110 208 193 000 000 000 000
0016 163 110 208 193 000 000 000 000
0017 163 111 207 193 000 000 000 000
0018 163 111 207 192 000 000 000 000
0019 169 108 208 187 000 000 000 000
0020 168 107 208 187 000 000 000 000
0021 168 107 208 187 000 000 000 000
0022 168 107 208 187 000 000 000 000
0023 169 106 208 186 000 000 000 000
0024 169 105 208 186 000 000 000 000
0025 169 107 209 188 000 000 000 000
0026 169 106 209 188 000 000 000 000
0027 166 109 209 190 000 000 000 000
0028 174 113 216 192 000 000 000 000
0029 181 118 225 195 000 000 000 000
0030 204 157 258 221 000 000 000 000
0031 212 192 265 237 000 000 000 000
