0001 099 211 150 238 000 000 000 000
0002 119 166 166 218 000 000 000 000
0003 135 105 179 159 000 000 000 000
0004 140 060 188 122 000 000 000 000
0005 143 039 191 103 000 000 000 000
0006 144 033 188 098 000 000 000 000
0007 140 026 189 088 000 000 000 000
0008 139 026 188 088 000 000 000 000
0009 136 026 187 089 000 000 000 000
0010 136 029 187 092 000 000 000 000
0011 136 030 187 093 000 000 000 000
0012 138 030 186 094 000 000 000 000
0013 137 038 185 100 000 000 000 000
0014 128 073 173 130 000 000 000 000
0015 109 123 160 177 000 000 000 000
0016 091 192 133 237 000 000 000 000
0017 102 218 140 238 000 000 000 000
0020 108 224 142 239 000 000 000 000
