0000 117 207 155 236 037 209 069 237
0001 117 208 154 239 038 208 070 237
0002 037 213 071 239 118 209 154 236
0003 037 213 071 239 118 209 154 236
0004 118 209 154 237 038 208 070 236
0005 117 201 157 236 037 213 071 239
0006 122 186 158 230 038 213 071 239
0007 124 168 162 209 040 207 071 235
0008 119 141 161 178 040 207 070 235
0009 117 119 159 157 040 207 070 235
0010 113 105 155 146 040 207 070 236
0011 114 092 152 138 040 207 070 236
0012 114 083 151 136 040 207 070 236
0013 114 072 148 131 040 207 070 236
0014 039 207 069 236 114 069 148 127
0015 039 207 069 235 113 066 144 124
0016 115 065 148 123 039 207 069 235
0017 115 064 150 125 039 207 069 235
0018 115 064 150 126 039 207 070 235
0019 115 063 152 125 039 207 070 236
0020 116 065 152 127 039 207 070 236
0021 117 066 153 124 039 207 069 235
0022 117 065 153 125 039 207 070 236
0023 117 068 153 125 039 207 070 236
0024 117 065 151 126 039 206 069 236
0025 039 206 070 235 113 067 148 122
0026 119 066 151 123 039 206 070 236
0027 117 066 151 123 039 206 070 236
0028 118 067 152 125 039 206 070 236
0029 039 206 070 236 120 066 152 126
0030 039 206 070 236 119 075 155 135
0031 119 084 158 145 039 206 070 236
0032 115 101 162 152 039 207 070 236
0033 114 124 163 169 040 207 070 236
0034 109 139 166 180 040 208 071 236
0035 118 163 163 203 040 208 071 236
0036 121 176 161 219 040 208 071 236
0037 115 188 159 229 040 207 071 236
0038 114 197 157 236 040 207 071 235
0039 113 208 154 236 040 207 070 235
0040 040 207 070 235 113 208 155 238
0041 113 209 154 239 040 207 070 236
0042 040 207 070 235 113 209 154 239
0043 111 210 153 239 040 207 070 235
0044 112 211 153 239 041 207 070 235
0045 112 211 153 239 042 207 071 235
0046 113 210 154 239 041 207 071 235
