0000 118 201 139 231 196 201 216 235
0001 198 194 220 231 118 199 139 231
0002 116 198 137 230 205 153 229 182
0003 116 196 138 228 207 091 235 128
0004 205 049 237 085 115 195 138 228
0005 202 037 238 072 116 196 138 228
0006 200 036 237 070 116 195 138 228
0007 200 036 238 072 116 194 138 227
0008 207 056 238 097 115 195 137 228
0009 209 067 239 112 114 196 137 228
0010 116 198 138 231 209 138 235 170
0011 115 195 138 227 208 188 231 222
0012 204 205 226 238 116 194 139 227
0013 116 195 139 228 203 210 220 237
