0009 148 198 190 237 000 000 000 000
0010 128 157 180 191 000 000 000 000
0011 105 114 164 148 000 000 000 000
0012 110 098 167 134 000 000 000 000
0013 141 100 186 134 000 000 000 000
0014 163 119 202 149 000 000 000 000
0015 161 123 198 160 000 000 000 000
0016 138 123 184 165 000 000 000 000
0017 109 125 166 157 000 000 000 000
0018 104 116 162 142 000 000 000 000
0019 129 119 176 145 000 000 000 000
0020 144 128 185 172 000 000 000 000
0021 127 128 184 171 000 000 000 000
0022 128 097 184 133 000 000 000 000
0023 146 060 193 114 000 000 000 000
0024 178 043 205 099 000 000 000 000
0025 182 050 206 091 000 000 000 000
0026 179 053 206 090 000 000 000 000
0027 179 039 203 089 000 000 000 000
0028 173 033 199 099 000 000 000 000
0029 137 121 180 190 153 063 188 115
0030 129 202 183 239 000 000 000 000
0031 134 203 184 239 000 000 000 000
0032 131 202 182 239 000 000 000 000
0033 136 201 184 239 000 000 000 000
0034 138 202 186 239 000 000 000 000
0035 140 203 188 239 000 000 000 000
0036 140 208 191 239 000 000 000 000
0037 153 222 193 239 000 000 000 000
