0000 068 154 115 204 157 159 204 203
0001 068 154 114 204 158 160 203 202
0002 068 154 114 203 159 159 205 202
0003 068 154 115 203 159 159 205 202
0004 070 155 114 204 159 160 204 204
0005 069 154 114 204 159 160 204 204
0006 066 155 114 204 158 160 204 204
0007 069 155 116 204 158 157 204 203
0008 066 150 112 202 156 144 207 192
0009 157 119 205 162 070 140 117 192
0010 085 128 129 162 145 093 190 131
0011 095 105 140 146 136 065 186 098
0012 114 084 144 135 112 054 196 084
0013 113 048 184 077 121 082 151 132
0014 110 048 181 075 128 081 157 131
0015 105 048 175 076 129 085 158 137
0016 103 051 172 081 131 081 159 137
0017 103 054 176 083 132 083 157 143
0018 106 055 178 085 132 082 158 142
0019 107 055 178 085 130 081 159 143
0020 107 054 176 085 131 084 159 141
0021 107 054 176 085 131 084 159 144
0022 108 054 177 084 132 081 160 140
0023 110 054 176 083 137 081 162 140
0024 110 055 177 082 137 081 161 142
0025 110 055 176 082 137 082 161 140
0026 109 054 178 082 136 082 160 141
0027 109 054 177 081 137 082 160 139
0028 109 054 176 081 132 083 160 141
0029 110 054 177 081 131 079 160 140
0030 110 053 177 080 135 078 161 135
0031 109 052 178 080 131 080 159 141
0032 109 052 178 080 135 080 160 133
0033 109 052 178 080 135 079 161 140
0034 109 052 177 079 134 078 160 136
0035 110 052 176 079 134 078 160 135
0036 111 052 175 081 133 083 159 141
0037 111 052 178 081 134 079 161 137
0038 112 052 178 082 134 079 161 137
0039 111 052 177 082 134 081 160 135
0040 125 055 179 086 128 082 164 138
0041 134 064 184 099 128 096 168 139
0042 136 076 190 104 132 103 167 143
0043 142 091 193 123 107 118 152 152
0044 140 108 189 145 111 128 146 159
0045 141 131 192 171 095 136 136 169
0046 142 140 190 181 092 146 135 179
0047 094 148 138 184 142 150 191 188
0048 094 150 137 185 138 151 185 189
0049 095 150 135 185 138 151 183 189
0050 095 150 136 185 139 151 187 188
0051 096 151 137 190 139 151 187 188
0052 098 150 136 185 142 149 204 190
0053 097 151 136 185 144 149 196 191
0054 140 145 199 190 098 150 136 185
0055 092 148 138 189 144 149 197 191
