0000 237 208 277 236 154 208 192 239
0001 237 206 278 236 154 207 193 239
0002 237 204 279 236 153 203 193 239
0003 150 194 186 237 236 199 281 237
0004 237 195 282 236 146 182 183 235
0005 232 177 276 218 142 158 180 213
0006 139 144 179 190 216 158 266 197
0007 139 131 180 176 202 146 254 183
0008 136 123 180 168 188 136 243 173
0009 133 117 173 164 178 139 232 173
0010 129 116 170 163 167 138 228 174
0011 127 115 167 163 169 134 228 170
0012 124 114 163 166 165 134 231 172
0013 122 113 157 167 165 132 229 173
0014 113 113 154 168 171 134 233 178
0015 180 131 234 180 111 110 148 174
0016 116 113 152 174 185 129 236 179
0017 120 110 155 172 186 127 233 177
0018 126 106 162 169 185 127 227 183
0019 131 104 163 163 183 124 227 172
0020 136 102 169 158 180 121 225 172
0021 181 113 222 162 140 102 177 154
0022 138 102 177 152 173 116 225 159
0023 170 115 224 158 138 101 175 150
0024 140 101 178 153 169 113 231 156
0025 140 105 179 153 172 116 231 159
0026 138 109 179 158 175 120 230 161
0027 138 130 180 179 178 132 237 166
0028 140 145 182 197 179 133 247 166
0029 144 177 183 239 185 124 254 157
0030 146 197 182 238 182 109 257 148
0031 178 095 248 130 147 208 180 239
0032 186 089 241 128 146 211 180 239
0033 183 093 234 130 144 209 183 237
0034 172 107 234 143 144 210 184 237
0035 166 111 226 148 144 210 183 237
0036 149 127 218 158 145 211 184 237
0037 148 128 215 162 145 211 185 238
0038 142 111 201 161 145 211 184 238
0039 144 106 197 155 144 211 184 237
0040 145 096 196 142 148 209 180 235
0041 136 083 190 136 144 211 184 237
0042 133 074 185 126 144 211 185 238
0043 135 086 186 120 144 212 184 238
0044 135 088 182 120 148 208 180 234
0045 145 211 185 238 140 107 184 136
0046 145 211 184 237 142 120 185 160
0047 145 211 184 237 141 132 181 189
0048 130 143 181 183 145 212 184 237
0049 145 212 184 237 123 138 179 167
0050 115 132 176 164 145 212 184 237
0051 143 211 185 237 121 103 169 145
0052 122 072 170 132 144 211 182 237
0053 134 050 175 121 144 212 182 237
0054 127 049 169 105 147 210 181 235
0055 125 064 177 103 144 212 182 237
0056 130 075 181 109 145 212 183 237
0057 139 087 190 121 145 211 182 237
0058 139 111 187 150 144 212 182 237
0059 142 120 187 172 145 212 182 237
0060 138 131 190 172 145 212 182 237
0061 123 141 187 171 145 212 184 237
0062 128 140 196 167 146 211 182 237
0063 127 134 196 165 145 211 184 237
0064 132 135 204 169 146 215 187 239
0065 142 138 211 171 145 211 184 237
0066 155 140 221 175 146 212 182 237
0067 193 151 254 189 144 211 184 237
0068 215 153 269 193 144 211 184 237
0069 251 173 294 214 146 211 183 237
0070 270 193 311 236 145 212 182 237
0071 271 209 308 238 149 210 188 239
0072 147 214 184 237 270 213 303 239
0073 148 215 181 239 000 000 000 000
0074 146 213 182 237 000 000 000 000
0075 145 214 182 237 000 000 000 000
0076 146 214 184 237 000 000 000 000
0077 146 214 183 237 000 000 000 000
