0000 118 208 157 239 197 207 241 237
0001 118 208 157 239 195 208 239 239
0002 195 208 239 239 117 208 157 239
0003 195 208 239 239 118 208 156 239
0004 197 208 241 237 116 207 155 239
0005 195 208 239 239 108 202 140 238
0006 088 184 122 222 197 208 241 237
0007 057 131 105 182 197 208 240 237
0008 050 092 099 152 197 208 239 237
0009 054 078 094 141 197 208 240 237
0010 053 072 094 137 197 208 240 237
0011 056 070 094 136 197 208 240 237
0012 058 067 096 137 197 209 241 237
0013 054 072 101 134 197 209 241 237
0014 059 069 100 138 197 209 241 237
0015 059 070 102 139 197 205 240 236
0016 059 067 101 138 198 206 240 236
0017 060 069 101 138 196 206 238 239
0018 060 068 101 138 196 208 236 239
0019 060 068 101 137 196 208 236 239
0020 057 069 096 133 196 206 238 239
0021 061 074 101 138 199 205 240 236
0022 082 092 117 156 196 206 238 239
0023 196 206 238 239 103 137 134 178
0024 119 182 158 219 199 207 241 237
0025 123 205 163 237 199 206 241 236
0026 126 208 166 238 198 209 241 236
0027 197 209 241 237 125 210 166 239
0028 125 210 166 239 197 207 239 239
0029 126 207 166 239 197 209 240 237
0030 196 209 241 237 125 210 165 239
0031 197 209 241 237 125 209 166 239
0032 197 209 240 236 125 209 165 239
