0001 072 189 142 236 164 193 205 237
0002 076 157 146 209 158 163 203 208
0003 141 122 194 163 085 129 152 167
0004 141 112 191 153 089 109 149 147
0005 140 106 192 150 088 109 149 148
0006 143 107 196 149 088 112 152 149
0007 148 112 198 150 084 113 148 145
0008 171 112 220 147 075 116 138 153
0009 059 119 115 156 194 113 249 146
0010 049 118 101 157 196 111 258 139
0011 065 117 123 153 176 113 224 143
0012 077 115 151 155 155 108 209 143
0013 080 109 146 151 156 107 208 144
0014 169 114 219 145 072 119 135 156
0015 060 133 114 164 192 119 246 148
0016 057 131 113 166 194 120 250 154
0017 066 133 122 165 191 118 241 149
0018 183 112 226 153 084 136 150 171
0019 172 102 216 139 098 144 175 182
0020 160 093 209 133 113 152 192 188
0021 123 153 198 189 151 081 202 123
0022 122 153 200 189 151 079 202 122
0023 124 152 202 184 145 085 197 126
0024 142 107 192 148 123 147 199 179
0025 120 154 201 184 138 132 193 165
0026 123 151 202 185 144 119 197 155
0027 123 155 200 189 150 093 202 137
0028 153 081 204 132 126 155 198 188
0029 124 156 200 188 150 098 199 143
0030 134 142 196 183 000 000 000 000
0031 132 141 197 182 000 000 000 000
0032 132 147 200 183 000 000 000 000
0033 119 164 196 200 135 144 196 182
0034 110 177 189 222 143 154 196 199
0035 096 201 175 239 151 172 198 220
0036 153 203 195 237 000 000 000 000
