0000 120 222 143 239 000 000 000 000
0001 121 222 144 239 000 000 000 000
0002 121 222 145 239 000 000 000 000
0003 122 221 144 238 000 000 000 000
0004 100 212 122 235 000 000 000 000
0005 064 190 092 221 000 000 000 000
0006 036 161 073 187 000 000 000 000
0007 022 138 060 165 000 000 000 000
0008 023 125 060 149 000 000 000 000
0009 020 121 059 144 000 000 000 000
0010 019 120 059 146 000 000 000 000
0011 020 119 059 144 206 217 234 239
0012 020 119 059 145 186 174 217 201
0013 019 118 060 146 177 153 212 179
0014 019 119 060 146 176 136 213 164
0015 019 118 056 145 198 127 232 163
0016 018 118 055 145 218 160 251 200
0017 020 118 056 146 254 176 289 209
0018 018 116 057 147 267 128 303 159
0019 240 104 277 140 014 118 057 144
0020 015 120 054 146 210 130 253 167
0021 016 122 055 147 157 166 198 203
0022 017 121 055 147 142 151 183 180
0023 018 120 056 145 144 116 182 144
0024 017 118 055 146 171 115 202 150
0025 193 168 226 203 015 117 054 144
0026 231 190 271 230 016 118 055 144
0027 015 118 055 144 268 168 308 198
0028 015 118 055 145 258 119 299 153
0029 015 120 055 147 224 110 255 149
0030 015 121 056 148 189 144 225 176
0031 156 161 199 196 016 121 054 147
0032 020 124 061 151 131 160 179 185
0033 023 135 063 160 133 163 179 190
0034 147 179 189 214 035 157 072 182
0035 166 206 202 237 059 182 089 215
0036 087 206 112 237 192 222 223 239
0037 109 221 135 239 000 000 000 000
