0008 135 215 168 239 000 000 000 000
0009 142 198 174 239 000 000 000 000
0010 141 182 187 234 000 000 000 000
0011 143 168 188 227 000 000 000 000
0012 145 151 185 219 000 000 000 000
0013 144 137 184 208 000 000 000 000
0014 146 121 183 193 000 000 000 000
0015 147 110 183 182 000 000 000 000
0016 147 106 182 182 000 000 000 000
0017 149 102 184 173 000 000 000 000
0018 151 100 186 173 000 000 000 000
0019 149 097 188 174 000 000 000 000
0020 151 099 188 175 000 000 000 000
0021 150 099 189 175 000 000 000 000
0022 150 099 189 176 000 000 000 000
0023 150 099 189 175 000 000 000 000
0024 151 099 190 176 000 000 000 000
0025 151 100 190 176 000 000 000 000
0026 151 100 189 176 000 000 000 000
0027 152 102 189 176 000 000 000 000
0028 152 099 189 176 000 000 000 000
0029 152 100 190 175 000 000 000 000
0030 152 099 190 175 000 000 000 000
0031 152 100 190 175 000 000 000 000
0032 152 098 190 175 000 000 000 000
0033 151 102 189 181 000 000 000 000
0034 151 118 189 186 000 000 000 000
0035 148 162 180 203 000 000 000 000
0036 132 188 170 234 000 000 000 000
0037 126 205 163 239 000 000 000 000
