0000 110 207 170 237 026 216 074 236
0001 107 201 171 239 023 201 080 238
0002 027 174 082 227 107 173 164 231
0003 047 145 099 203 100 152 156 209
0004 067 123 130 180 102 122 155 188
0005 089 103 145 165 000 000 000 000
0006 112 086 173 148 000 000 000 000
0007 127 080 189 141 076 091 125 129
0008 135 080 194 140 075 087 120 126
0009 137 081 195 139 070 085 114 126
0010 139 080 197 138 000 000 000 000
0011 134 078 194 137 065 083 108 126
0012 138 082 196 140 070 080 118 122
0013 137 082 192 139 076 076 127 117
0014 135 086 190 142 085 069 133 122
0015 132 089 189 147 000 000 000 000
0016 124 094 187 148 118 055 165 105
0017 124 099 180 154 142 048 195 112
0018 158 048 208 113 119 106 181 157
0019 113 117 172 169 167 049 215 112
0020 172 057 223 116 104 124 168 180
0021 098 137 161 191 177 071 223 129
0022 182 099 225 152 077 151 149 204
0023 068 163 131 217 167 139 217 202
0024 059 178 114 232 154 197 208 239
0025 055 190 106 239 157 216 193 239
