0000 143 209 177 237 263 219 293 239
0001 144 208 177 236 263 219 292 239
0002 141 207 177 239 263 219 292 239
0003 140 205 173 235 265 215 292 239
0004 135 203 171 239 264 209 297 237
0005 132 201 172 239 263 205 299 238
0006 130 199 170 239 261 197 293 239
0007 126 193 166 239 247 184 278 235
0008 124 189 161 237 211 172 265 213
0009 118 178 153 239 184 171 247 202
0010 114 170 156 225 174 170 240 197
0011 106 142 145 193 167 162 232 194
0012 101 127 140 175 160 163 228 194
0013 096 107 136 150 156 160 224 192
0014 093 099 133 145 151 158 222 190
0015 090 093 130 144 151 157 218 188
0016 092 091 130 141 152 158 216 186
0017 092 089 130 138 154 159 217 188
0018 155 161 212 192 094 088 130 138
0019 095 093 135 146 151 159 220 190
0020 109 098 144 160 152 160 219 190
0021 154 160 218 189 112 099 153 160
0022 115 102 163 152 151 160 217 190
0023 118 101 160 151 150 160 215 190
0024 151 160 216 189 114 097 150 151
0025 154 160 215 190 114 095 150 155
0026 154 161 213 190 116 094 154 152
0027 121 098 164 147 153 161 215 189
0028 123 095 172 146 154 160 214 188
0029 122 096 164 146 151 160 216 189
0030 118 098 154 157 152 160 214 189
0031 121 095 154 157 152 161 214 190
0032 126 101 167 152 151 160 214 190
0033 126 100 177 151 151 160 215 189
0034 129 098 174 147 152 160 214 189
0035 125 100 163 151 151 160 214 190
0036 123 095 159 156 151 161 215 190
0037 127 099 169 152 156 158 211 190
0038 132 097 173 148 152 161 215 189
0039 125 099 175 152 154 161 217 190
0040 124 099 163 155 155 161 221 191
0041 122 104 164 152 155 161 221 192
0042 122 107 168 154 157 162 221 193
0043 121 113 169 162 157 162 225 194
0044 120 121 161 171 170 165 232 197
0045 119 132 152 175 178 170 237 203
0046 120 145 157 186 210 181 255 222
0047 124 156 162 198 245 185 282 230
0048 264 196 306 237 131 169 167 218
0049 136 181 170 233 267 205 305 239
0050 140 189 174 239 270 216 303 239
0051 140 198 178 235 268 214 298 236
0052 145 209 181 237 000 000 000 000
