0002 046 217 077 237 000 000 000 000
0003 046 217 077 236 000 000 000 000
0004 046 217 077 236 000 000 000 000
0005 046 216 077 236 000 000 000 000
0006 041 218 074 239 000 000 000 000
0007 046 217 077 236 000 000 000 000
0008 143 213 183 236 045 217 077 237
0009 130 220 176 239 000 000 000 000
0010 133 213 178 239 000 000 000 000
0011 130 197 190 233 151 217 195 239
0012 143 171 204 227 000 000 000 000
0013 151 141 219 207 000 000 000 000
0014 155 124 223 193 000 000 000 000
0015 167 096 226 181 000 000 000 000
0016 168 086 232 162 000 000 000 000
0017 170 075 234 156 000 000 000 000
0018 170 073 232 153 000 000 000 000
0019 174 077 238 157 000 000 000 000
0020 174 079 237 158 000 000 000 000
0021 174 079 237 156 000 000 000 000
0022 174 076 238 156 000 000 000 000
0023 175 076 238 157 000 000 000 000
0024 173 076 239 158 000 000 000 000
0025 174 077 238 159 000 000 000 000
0026 175 078 239 159 000 000 000 000
0027 175 079 239 156 000 000 000 000
0028 172 081 238 162 000 000 000 000
0029 173 082 238 164 000 000 000 000
0030 170 089 235 165 000 000 000 000
0031 168 112 224 175 000 000 000 000
0032 160 149 209 200 000 000 000 000
0033 153 190 193 237 000 000 000 000
0034 151 209 183 236 000 000 000 000
