0017 083 222 126 238 000 000 000 000
0018 086 213 143 239 000 000 000 000
0019 086 204 141 239 000 000 000 000
0020 082 191 147 239 000 000 000 000
0021 083 181 147 228 000 000 000 000
0022 083 161 149 208 000 000 000 000
0023 084 145 152 194 000 000 000 000
0024 087 127 151 175 000 000 000 000
0025 085 117 152 166 000 000 000 000
0026 086 112 155 158 000 000 000 000
0027 086 111 152 160 000 000 000 000
0028 091 116 155 164 000 000 000 000
0029 086 125 157 174 000 000 000 000
0030 085 119 154 169 000 000 000 000
0031 084 113 151 165 000 000 000 000
0032 079 103 147 154 000 000 000 000
0033 080 100 145 150 000 000 000 000
0034 080 093 146 145 000 000 000 000
0035 080 089 144 139 000 000 000 000
0036 079 086 146 138 000 000 000 000
0037 080 085 145 137 000 000 000 000
0038 079 089 148 140 000 000 000 000
0039 079 094 147 146 000 000 000 000
0040 085 111 152 159 000 000 000 000
0041 080 149 149 200 000 000 000 000
0042 087 199 140 239 000 000 000 000
