0003 073 221 105 239 000 000 000 000
0004 075 220 107 238 000 000 000 000
0005 075 221 109 239 000 000 000 000
0006 074 215 106 239 000 000 000 000
0007 064 209 101 239 133 220 161 239
0008 113 187 162 226 068 194 104 234
0009 118 127 168 187 057 156 091 194
0010 119 102 170 166 055 126 096 171
0011 126 079 166 148 058 099 095 148
0012 126 069 167 140 056 081 094 131
0013 125 068 166 136 058 082 100 134
0014 061 074 098 122 123 064 165 135
0015 124 061 165 131 059 073 098 122
0016 065 074 099 125 122 067 167 130
0017 125 065 167 135 066 073 103 117
0018 125 065 167 135 062 071 104 122
0019 125 068 168 138 062 071 103 123
0020 124 070 168 140 065 070 105 119
0021 125 070 168 140 065 070 105 119
0022 125 071 168 140 063 070 105 124
0023 120 068 169 135 064 070 105 122
0024 125 068 166 137 064 071 104 126
0025 125 066 166 138 068 070 103 127
0026 121 067 167 137 065 069 105 121
0027 121 068 167 140 064 071 103 125
0028 060 068 099 117 123 069 168 141
0029 061 069 094 124 121 067 167 138
0030 121 067 164 138 057 067 093 124
0031 125 067 166 137 057 066 091 118
0032 125 069 167 136 058 063 093 117
0033 125 066 167 135 060 060 090 114
0034 126 068 167 136 063 062 097 107
0035 121 067 169 136 063 063 099 118
0036 120 079 161 151 060 078 103 134
0037 063 095 105 149 116 103 161 168
0038 107 150 157 209 061 130 103 181
0039 103 204 161 239 063 180 090 220
0040 053 210 086 234 000 000 000 000
