0004 087 206 158 239 000 000 000 000
0005 093 159 159 209 000 000 000 000
0006 105 115 167 168 000 000 000 000
0007 099 077 162 136 000 000 000 000
0008 100 053 163 108 000 000 000 000
0009 109 033 171 098 000 000 000 000
0010 109 030 172 095 000 000 000 000
0011 109 029 171 093 000 000 000 000
0012 111 030 169 094 000 000 000 000
0013 109 030 171 096 000 000 000 000
0014 109 032 170 097 000 000 000 000
0015 109 031 170 097 000 000 000 000
0016 108 032 170 097 000 000 000 000
0017 108 034 170 098 000 000 000 000
0018 109 038 168 097 000 000 000 000
0019 110 054 163 105 000 000 000 000
0020 114 087 153 145 000 000 000 000
0021 107 117 146 166 000 000 000 000
0022 100 163 151 212 000 000 000 000
0023 088 207 146 239 000 000 000 000
