0000 194 177 231 216 000 000 000 000
0001 195 177 231 216 000 000 000 000
0002 195 177 231 214 000 000 000 000
0003 195 176 232 215 000 000 000 000
0004 193 176 233 215 000 000 000 000
0005 197 175 234 214 000 000 000 000
0006 198 180 231 215 119 212 159 239
0007 119 197 169 238 196 179 231 214
0008 111 169 165 214 196 175 234 214
0009 105 139 159 179 197 176 234 214
0010 108 118 149 153 197 177 231 212
0011 105 082 160 122 197 175 234 216
0012 107 061 161 107 195 176 232 213
0013 109 050 165 096 194 176 232 215
0014 111 051 168 093 194 177 232 215
0015 110 050 167 092 194 177 232 215
0016 109 053 168 095 193 177 232 215
0017 108 052 164 094 194 177 232 215
0018 108 054 163 096 194 177 232 215
0019 107 055 161 095 194 177 232 215
0020 105 055 163 095 193 177 232 215
0021 108 055 162 095 193 176 232 213
0022 108 055 161 097 194 177 232 215
0023 105 054 161 097 193 177 232 215
0024 106 055 161 096 197 175 233 213
0025 105 056 162 097 197 177 232 216
0026 107 064 167 105 195 176 233 216
0027 109 096 169 136 195 176 233 215
0028 113 143 165 194 193 177 233 216
0029 124 182 166 236 193 175 233 215
0030 193 176 233 213 127 211 162 239
0031 192 176 233 214 128 222 161 239
0032 194 176 232 213 000 000 000 000
0033 195 177 231 215 000 000 000 000
0034 194 176 231 216 000 000 000 000
0035 193 177 231 216 000 000 000 000
