0001 157 171 206 223 000 000 000 000
0002 157 133 196 183 000 000 000 000
0003 157 117 198 166 000 000 000 000
0004 154 114 186 157 000 000 000 000
0005 146 116 180 155 000 000 000 000
0006 141 119 177 164 000 000 000 000
0007 136 122 175 167 000 000 000 000
0008 132 123 171 171 000 000 000 000
0009 130 123 171 172 000 000 000 000
0010 129 126 166 176 000 000 000 000
0011 130 129 167 178 000 000 000 000
0012 128 136 163 187 000 000 000 000
0013 127 154 170 204 000 000 000 000
0014 122 210 169 239 000 000 000 000
