0000 199 197 238 236 000 000 000 000
0001 199 197 238 236 000 000 000 000
0002 198 196 239 236 000 000 000 000
0003 197 195 240 236 000 000 000 000
0004 200 193 241 237 000 000 000 000
0005 203 189 244 236 000 000 000 000
0006 207 183 249 232 000 000 000 000
0007 211 177 251 221 136 208 172 239
0008 138 198 179 238 209 167 249 217
0009 144 179 188 236 208 160 245 214
0010 202 152 238 214 148 156 194 217
0011 151 153 196 210 196 151 235 215
0012 190 148 228 208 151 146 196 207
0013 189 148 225 209 152 144 196 208
0014 154 142 193 209 184 149 226 208
0015 154 141 193 208 189 145 223 211
0016 155 141 193 208 188 146 222 212
0017 153 143 195 208 189 145 223 207
0018 155 141 194 209 188 144 222 207
0019 155 141 194 209 188 145 222 210
0020 155 141 194 208 188 146 222 211
0021 155 140 194 208 188 146 222 210
0022 155 140 194 209 188 146 221 211
0023 155 141 193 208 190 147 220 209
0024 187 145 222 209 154 138 193 209
0025 187 146 221 209 149 142 193 205
0026 188 145 222 209 155 139 193 209
0027 188 144 222 206 154 139 195 211
0028 188 147 226 204 148 144 190 203
0029 142 152 188 205 192 150 235 196
0030 130 173 180 226 198 158 240 197
0031 127 192 173 237 201 172 241 208
0032 128 198 174 239 200 178 239 216
0033 196 187 237 227 130 213 174 239
0034 195 189 235 228 122 220 163 237
0035 196 194 233 234 122 219 160 237
0036 193 194 234 234 124 221 160 238
0037 192 196 232 235 126 222 162 239
0038 192 195 235 235 126 221 168 239
0039 192 196 234 235 125 220 166 239
0040 194 197 234 234 125 221 167 239
0041 192 196 236 239 000 000 000 000
0042 193 195 236 238 000 000 000 000
0043 192 195 236 238 000 000 000 000
0044 193 195 235 238 000 000 000 000
