0000 122 208 154 239 000 000 000 000
0001 122 210 154 239 000 000 000 000
0002 121 210 152 239 000 000 000 000
0003 122 209 154 239 000 000 000 000
0004 127 202 163 238 000 000 000 000
0005 135 185 181 235 000 000 000 000
0006 151 160 201 204 000 000 000 000
0007 170 133 222 170 000 000 000 000
0008 175 096 232 134 000 000 000 000
0009 179 087 234 126 000 000 000 000
0010 180 075 236 113 000 000 000 000
0011 179 074 236 111 000 000 000 000
0012 179 075 237 113 000 000 000 000
0013 179 074 237 113 000 000 000 000
0014 180 074 236 112 000 000 000 000
0015 180 074 236 112 000 000 000 000
0016 181 075 235 112 000 000 000 000
0017 181 078 234 114 000 000 000 000
0018 181 078 234 114 000 000 000 000
0019 181 077 235 113 000 000 000 000
0020 182 078 235 113 000 000 000 000
0021 182 077 236 112 000 000 000 000
0022 180 076 236 112 000 000 000 000
0023 173 076 227 113 000 000 000 000
0024 150 098 192 139 000 000 000 000
0025 135 127 174 166 000 000 000 000
0026 125 167 159 210 000 000 000 000
0027 122 186 158 237 000 000 000 000
0028 117 196 156 238 000 000 000 000
0029 121 209 151 239 000 000 000 000
0030 121 211 154 238 000 000 000 000
0031 119 205 157 239 000 000 000 000
0032 119 204 157 239 000 000 000 000
