0000 129 213 178 239 062 220 117 239
0001 130 212 179 239 067 220 119 239
0002 133 209 182 239 061 216 115 239
0003 069 181 131 229 134 182 183 233
0004 071 148 127 193 136 147 183 196
0005 132 115 182 171 070 118 126 169
0006 081 086 123 140 129 078 179 151
0007 080 074 126 128 135 065 173 142
0008 082 066 126 129 127 058 176 137
0009 125 063 175 140 083 071 129 125
0010 084 070 123 126 125 062 171 134
0011 125 061 174 134 082 069 128 130
0012 132 061 173 137 084 066 129 130
0013 130 080 179 155 081 100 130 144
0014 079 143 130 190 133 118 179 182
0015 124 170 177 229 070 181 130 230
0016 072 204 127 239 124 205 178 239
0017 070 221 117 239 000 000 000 000
0018 063 223 122 239 000 000 000 000
0019 063 223 122 239 000 000 000 000
0020 068 221 116 238 000 000 000 000
0021 068 222 116 238 000 000 000 000
