0000 188 197 209 231 108 210 131 237
0001 188 197 209 231 108 213 131 237
0002 188 195 210 232 108 212 131 237
0003 109 210 131 237 189 182 208 222
0004 109 209 131 237 195 136 215 158
0005 200 090 225 127 107 211 130 239
0006 218 064 242 100 108 212 132 237
0007 240 058 278 098 108 212 132 237
0008 250 067 288 105 106 208 128 235
0009 252 068 289 106 108 212 132 237
0010 252 068 289 106 108 212 133 237
0011 251 068 289 106 108 212 132 237
0012 251 069 289 107 106 208 127 234
0013 244 068 282 105 108 212 132 237
0014 225 072 253 109 108 212 132 237
0015 200 102 224 134 108 212 132 237
0016 188 146 215 173 109 210 132 237
0017 190 176 211 206 109 212 132 236
0018 190 194 208 224 109 212 133 236
0019 190 194 211 229 109 210 131 237
0020 191 194 212 230 109 211 131 237
0021 189 195 210 229 108 213 132 236
0022 188 195 208 230 108 211 131 237
0023 187 195 208 230 108 210 131 237
0024 189 196 209 230 108 212 132 236
0025 189 196 209 230 108 212 131 236
