0000 124 185 166 229 205 207 242 236
0001 122 169 175 210 205 206 242 236
0002 115 128 169 164 205 209 242 237
0003 117 108 172 144 206 207 239 235
0004 116 092 172 132 206 208 239 236
0005 117 088 171 128 206 208 239 236
0006 119 085 171 128 205 209 242 237
0007 118 088 170 130 205 209 241 237
0008 118 092 171 132 205 209 241 237
0009 118 093 171 133 205 209 241 237
0010 117 093 169 133 205 209 241 237
0011 117 091 171 133 205 208 242 237
0012 117 093 170 133 205 208 242 237
0013 117 092 171 133 205 209 242 237
0014 117 091 171 133 205 208 242 237
0015 116 093 171 134 205 208 242 237
0016 118 097 168 133 205 208 242 237
0017 107 110 169 147 205 208 242 237
0018 116 121 167 161 205 208 242 237
0019 114 149 170 188 205 208 242 237
0020 119 174 170 210 206 209 238 236
0021 122 186 175 228 205 208 242 237
0022 127 207 173 238 206 206 239 235
0023 206 209 242 237 122 216 166 239
0024 206 208 241 237 123 214 166 239
0025 206 208 241 237 123 216 167 239
0026 206 208 241 237 123 216 168 239
0027 206 208 241 237 123 216 168 239
0028 206 208 241 237 124 213 168 239
0029 206 208 241 237 123 216 168 239
0030 206 207 243 236 125 215 168 239
0031 207 209 239 236 125 215 168 239
