0000 187 181 211 212 125 181 150 216
0001 146 155 177 183 187 181 209 212
0002 163 106 194 136 186 181 208 212
0003 185 181 208 212 168 104 195 129
0004 186 180 209 212 166 094 191 117
0005 186 180 210 211 169 095 193 120
0006 188 179 209 209 165 093 190 117
0007 189 180 210 210 165 093 190 117
0008 188 180 210 210 165 094 191 118
0009 189 180 210 210 160 092 188 114
0010 189 179 210 210 000 000 000 000
0011 130 093 158 118 189 182 207 209
0012 189 180 211 210 130 095 155 119
0013 189 181 213 213 130 095 155 118
0014 189 181 212 212 130 095 155 121
0015 189 181 210 212 129 095 156 121
0016 186 182 209 213 129 095 156 121
0017 186 181 209 212 130 095 156 121
0018 189 181 210 212 129 094 156 121
0019 189 181 210 212 129 094 156 121
0020 127 095 153 122 189 181 211 213
0021 189 182 210 212 125 107 155 142
0022 187 183 209 213 125 154 146 179
0023 121 175 142 210 188 181 210 212
