0000 127 213 171 237 000 000 000 000
0001 127 213 171 238 000 000 000 000
0002 130 209 172 239 000 000 000 000
0003 136 199 174 236 000 000 000 000
0004 149 188 180 233 092 209 122 239
0005 153 181 194 227 111 194 148 237
0006 159 170 203 217 128 176 171 229
0007 148 156 208 209 000 000 000 000
0008 157 136 218 181 000 000 000 000
0009 159 130 219 168 000 000 000 000
0010 167 113 224 151 000 000 000 000
0011 168 107 223 143 000 000 000 000
0012 162 103 226 134 000 000 000 000
0013 163 102 222 134 000 000 000 000
0014 163 101 218 134 000 000 000 000
0015 159 109 219 140 000 000 000 000
0016 159 112 220 147 000 000 000 000
0017 157 131 205 175 140 137 176 174
0018 137 159 190 210 000 000 000 000
0019 126 183 175 235 000 000 000 000
0020 143 203 171 236 112 209 141 237
0021 141 213 169 238 000 000 000 000
0022 140 213 169 236 000 000 000 000
