0000 187 205 210 238 113 206 134 235
0001 188 205 211 239 113 204 133 238
0002 187 205 210 239 108 206 132 239
0003 091 206 122 236 188 205 212 239
0004 071 195 106 220 188 205 212 238
0005 051 169 091 190 186 206 210 239
0006 042 124 080 163 185 205 210 239
0007 038 090 078 142 184 205 209 239
0008 046 062 083 119 184 205 209 239
0009 064 046 097 100 184 204 209 239
0010 082 043 117 095 183 205 209 239
0011 095 036 131 091 183 205 209 239
0012 105 029 137 083 185 204 210 239
0013 100 028 131 076 187 203 213 239
0014 086 023 116 065 188 205 214 239
0015 074 023 105 068 188 203 214 239
0016 046 026 075 074 189 205 216 239
0017 029 033 060 081 190 205 215 239
0018 025 042 057 092 189 204 215 239
0019 028 045 064 099 189 204 216 239
0020 062 044 100 105 189 205 216 239
0021 093 043 129 103 188 205 215 239
0022 186 207 214 239 116 038 146 094
0023 121 033 152 086 186 207 213 239
0024 186 207 213 239 118 029 144 076
0025 102 026 129 070 187 206 213 239
0026 087 027 116 071 188 208 214 239
0027 070 029 101 073 188 205 217 238
0028 052 033 083 079 190 208 215 239
0029 042 037 075 086 190 207 216 239
0030 041 041 082 092 189 206 215 239
0031 055 045 092 099 188 205 215 239
0032 092 046 127 102 189 208 215 239
0033 107 049 141 100 188 208 215 239
0034 115 044 144 093 187 207 214 239
0035 109 041 138 091 187 208 214 239
0036 097 045 124 090 188 205 215 239
0037 083 041 113 087 189 208 215 239
0038 066 042 097 085 190 208 217 239
0039 056 044 089 089 188 207 214 239
0040 047 051 083 099 189 207 216 239
0041 044 066 086 114 188 207 214 239
0042 046 076 087 121 189 206 216 239
0043 057 092 092 131 188 206 215 239
0044 068 114 097 149 189 206 216 239
0045 078 143 107 174 190 208 215 239
0046 189 208 214 239 090 170 115 208
0047 099 186 122 225 189 208 213 239
0048 189 208 212 239 107 197 128 232
0049 189 208 212 239 113 204 135 238
0050 190 207 214 237 118 204 137 239
