0005 148 223 193 239 000 000 000 000
0006 146 222 191 238 000 000 000 000
0007 145 213 199 237 000 000 000 000
0008 150 198 201 236 000 000 000 000
0009 161 166 212 213 000 000 000 000
0010 169 136 219 181 000 000 000 000
0011 171 103 221 168 000 000 000 000
0012 173 088 223 157 000 000 000 000
0013 173 076 227 149 000 000 000 000
0014 172 076 228 147 000 000 000 000
0015 173 077 228 147 000 000 000 000
0016 171 077 234 146 000 000 000 000
0017 173 077 235 144 000 000 000 000
0018 174 070 235 142 000 000 000 000
0019 175 075 238 144 000 000 000 000
0020 174 070 238 142 000 000 000 000
0021 176 072 239 140 000 000 000 000
0022 177 071 239 139 000 000 000 000
0023 178 071 239 140 000 000 000 000
0024 177 070 241 138 000 000 000 000
0025 178 069 241 143 000 000 000 000
0026 179 079 238 152 000 000 000 000
0027 176 111 228 176 000 000 000 000
0028 177 172 217 219 000 000 000 000
0029 177 208 216 238 000 000 000 000
