0006 140 197 173 239 000 000 000 000
0007 156 144 193 209 000 000 000 000
0008 162 118 201 196 000 000 000 000
0009 171 084 210 164 000 000 000 000
0010 175 068 219 150 000 000 000 000
0011 178 056 219 141 000 000 000 000
0012 180 049 223 132 000 000 000 000
0013 181 043 225 125 000 000 000 000
0014 182 041 225 125 000 000 000 000
0015 181 041 226 124 000 000 000 000
0016 180 041 224 126 000 000 000 000
0017 179 041 223 124 000 000 000 000
0018 179 042 223 127 000 000 000 000
0019 179 041 222 123 000 000 000 000
0020 179 041 222 124 000 000 000 000
0021 178 044 221 128 000 000 000 000
0022 176 057 214 137 000 000 000 000
0023 165 096 203 161 000 000 000 000
0024 144 141 185 199 000 000 000 000
0025 122 207 165 237 000 000 000 000
