0008 300 088 319 124 000 000 000 000
0009 295 086 319 126 000 000 000 000
0010 117 187 177 237 296 087 319 125
0011 149 138 203 199 000 000 000 000
0012 164 096 210 158 000 000 000 000
0013 167 076 209 136 000 000 000 000
0014 164 069 207 122 000 000 000 000
0015 162 067 204 121 000 000 000 000
0016 159 068 202 122 000 000 000 000
0017 160 069 203 123 000 000 000 000
0018 159 069 202 123 000 000 000 000
0019 159 069 202 123 000 000 000 000
0020 159 070 202 123 000 000 000 000
0021 159 069 202 123 000 000 000 000
0022 159 070 201 123 000 000 000 000
0023 159 069 202 122 000 000 000 000
0024 160 070 202 123 000 000 000 000
0025 160 071 203 126 000 000 000 000
0026 160 076 205 133 000 000 000 000
0027 154 098 203 157 000 000 000 000
0028 131 149 189 197 000 000 000 000
0029 110 197 170 239 000 000 000 000
0030 111 223 151 239 000 000 000 000
