0000 105 211 129 237 179 195 200 229
0001 105 211 129 237 179 194 200 229
0002 105 211 129 237 179 194 200 227
0003 105 211 128 237 179 195 200 228
0004 105 211 128 237 179 194 200 228
0005 100 214 129 239 185 189 204 224
0006 105 211 128 237 198 147 222 170
0007 105 211 129 237 193 088 216 122
0008 104 208 127 234 176 067 201 100
0009 101 208 129 236 170 066 197 091
0010 103 207 126 234 188 060 211 090
0011 101 207 131 236 195 053 222 094
0012 100 206 130 236 196 052 222 095
0013 102 207 125 236 197 053 222 095
0014 103 208 125 236 197 056 221 095
0015 103 206 126 236 197 056 221 095
0016 101 206 131 236 197 057 221 095
0017 100 207 130 236 197 056 222 095
0018 101 207 131 236 190 065 214 097
0019 101 206 131 236 182 072 206 106
0020 177 090 203 126 104 209 128 237
0021 103 207 127 234 182 138 206 169
0022 100 207 130 236 182 182 202 207
0023 104 207 127 234 182 187 201 222
0024 102 207 131 237 180 192 199 224
0025 102 207 131 237 182 193 203 227
0026 102 207 131 237 184 193 204 226
0027 102 207 131 236 179 195 199 228
0028 102 207 131 236 177 194 198 227
0029 102 207 131 236 179 195 198 227
0030 102 207 131 237 180 195 199 228
