0005 145 221 190 239 000 000 000 000
0006 144 221 194 239 000 000 000 000
0007 149 218 204 239 000 000 000 000
0008 155 210 206 239 000 000 000 000
0009 155 189 207 232 000 000 000 000
0010 160 156 212 205 000 000 000 000
0011 155 140 208 189 000 000 000 000
0012 161 114 213 173 000 000 000 000
0013 164 105 215 163 000 000 000 000
0014 163 089 218 152 000 000 000 000
0015 167 078 224 145 000 000 000 000
0016 167 070 223 138 000 000 000 000
0017 166 065 225 131 000 000 000 000
0018 166 065 227 131 000 000 000 000
0019 167 064 229 129 000 000 000 000
0020 168 063 231 129 000 000 000 000
0021 168 063 228 128 000 000 000 000
0022 168 062 228 128 000 000 000 000
0023 168 062 228 128 000 000 000 000
0024 172 069 228 132 000 000 000 000
0025 177 084 229 149 000 000 000 000
0026 179 125 228 188 000 000 000 000
0027 178 182 220 225 000 000 000 000
