0000 110 213 133 236 211 212 235 239
0001 205 212 231 239 111 212 134 237
0002 110 213 134 237 209 213 232 239
0003 205 212 231 239 110 212 134 237
0004 206 212 230 239 109 213 133 236
0005 106 211 137 239 209 213 232 237
0006 208 211 234 239 107 213 129 235
0007 107 215 131 238 207 214 233 238
0008 205 214 232 237 106 216 131 238
0009 209 212 235 238 105 215 128 239
0010 202 205 230 239 105 208 128 239
0011 195 186 224 226 110 186 139 226
0012 116 169 152 204 183 166 220 204
0013 122 124 163 156 175 122 212 152
0014 119 092 157 128 179 091 212 126
0015 114 065 148 109 182 071 217 112
0016 103 061 137 103 189 064 223 105
0017 192 070 230 111 096 064 130 105
0018 085 079 118 126 203 081 237 119
0019 210 109 243 144 081 112 109 153
0020 208 125 246 161 080 140 111 176
0021 202 145 240 183 090 169 122 203
0022 103 176 132 204 200 157 232 193
0023 108 172 141 199 191 160 228 195
0024 180 151 219 188 113 163 146 191
0025 115 142 153 176 176 140 214 173
0026 118 113 156 150 174 117 214 151
0027 119 088 157 126 177 093 213 128
0028 115 072 149 117 179 082 213 114
0029 190 059 226 100 108 061 140 099
0030 198 059 230 097 103 061 134 097
0031 204 067 235 106 100 065 131 102
0032 203 078 236 116 095 072 128 115
0033 203 089 235 126 096 081 129 127
0034 097 094 130 138 201 103 236 137
0035 098 118 131 158 199 121 230 153
0036 101 149 138 177 196 136 231 170
0037 200 169 226 210 111 195 136 227
0038 108 206 132 239 201 188 228 230
0039 201 200 229 238 109 212 132 239
0040 198 206 233 239 112 213 134 239
0041 202 212 228 239 112 213 135 239
0042 200 213 229 239 112 212 135 239
0043 204 211 231 239 112 212 135 239
0044 202 214 229 239 112 213 135 239
0045 201 214 229 239 113 214 136 239
0046 202 215 229 239 112 214 136 239
