0000 192 187 215 216 000 000 000 000
0001 192 188 215 216 000 000 000 000
0002 195 188 215 215 000 000 000 000
0003 209 184 232 216 000 000 000 000
0004 239 164 267 201 000 000 000 000
0005 271 126 306 159 000 000 000 000
0006 286 075 319 117 000 000 000 000
0007 283 045 316 080 000 000 000 000
0008 278 028 319 062 000 000 000 000
0009 277 019 317 056 000 000 000 000
0010 276 019 317 055 000 000 000 000
0011 282 020 316 058 000 000 000 000
0012 278 018 319 064 000 000 000 000
0013 275 021 317 059 000 000 000 000
0014 270 010 309 046 000 000 000 000
0015 260 003 300 040 000 000 000 000
0016 261 003 295 033 000 000 000 000
0017 260 004 296 037 000 000 000 000
0018 264 005 306 040 000 000 000 000
0019 271 012 311 046 000 000 000 000
0020 271 012 311 047 000 000 000 000
0021 267 007 304 042 000 000 000 000
0022 260 002 298 036 000 000 000 000
0023 256 001 288 032 000 000 000 000
0024 253 000 290 029 000 000 000 000
0025 255 000 288 029 000 000 000 000
0026 260 003 295 035 000 000 000 000
0027 260 005 300 040 000 000 000 000
0028 267 012 309 043 000 000 000 000
0029 268 016 308 047 000 000 000 000
0030 264 010 294 042 000 000 000 000
0031 242 002 271 036 000 000 000 000
0032 217 022 242 051 000 000 000 000
0033 189 053 217 081 000 000 000 000
0034 181 083 208 106 000 000 000 000
0035 174 106 203 132 000 000 000 000
0036 175 141 203 166 000 000 000 000
0037 182 171 209 196 000 000 000 000
0038 188 182 213 209 000 000 000 000
0039 189 186 214 214 000 000 000 000
0040 193 192 213 219 000 000 000 000
