0009 110 221 144 239 000 000 000 000
0010 109 210 142 236 000 000 000 000
0011 107 198 143 237 148 212 206 238
0012 105 175 144 238 147 186 197 235
0013 107 169 143 231 146 176 196 228
0014 115 150 147 213 139 155 187 213
0015 117 146 152 208 146 149 195 203
0016 119 142 155 199 137 143 187 197
0017 118 138 157 197 138 140 184 194
0018 138 135 185 188 120 135 155 195
0019 118 137 157 199 136 133 182 187
0020 123 134 164 201 000 000 000 000
0021 118 135 162 196 000 000 000 000
0022 120 136 168 196 000 000 000 000
0023 120 135 168 197 000 000 000 000
0024 122 135 163 200 000 000 000 000
0025 127 136 182 198 115 133 148 191
0026 123 133 170 198 000 000 000 000
0027 121 133 162 204 139 139 181 187
0028 127 137 176 205 000 000 000 000
0029 131 146 183 207 114 141 148 205
0030 131 149 183 207 115 147 151 209
0031 125 148 178 211 113 152 141 212
0032 123 150 166 214 000 000 000 000
0033 115 147 153 211 135 152 181 207
0034 118 152 161 215 000 000 000 000
0035 114 149 155 213 136 154 181 207
0036 114 147 152 217 137 150 185 206
0037 121 152 165 221 000 000 000 000
0038 111 155 154 222 134 151 187 210
0039 115 150 161 217 138 158 190 208
0040 115 149 162 218 136 154 188 201
0041 116 150 160 218 138 158 189 207
0042 116 149 159 218 134 157 189 209
0043 114 149 154 216 133 152 187 210
0044 115 152 162 219 134 155 202 208
0045 114 153 153 222 136 156 184 219
0046 117 170 151 235 130 170 188 234
0047 143 196 188 237 117 194 146 236
0048 153 214 202 239 119 211 156 239
