0000 067 204 105 237 116 187 170 230
0001 073 208 112 239 124 139 175 176
0002 127 088 181 139 074 211 113 237
0003 074 211 115 237 132 075 179 124
0004 137 079 178 118 074 210 114 237
0005 074 208 115 238 141 079 177 115
0006 074 209 115 238 135 080 179 118
0007 074 208 116 238 135 078 179 116
0008 139 079 178 116 074 208 117 238
0009 074 208 117 238 134 076 177 113
0010 075 208 117 238 133 078 177 114
0011 075 208 118 238 131 077 176 113
0012 136 077 178 117 077 207 119 239
0013 134 074 179 116 073 206 115 238
0014 137 080 178 119 073 205 115 238
0015 073 202 112 236 132 094 181 139
0016 072 197 110 233 129 118 176 158
0017 119 181 172 226 066 189 105 224
0018 066 182 110 221 126 212 166 238
0019 068 178 111 215 131 220 167 239
0020 069 176 110 214 000 000 000 000
