0000 118 195 140 228 193 206 209 236
0001 117 194 138 224 191 202 210 233
0002 110 175 134 207 186 199 206 230
0003 104 153 131 178 175 169 199 193
0004 175 110 204 144 104 115 130 146
0005 178 081 210 116 104 087 127 121
0006 185 049 211 091 105 063 130 092
0007 188 044 216 086 105 055 128 085
0008 190 042 215 084 106 054 129 082
0009 188 042 215 084 107 051 130 082
0010 188 042 215 084 107 050 130 080
0011 188 044 216 087 105 050 127 081
0012 189 047 217 088 101 052 124 080
0013 190 053 216 095 099 057 122 088
0014 190 070 217 113 098 078 122 115
0015 186 134 212 155 108 135 130 165
0016 181 172 204 199 113 172 137 201
0017 115 189 139 223 177 193 202 228
0018 114 198 138 233 175 194 197 230
0019 114 200 139 232 173 198 201 232
