0000 150 213 176 235 035 217 060 238
0001 151 216 175 237 035 217 059 239
0002 035 220 063 239 000 000 000 000
0003 151 215 175 237 000 000 000 000
0004 151 215 175 237 000 000 000 000
0005 150 215 175 237 000 000 000 000
0007 034 215 058 237 000 000 000 000
0008 189 201 239 233 000 000 000 000
0009 198 169 256 205 000 000 000 000
0010 209 146 267 177 000 000 000 000
0011 211 138 275 173 000 000 000 000
0012 218 135 286 163 000 000 000 000
0013 223 135 291 166 000 000 000 000
0014 221 137 290 168 000 000 000 000
0015 219 140 294 171 000 000 000 000
0016 216 136 288 168 000 000 000 000
0017 217 138 286 171 000 000 000 000
0018 217 138 284 170 000 000 000 000
0019 216 137 284 169 000 000 000 000
0020 218 138 286 170 000 000 000 000
0021 218 137 289 170 000 000 000 000
0022 217 134 281 166 000 000 000 000
0023 218 140 288 170 000 000 000 000
0024 219 137 287 170 000 000 000 000
0025 219 138 287 171 000 000 000 000
0026 219 137 288 169 000 000 000 000
0027 217 139 282 174 000 000 000 000
0028 215 144 284 175 000 000 000 000
0029 208 149 274 180 000 000 000 000
0030 203 160 272 192 000 000 000 000
0031 192 179 236 215 000 000 000 000
0032 168 196 211 235 000 000 000 000
0033 153 202 183 233 000 000 000 000
0034 140 210 175 236 000 000 000 000
0035 142 219 168 239 000 000 000 000
0036 145 217 171 239 000 000 000 000
