0000 196 204 234 238 113 216 147 239
0001 196 204 234 237 113 216 147 239
0002 196 206 235 237 112 217 145 239
0003 196 204 234 238 111 217 144 239
0004 196 204 234 238 106 210 141 237
0005 068 199 110 234 196 206 235 237
0006 043 156 099 203 196 206 235 237
0007 030 113 091 167 196 207 234 237
0008 030 092 093 153 196 207 235 237
0009 042 078 094 144 196 206 235 237
0010 043 076 094 141 196 206 235 237
0011 048 073 100 139 196 205 234 238
0012 048 074 098 139 196 205 236 237
0013 048 074 099 139 195 206 235 237
0014 049 074 099 140 196 206 236 237
0015 049 075 099 140 201 208 237 239
0016 048 074 099 140 195 205 236 237
0017 049 073 099 140 196 205 236 237
0018 050 072 099 139 196 205 236 237
0019 050 072 099 139 195 205 236 237
0020 048 072 099 138 196 205 236 237
0021 048 072 100 138 201 208 236 239
0022 048 072 100 138 195 205 235 237
0023 048 072 100 138 201 208 236 239
0024 049 074 100 142 195 203 237 238
0025 049 073 100 139 196 203 237 238
0026 050 072 102 142 195 203 237 238
0027 049 073 100 138 195 203 237 238
0028 049 073 099 138 195 203 237 238
0029 048 075 101 140 196 203 237 238
0030 049 088 100 152 195 203 237 238
0031 063 128 105 171 195 203 237 238
0032 195 204 236 238 093 169 130 208
0033 104 186 143 233 195 203 237 238
0034 195 202 237 237 113 203 151 239
0035 196 202 237 237 112 214 148 239
0036 195 204 234 238 113 213 153 237
0037 195 204 234 238 114 216 149 239
0038 194 204 234 238 117 215 150 239
