0000 106 192 145 227 149 186 191 215
0001 104 191 145 228 149 185 192 215
0002 105 185 144 225 151 184 191 218
0003 106 174 143 210 153 176 194 213
0004 106 169 144 204 153 165 198 201
0005 152 153 199 181 109 164 150 201
0006 150 143 201 172 111 161 153 199
0007 150 137 203 169 114 154 162 191
0008 152 136 199 167 115 155 161 196
0009 149 134 202 167 115 160 156 198
0010 148 133 202 167 110 162 153 198
0011 149 133 201 168 112 163 157 202
0012 150 134 199 169 112 163 156 202
0013 146 133 195 169 111 163 158 205
0014 112 163 156 203 141 130 194 164
0015 151 126 200 162 111 164 153 204
0016 109 164 151 204 163 124 208 163
0017 160 119 207 159 109 164 151 205
0018 109 164 152 206 154 109 205 145
0019 108 163 151 204 159 101 210 138
0020 108 163 151 204 176 105 219 145
0021 108 164 151 205 170 105 214 146
0022 108 164 151 204 157 095 208 131
0023 162 087 216 119 106 164 151 206
0024 106 166 148 205 182 087 226 126
0025 106 167 148 205 179 092 220 132
0026 105 166 148 205 163 078 213 111
0027 105 162 149 203 162 070 216 101
0028 104 165 146 204 191 073 225 117
0029 104 165 146 204 185 077 225 117
0030 171 063 211 100 105 166 146 204
0031 103 162 146 203 169 051 217 081
0032 104 166 145 203 189 051 230 078
0033 106 167 142 204 204 058 237 093
0034 103 167 145 204 191 063 225 095
0035 104 165 146 204 176 058 217 087
0036 105 165 145 204 178 050 223 079
0037 104 167 144 204 199 055 233 085
0038 104 168 145 205 200 062 240 093
0039 103 167 145 204 202 065 239 095
0040 104 166 144 203 200 065 240 098
0041 203 074 242 102 104 166 144 203
0042 205 085 241 115 104 168 143 204
0043 104 173 145 207 206 101 240 139
0044 099 181 138 214 198 126 234 163
0045 189 140 228 175 100 184 139 221
0046 179 157 217 193 100 186 141 224
0047 165 170 204 206 102 191 144 226
0048 103 193 144 227 158 179 195 215
0049 103 194 145 227 152 188 191 221
0050 101 193 144 228 151 188 190 221
