0002 064 211 089 238 000 000 000 000
0003 022 165 062 194 000 000 000 000
0004 010 130 057 157 000 000 000 000
0005 018 080 058 117 000 000 000 000
0006 031 044 065 087 000 000 000 000
0007 045 025 077 069 000 000 000 000
0008 052 020 083 062 000 000 000 000
0009 057 017 087 060 000 000 000 000
0010 058 018 088 060 000 000 000 000
0011 057 019 088 061 195 164 235 196
0012 193 106 240 164 058 020 087 062
0013 200 068 243 121 057 019 088 062
0014 055 021 085 058 217 064 262 107
0015 055 020 086 062 245 084 290 141
0016 224 153 268 193 054 021 085 064
0017 055 021 086 064 186 168 227 199
0018 054 020 086 063 155 117 202 164
0019 055 021 085 059 166 070 209 124
0020 055 020 086 065 208 060 254 112
0021 219 087 265 142 054 023 084 068
0022 053 024 084 069 215 084 263 141
0023 212 082 260 136 056 026 086 065
0024 053 028 084 072 225 120 263 163
0025 048 040 077 085 224 183 259 219
0026 037 083 071 113 000 000 000 000
0027 041 162 077 190 000 000 000 000
0028 061 195 089 229 000 000 000 000
0029 087 218 110 237 000 000 000 000
