0007 143 178 184 222 000 000 000 000
0008 165 118 215 173 000 000 000 000
0009 202 080 245 120 000 000 000 000
0010 221 074 263 117 000 000 000 000
0011 233 083 289 126 000 000 000 000
0012 245 107 302 149 000 000 000 000
0013 240 118 295 158 000 000 000 000
0014 235 113 290 157 000 000 000 000
0015 229 085 275 131 000 000 000 000
0016 230 073 280 124 000 000 000 000
0017 243 076 291 125 000 000 000 000
0018 250 104 301 147 000 000 000 000
0019 238 134 298 179 000 000 000 000
0020 234 133 287 181 000 000 000 000
0021 223 105 274 150 000 000 000 000
0022 227 086 279 138 000 000 000 000
0023 234 100 291 152 000 000 000 000
0024 246 123 302 170 000 000 000 000
0025 236 137 300 181 000 000 000 000
0026 223 124 278 174 000 000 000 000
0027 213 087 261 138 000 000 000 000
0028 209 073 257 129 000 000 000 000
0029 201 082 250 138 000 000 000 000
0030 192 099 241 152 000 000 000 000
0031 174 127 229 182 000 000 000 000
0032 153 152 201 202 000 000 000 000
0033 115 197 168 237 000 000 000 000
0035 162 189 202 230 000 000 000 000
0039 161 196 199 234 000 000 000 000
