0010 161 205 208 239 107 204 162 239
0011 161 170 202 228 111 172 156 231
0012 157 150 209 204 111 144 162 201
0013 110 132 164 189 160 135 208 190
0014 159 125 207 179 112 118 164 176
0015 160 120 208 173 114 113 163 170
0016 160 119 208 171 113 112 165 170
0017 119 121 170 179 163 129 213 184
0018 119 129 171 187 166 137 217 190
0019 119 130 171 188 166 137 214 190
0020 119 129 172 188 168 137 214 189
0021 120 130 171 189 166 133 211 188
0022 114 131 168 189 167 135 217 189
0023 165 135 216 190 113 131 169 188
0024 164 137 216 191 113 130 167 190
0025 164 137 216 191 112 131 167 189
0026 164 138 215 191 113 131 167 189
0027 163 137 216 191 116 131 168 190
0028 162 142 215 194 115 133 166 188
0029 162 142 215 194 115 133 168 189
0030 161 141 215 193 115 133 167 188
0031 159 141 215 193 115 133 166 186
0032 160 139 214 191 115 133 167 187
0033 161 139 214 190 115 132 168 188
0034 161 138 214 189 115 132 167 187
0035 160 138 214 189 115 132 167 187
0036 161 138 215 191 115 132 165 192
0037 161 138 215 191 115 132 165 188
0038 162 139 215 192 115 133 167 187
0039 160 138 215 191 116 132 168 190
0040 161 142 215 195 113 130 164 189
0041 161 142 215 194 114 130 164 188
0042 161 142 215 195 114 131 164 191
0043 163 140 214 196 115 133 174 191
0044 159 143 213 198 116 140 167 195
0045 112 148 166 206 161 157 212 209
0046 111 176 172 232 169 179 215 234
