0004 242 213 292 239 000 000 000 000
0005 227 185 274 236 000 000 000 000
0006 205 159 245 221 000 000 000 000
0007 187 143 244 229 000 000 000 000
0008 158 121 219 213 204 208 234 236
0009 140 118 207 211 180 187 230 239
0010 135 110 196 199 183 165 240 232
0011 129 093 185 190 191 151 229 231
0012 119 094 184 184 188 142 229 228
0013 118 088 179 185 184 127 221 219
0014 117 087 180 177 180 114 215 212
0015 119 087 179 184 176 105 213 201
0016 118 086 180 176 175 102 210 203
0017 116 083 179 175 178 101 210 206
0018 114 082 178 170 177 101 214 202
0019 110 079 172 168 182 088 216 194
0020 113 079 175 174 182 083 217 188
0021 117 080 177 168 178 080 214 185
0022 117 077 178 167 179 077 216 187
0023 118 081 180 166 182 078 216 190
0024 114 075 178 171 179 078 217 186
0025 115 076 175 173 179 078 216 186
0026 118 071 180 170 177 082 213 191
0027 115 078 174 176 178 080 215 189
0028 113 077 177 166 177 084 216 187
0029 113 078 176 166 177 083 216 187
0030 114 078 176 165 177 085 216 192
0031 114 077 176 167 182 083 216 191
0032 115 076 177 167 177 087 216 187
0033 116 077 175 173 177 083 216 188
0034 116 080 178 167 177 082 216 190
0035 119 081 178 171 177 086 217 189
0036 119 075 176 168 182 087 216 191
0037 122 080 173 168 181 088 217 191
0038 122 082 176 172 182 090 216 195
0039 122 078 173 169 176 089 217 194
0040 123 083 173 173 176 090 214 193
0041 120 079 176 173 177 097 217 193
0042 129 085 176 171 177 096 219 190
0043 130 087 180 172 177 104 221 193
0044 133 085 180 171 178 104 229 188
0045 138 085 180 177 179 109 234 179
0046 181 109 233 180 138 084 183 174
0047 181 105 231 181 137 083 180 175
0048 179 108 226 192 139 084 180 172
0049 181 102 226 189 139 082 180 176
0050 180 104 225 193 139 082 179 177
0051 180 100 225 192 139 087 180 172
0052 179 102 222 191 140 083 180 173
0053 179 102 222 192 143 080 184 170
0054 178 103 222 190 142 081 184 169
0055 139 081 179 169 177 105 223 194
0056 139 080 179 169 178 105 224 193
0057 139 082 178 174 178 103 224 188
0058 137 088 179 173 178 104 225 190
0059 139 088 180 173 178 104 225 191
0060 180 106 227 192 136 078 177 176
0061 137 097 181 180 181 129 243 200
0062 141 125 200 191 168 177 241 235
0063 159 127 232 215 140 209 206 237
0064 199 195 247 239 000 000 000 000
