0008 170 199 211 238 000 000 000 000
0009 175 174 215 216 000 000 000 000
0010 178 142 226 182 000 000 000 000
0011 186 102 227 149 000 000 000 000
0012 184 088 228 139 000 000 000 000
0013 183 071 226 116 215 115 238 165
0014 182 072 225 117 000 000 000 000
0015 179 073 227 119 000 000 000 000
0016 177 072 227 117 213 114 239 163
0017 179 074 224 118 213 112 237 163
0018 179 074 224 119 213 111 237 163
0019 178 075 224 119 213 111 236 161
0020 179 073 226 119 000 000 000 000
0021 178 077 225 124 213 112 238 163
0022 180 089 223 136 213 126 238 174
0023 182 126 225 169 000 000 000 000
0024 175 163 219 208 000 000 000 000
0025 163 208 202 237 000 000 000 000
