0000 183 211 230 239 000 000 000 000
0001 063 205 126 238 185 207 232 239
0002 068 175 148 224 184 210 232 239
0003 074 143 152 192 184 210 231 239
0004 077 125 154 170 185 210 231 239
0005 074 121 152 171 185 205 235 239
0006 076 125 152 170 198 193 243 239
0007 075 125 152 170 205 172 249 236
0008 072 127 149 174 194 133 251 184
0009 072 125 147 173 189 104 250 163
0010 069 125 144 175 178 093 242 152
0011 175 088 233 142 070 126 143 176
0012 070 126 143 178 164 090 223 142
0013 068 128 145 176 150 098 216 146
0014 068 128 144 177 144 099 201 151
0015 065 131 143 180 134 102 200 157
0016 124 111 188 158 065 134 141 179
0017 121 112 183 161 065 131 136 179
0018 119 113 179 162 061 131 136 179
0019 120 115 177 164 063 135 137 179
0020 064 130 139 180 121 119 175 168
0021 119 120 169 170 066 132 138 181
0022 104 121 163 171 062 134 142 181
0023 112 120 159 173 062 133 141 182
0024 107 120 160 170 060 135 139 181
0025 108 120 161 169 062 137 142 186
0026 105 119 165 170 067 133 142 184
0027 114 125 178 176 060 147 128 198
0028 058 169 124 221 138 138 191 194
0029 053 192 116 239 155 163 215 226
0030 172 197 219 239 056 220 107 239
0031 176 207 217 236 000 000 000 000
0032 179 211 221 237 000 000 000 000
0033 176 206 219 238 000 000 000 000
0034 178 207 221 238 000 000 000 000
