0000 155 183 202 238 092 198 148 239
0001 156 187 201 238 091 197 149 239
0002 093 197 150 239 157 188 201 239
0003 157 188 202 239 093 197 147 238
0004 157 187 202 239 092 197 148 238
0005 091 197 148 238 157 186 203 239
0006 092 197 148 239 155 175 202 238
0007 091 197 149 239 144 152 194 225
0008 091 196 150 239 119 123 188 174
0009 091 196 147 238 117 091 183 129
0010 092 196 145 238 126 068 190 107
0011 091 196 145 238 145 038 192 088
0012 092 197 145 238 165 029 200 090
0013 091 196 146 238 168 028 209 093
0014 091 196 146 238 169 028 209 092
0015 161 031 206 097 087 196 146 238
0016 164 030 204 095 086 192 148 235
0017 085 195 149 239 162 035 207 096
0018 085 195 150 239 162 037 214 093
0019 086 196 146 239 168 031 236 078
0020 087 196 147 239 182 019 245 072
0021 087 195 146 239 174 015 244 069
0022 087 195 146 239 150 049 218 087
0023 085 195 145 239 137 055 216 093
0024 086 195 146 239 138 053 217 093
0025 087 194 145 239 141 053 215 092
0026 087 182 146 238 142 055 212 098
0027 136 084 205 133 084 161 143 208
0028 137 110 201 166 083 147 136 196
0029 125 122 190 177 080 138 133 189
0030 079 131 129 185 121 121 198 169
0031 076 131 126 187 134 126 204 176
0032 145 120 214 168 075 132 128 189
0033 156 126 222 177 076 133 128 189
0034 158 125 227 173 077 135 127 190
0035 076 135 128 190 174 133 236 181
0036 077 137 129 190 175 125 240 174
0037 077 138 128 191 186 128 247 176
0038 076 139 128 192 199 124 254 170
0039 073 139 129 193 205 132 262 179
0040 206 134 261 181 073 140 127 194
0041 073 143 128 195 198 135 257 183
0042 072 154 128 205 183 143 244 195
0043 072 186 130 234 170 168 222 227
0044 168 179 213 239 072 202 139 237
0045 076 207 138 237 162 194 211 239
0046 077 210 143 239 164 198 212 239
