0003 126 203 170 237 000 000 000 000
0004 137 177 188 224 000 000 000 000
0005 149 129 209 183 000 000 000 000
0006 158 089 219 150 000 000 000 000
0007 164 076 223 134 000 000 000 000
0008 171 059 239 118 000 000 000 000
0009 173 053 244 114 000 000 000 000
0010 173 054 243 113 000 000 000 000
0011 173 053 244 114 000 000 000 000
0012 172 053 243 116 000 000 000 000
0013 172 054 242 117 000 000 000 000
0014 172 054 243 118 000 000 000 000
0015 171 054 243 119 000 000 000 000
0016 176 056 240 117 000 000 000 000
0017 170 054 242 117 000 000 000 000
0018 171 058 241 116 000 000 000 000
0019 164 065 214 124 000 000 000 000
0020 141 094 186 147 000 000 000 000
0021 126 128 168 177 000 000 000 000
0022 112 182 151 232 000 000 000 000
