0000 049 219 084 239 000 000 000 000
0001 051 209 090 237 000 000 000 000
0002 061 187 103 235 000 000 000 000
0003 066 150 110 197 000 000 000 000
0004 066 139 111 186 000 000 000 000
0005 071 132 113 181 000 000 000 000
0006 073 132 117 177 136 223 170 239
0007 073 130 117 178 149 199 180 239
0008 073 127 116 175 159 164 190 215
0009 074 126 116 173 162 139 191 190
0010 074 125 117 173 158 126 189 187
0011 074 126 117 173 153 117 185 178
0012 075 125 119 173 150 113 177 173
0013 073 125 118 168 143 105 173 152
0014 073 124 119 170 137 100 172 152
0015 130 096 172 147 075 124 119 172
0016 124 093 170 146 075 123 120 171
0017 076 123 121 170 119 093 163 148
0018 112 092 160 148 078 122 123 169
0019 106 094 158 151 079 123 118 170
0020 106 095 154 152 079 120 123 170
0021 104 098 150 155 084 120 124 169
0022 098 102 151 158 080 116 125 166
0023 096 102 151 159 079 124 130 168
0024 097 102 149 157 084 119 126 171
0025 098 102 150 158 078 122 122 169
0026 093 109 153 163 077 128 122 178
0027 072 144 113 195 108 129 157 184
0028 060 167 107 217 115 157 163 209
0029 047 203 096 238 125 196 167 237
0030 129 220 171 239 043 222 090 239
