0000 068 195 116 239 139 190 194 239
0001 139 190 194 239 060 165 102 219
0002 139 190 194 239 037 153 094 214
0003 139 190 194 239 023 145 090 204
0004 139 190 194 239 011 129 086 191
0005 139 190 194 239 012 127 078 189
0006 140 184 193 238 012 127 082 189
0007 143 163 191 219 011 126 082 190
0008 134 150 184 196 011 128 082 189
0009 011 125 082 188 126 148 182 192
0010 113 151 184 197 012 126 078 187
0011 114 147 182 198 007 129 086 188
0012 102 149 177 192 008 125 081 187
0013 007 125 085 186 090 157 146 188
0014 086 150 163 198 010 123 082 183
0015 079 144 159 199 012 127 081 185
0016 008 126 084 187 074 147 152 191
0017 012 126 083 186 070 150 144 189
0018 009 126 086 189 051 142 137 195
0019 020 127 130 191 000 000 000 000
0020 015 127 087 183 059 131 110 185
0021 011 121 096 185 000 000 000 000
0022 008 126 106 187 000 000 000 000
0023 033 129 100 183 000 000 000 000
0024 078 138 153 185 040 136 093 183
0025 106 144 169 195 044 146 100 190
0026 122 151 177 205 046 154 105 202
0027 047 158 108 207 118 161 179 213
0028 047 157 107 207 121 158 184 211
0029 051 149 110 199 122 152 185 205
0030 048 140 115 182 124 143 190 190
0031 125 134 188 178 051 133 116 171
0032 047 124 113 158 129 127 187 165
0033 046 113 115 145 134 116 191 150
0034 132 109 194 139 048 105 113 137
0035 049 094 116 131 133 102 197 132
0036 052 089 116 131 138 095 199 128
0037 053 094 118 131 132 094 194 130
0038 054 093 116 134 135 094 197 132
0039 144 096 197 148 048 093 109 143
0040 043 103 097 152 151 108 200 163
0041 035 128 087 178 163 136 212 189
0042 027 164 082 215 171 159 222 221
0043 027 182 082 235 169 177 222 239
0044 170 188 219 239 033 200 085 239
0045 168 194 218 239 033 212 081 238
0046 169 195 218 239 031 220 082 239
0047 169 196 217 239 035 220 085 239
