0000 114 153 141 181 200 208 222 235
0001 221 198 246 233 102 146 127 172
0002 085 116 112 149 236 154 275 188
0003 082 071 106 106 239 093 278 132
0004 224 045 250 080 095 036 119 071
0005 205 028 234 065 106 025 132 060
0006 178 022 212 053 119 017 146 052
0007 164 023 197 049 135 021 162 048
0008 161 024 191 049 136 024 165 052
0009 139 026 166 052 161 025 190 051
0010 140 027 167 054 159 028 189 051
0011 142 029 169 055 162 026 190 050
0012 140 028 167 054 163 024 196 054
0013 166 028 202 061 137 028 165 056
0014 126 035 155 070 178 045 208 075
0015 118 067 144 099 179 101 218 133
0016 189 150 218 190 114 101 140 126
0017 196 184 221 230 113 133 140 159
0018 196 203 218 236 118 146 142 168
0019 120 144 145 169 196 206 217 235
0020 123 148 150 168 197 207 219 237
