0005 099 221 156 239 000 000 000 000
0006 097 207 152 239 000 000 000 000
0007 097 194 154 239 067 216 110 237
0008 099 182 155 232 071 204 119 238
0009 098 174 155 227 071 199 118 239
0010 103 172 156 226 073 191 119 237
0011 099 170 155 225 078 181 118 233
0012 099 169 154 223 076 174 119 230
0013 102 169 153 222 071 174 118 227
0014 103 167 153 220 072 173 118 226
0015 069 174 118 225 106 171 156 221
0016 069 170 118 224 106 169 153 220
0017 102 166 152 217 070 165 118 222
0018 077 155 117 220 104 161 152 213
0019 103 155 153 210 074 155 112 215
0020 103 151 152 206 077 150 111 212
0021 104 154 152 207 079 145 117 213
0022 104 149 151 202 076 150 111 210
0023 104 148 152 201 075 148 111 210
0024 103 147 152 202 077 148 111 208
0025 104 151 152 202 076 147 115 210
0026 105 151 152 202 077 150 111 206
0027 105 151 152 204 080 149 110 202
0028 105 149 155 198 080 147 117 211
0029 106 150 155 198 075 149 119 209
0030 104 149 153 202 075 151 119 210
0031 103 149 153 201 074 151 120 208
0032 103 150 153 202 074 153 120 208
0033 103 151 152 203 075 154 119 212
0034 106 157 158 206 079 159 117 218
0035 107 159 158 208 074 159 119 214
0036 107 159 158 208 072 159 120 217
0037 106 159 158 209 073 159 121 214
0038 104 159 155 210 078 156 116 215
0039 104 161 151 210 078 159 117 219
0040 078 156 117 215 101 160 152 211
0041 104 163 151 213 071 163 119 217
0042 107 163 157 212 072 163 119 216
0043 107 163 158 212 071 163 118 217
0044 106 164 158 212 078 165 117 220
0045 078 167 115 223 108 168 159 216
0046 090 182 157 232 077 201 125 239
0047 045 221 080 239 000 000 000 000
