0000 075 202 104 230 128 212 163 237
0001 075 202 104 230 128 212 163 237
0002 075 202 104 230 128 212 163 237
0003 075 202 104 230 129 213 163 237
0004 128 213 163 237 075 200 103 232
0005 128 213 163 237 075 203 104 235
0006 075 201 104 230 128 213 163 237
0007 130 210 166 238 075 202 104 234
0008 139 198 172 230 071 200 107 235
0009 075 201 104 229 151 176 180 211
0010 075 201 104 229 154 157 185 190
0011 075 201 104 229 160 125 194 158
0012 075 202 104 230 164 101 198 134
0013 075 202 104 230 171 079 204 115
0014 170 066 204 098 075 202 103 230
0015 171 055 203 087 075 202 104 230
0016 171 048 203 084 075 202 104 230
0017 172 043 202 078 075 202 104 231
0018 172 042 202 076 075 203 104 235
0019 171 042 198 075 075 203 103 230
0020 169 040 197 077 075 203 104 230
0021 165 040 201 077 075 202 104 230
0022 168 040 197 075 075 203 104 230
0023 168 041 197 077 075 203 104 230
0024 168 041 197 078 075 203 103 230
0025 168 042 197 079 074 203 103 230
0026 169 044 198 082 075 203 103 230
0027 168 045 196 082 075 203 103 230
0028 167 046 195 081 074 201 103 233
0029 166 053 196 087 074 201 104 233
0030 162 068 192 096 074 201 104 233
0031 156 091 187 125 074 201 103 234
0032 152 113 184 151 074 201 104 234
0033 074 201 104 234 142 150 177 184
0034 074 201 104 234 140 175 169 200
0035 074 201 104 234 139 197 168 225
0036 131 209 161 236 074 201 103 234
0037 073 201 103 229 130 211 161 238
0038 130 211 162 237 074 201 104 234
0039 130 211 161 237 074 201 104 235
0040 130 212 162 237 075 201 104 234
