0002 082 188 135 232 000 000 000 000
0003 100 130 160 185 000 000 000 000
0004 115 099 172 157 000 000 000 000
0005 136 070 187 128 000 000 000 000
0006 147 052 197 110 000 000 000 000
0007 162 037 204 100 000 000 000 000
0008 157 036 209 098 000 000 000 000
0009 157 034 207 099 000 000 000 000
0010 156 038 206 101 000 000 000 000
0011 158 035 209 098 000 000 000 000
0012 158 035 203 101 000 000 000 000
0013 160 039 203 102 000 000 000 000
0014 156 038 202 104 000 000 000 000
0015 154 045 202 109 000 000 000 000
0016 151 062 200 122 000 000 000 000
0017 137 100 189 153 000 000 000 000
0018 116 155 167 211 000 000 000 000
0019 131 216 168 239 000 000 000 000
