0000 126 134 150 155 189 212 213 239
0001 126 133 151 154 189 212 214 239
0002 124 138 148 158 189 212 214 239
0003 123 138 149 158 189 212 214 239
0004 126 133 151 154 189 212 214 239
0005 125 136 150 156 189 212 214 239
0006 125 133 150 154 189 212 214 239
0007 183 207 210 238 124 136 150 157
0008 179 186 209 217 125 136 151 157
0009 124 136 150 157 181 139 207 165
0010 123 135 149 156 177 091 205 122
0011 123 134 147 155 175 074 203 098
0012 175 071 199 089 124 136 147 157
0013 171 069 196 092 125 134 150 155
0014 170 069 195 092 124 136 147 158
0015 170 068 195 092 124 135 147 158
0016 170 074 198 098 124 135 147 158
0017 170 090 205 121 124 135 147 158
0018 179 140 209 172 123 136 147 160
0019 188 194 213 234 123 135 149 159
0020 192 209 214 238 123 135 149 159
