0011 109 217 161 239 000 000 000 000
0012 110 197 162 238 000 000 000 000
0013 105 178 158 228 000 000 000 000
0014 094 157 145 201 025 217 066 239
0015 089 140 139 184 033 202 086 239
0016 085 133 134 178 053 182 102 223
0017 079 143 133 187 057 159 113 195
0018 069 162 130 207 073 136 115 170
0019 066 174 120 215 060 133 111 169
0020 057 150 110 192 000 000 000 000
0021 067 141 112 178 048 177 102 219
0022 064 131 114 172 054 175 105 217
0023 062 143 115 187 000 000 000 000
0024 061 164 116 205 064 133 113 169
0025 061 174 113 216 061 125 112 164
0026 056 144 112 191 000 000 000 000
0027 051 170 102 209 062 137 111 171
0028 060 168 111 209 060 127 112 163
0029 060 139 112 180 000 000 000 000
0030 063 123 111 160 058 164 115 205
0031 062 167 112 209 059 129 106 164
0032 050 151 114 200 000 000 000 000
0033 065 134 113 173 047 176 101 215
0034 068 143 116 183 045 184 099 224
0035 071 163 129 214 041 192 095 234
0036 080 199 134 239 039 200 089 238
0037 036 204 087 239 000 000 000 000
0038 035 207 086 239 000 000 000 000
0039 035 211 087 239 000 000 000 000
0040 035 210 085 238 000 000 000 000
0041 038 213 087 239 000 000 000 000
0042 034 212 087 239 000 000 000 000
