0017 108 216 151 237 000 000 000 000
0018 119 174 164 217 000 000 000 000
0019 124 157 167 204 000 000 000 000
0020 133 127 172 173 000 000 000 000
0021 133 109 177 157 000 000 000 000
0022 141 091 180 139 000 000 000 000
0023 141 077 182 126 000 000 000 000
0024 142 067 183 117 000 000 000 000
0025 143 060 185 112 000 000 000 000
0026 143 058 186 108 000 000 000 000
0027 144 056 187 107 000 000 000 000
0028 145 056 187 107 000 000 000 000
0029 146 057 188 108 000 000 000 000
0030 146 057 188 107 000 000 000 000
0031 147 056 189 107 000 000 000 000
0032 147 061 187 113 000 000 000 000
0033 145 067 186 119 000 000 000 000
0034 140 088 184 142 000 000 000 000
0035 131 130 173 192 000 000 000 000
0036 111 190 152 238 000 000 000 000
