0000 099 182 140 220 000 000 000 000
0001 098 181 141 222 000 000 000 000
0002 098 182 140 222 000 000 000 000
0003 098 182 140 222 000 000 000 000
0004 098 182 140 222 000 000 000 000
0005 098 182 140 222 000 000 000 000
0006 098 182 140 222 000 000 000 000
0007 097 181 142 220 000 000 000 000
0008 101 181 142 214 000 000 000 000
0009 099 164 140 200 000 000 000 000
0010 101 146 143 187 000 000 000 000
0011 100 134 142 177 000 000 000 000
0012 110 119 149 166 000 000 000 000
0013 105 121 155 161 000 000 000 000
0014 112 116 151 154 000 000 000 000
0015 113 119 149 158 000 000 000 000
0016 115 117 148 153 000 000 000 000
0017 114 119 151 157 000 000 000 000
0018 113 116 151 157 000 000 000 000
0019 114 120 150 159 000 000 000 000
0020 114 120 150 159 000 000 000 000
0021 115 119 150 158 000 000 000 000
0022 113 115 150 156 000 000 000 000
0023 112 118 151 159 000 000 000 000
0024 111 124 151 164 000 000 000 000
0025 114 134 150 173 000 000 000 000
0026 105 157 148 197 000 000 000 000
0027 099 169 147 206 000 000 000 000
0028 083 183 119 222 121 189 154 219
0029 124 203 160 232 065 195 099 234
0030 062 209 092 239 123 215 156 239
0031 123 210 159 239 061 216 094 237
0032 123 211 160 239 062 216 092 237
0033 124 211 160 239 062 213 089 236
0034 126 213 159 238 063 219 094 239
0035 126 213 159 238 062 222 092 239
