0000 215 199 245 235 087 196 113 223
0001 059 164 103 205 226 164 257 196
0002 055 129 093 170 231 126 259 165
0003 059 099 087 146 230 093 258 132
0004 225 072 253 111 067 074 092 126
0005 075 055 101 104 213 052 243 099
0006 210 046 241 091 081 046 108 094
0007 091 039 119 081 202 039 232 082
0008 190 034 224 074 099 035 130 077
0009 106 036 145 076 174 040 216 071
0010 111 036 153 074 169 036 210 069
0011 168 039 205 068 120 036 156 072
0012 118 039 162 076 164 040 201 069
0013 125 042 158 074 162 042 203 069
0014 127 047 167 070 165 045 199 069
0015 130 048 167 069 163 045 201 072
0016 130 047 166 071 162 046 202 073
0017 131 048 169 076 164 046 202 074
0018 129 048 167 077 162 049 197 072
0019 131 049 167 078 162 047 202 075
0020 126 052 168 079 165 048 202 075
0021 128 052 168 078 162 047 203 075
0022 133 052 165 076 164 052 203 078
0023 134 050 169 079 163 051 203 078
0024 133 050 167 079 162 050 203 071
0025 133 049 168 077 163 050 200 076
0026 133 050 168 076 164 051 199 076
0027 127 050 166 080 162 051 200 077
0028 127 051 164 079 159 051 197 075
0029 160 051 196 074 126 053 162 080
0030 158 051 195 074 125 054 162 080
0031 159 051 195 074 126 054 162 080
0032 126 054 164 080 158 051 195 074
0033 126 054 164 080 159 050 197 074
0034 125 054 163 078 157 050 196 075
0035 124 053 162 078 156 050 196 074
0036 124 053 163 077 156 051 195 071
0037 124 052 162 076 156 050 195 069
0038 124 050 164 075 158 049 194 069
0039 124 049 163 075 155 047 197 074
0040 119 048 162 076 158 046 196 074
0041 119 050 162 077 158 047 196 074
0042 120 051 162 078 158 048 196 075
0043 120 051 162 078 157 048 195 074
0044 120 051 162 077 157 046 193 072
0045 120 051 162 078 158 047 193 073
0046 120 051 162 078 154 048 194 073
0047 120 051 162 078 155 048 192 069
0048 119 051 161 079 153 047 194 070
0049 119 050 159 080 151 048 190 075
0050 122 048 158 079 151 050 191 070
0051 122 052 158 082 151 049 186 073
0052 122 051 157 081 148 047 187 070
0053 124 055 161 082 151 045 189 073
0054 122 050 156 080 156 048 193 077
0055 121 048 155 083 155 046 193 075
0056 119 049 157 085 153 049 189 075
0057 120 049 156 086 148 048 187 075
0058 120 048 154 085 148 050 189 078
0059 119 053 152 085 147 050 189 080
0060 117 049 153 085 145 048 184 076
0061 117 050 153 085 149 051 188 079
0062 116 049 152 086 144 050 183 077
0063 116 050 152 089 145 048 188 080
0064 117 050 157 086 146 048 188 080
0065 116 051 152 089 148 052 181 079
0066 117 051 157 086 149 052 181 079
0067 118 053 155 087 145 049 186 077
0068 118 053 156 086 145 050 183 075
0069 118 054 155 086 146 050 184 077
0070 114 053 153 086 146 050 183 074
0071 116 052 156 084 147 051 184 075
0072 112 053 150 085 145 051 183 075
0073 113 056 150 086 145 052 185 076
0074 112 055 152 087 145 051 184 077
0075 113 056 150 089 138 051 177 074
0076 107 055 147 089 137 051 177 075
0077 110 057 148 090 140 051 181 078
0078 111 055 150 087 143 053 182 079
0079 111 056 151 089 140 050 182 079
0080 111 056 152 088 138 052 177 078
0081 111 054 152 088 141 053 180 077
0082 112 054 151 086 144 052 185 080
0083 113 054 154 086 145 050 187 077
0084 113 059 155 085 147 053 185 077
0085 119 055 158 083 148 054 186 078
0086 119 055 156 081 152 050 191 078
0087 119 055 157 080 153 051 191 079
0088 119 055 156 080 154 052 188 079
0089 117 055 157 081 150 055 188 080
0090 118 053 160 079 148 053 188 080
0091 113 054 156 080 149 055 185 080
0092 113 053 155 080 148 053 186 081
0093 111 054 154 080 151 054 188 077
0094 113 056 151 082 146 052 186 079
0095 107 059 148 091 149 059 189 088
0096 164 073 199 114 097 075 144 116
0097 185 145 216 192 087 173 112 230
0098 195 215 222 239 000 000 000 000
0099 093 221 117 239 189 220 215 239
0100 088 211 110 238 191 212 210 235
0101 086 212 110 239 193 213 211 236
0102 193 220 215 238 095 214 119 236
0103 193 217 216 239 097 217 124 236
0104 195 215 218 239 090 220 118 239
0105 194 216 217 236 094 216 120 239
