0013 203 214 247 239 202 164 246 233
0014 146 155 188 201 000 000 000 000
0015 116 125 205 164 000 000 000 000
0016 082 119 193 149 000 000 000 000
0017 075 111 166 148 000 000 000 000
0018 068 114 160 148 000 000 000 000
0019 062 113 151 149 000 000 000 000
0020 051 115 157 151 000 000 000 000
0021 054 120 153 155 000 000 000 000
0022 056 120 149 160 000 000 000 000
0023 053 120 148 156 000 000 000 000
0024 054 120 149 154 000 000 000 000
0025 055 120 143 155 000 000 000 000
0026 055 120 145 156 000 000 000 000
0027 056 120 144 156 000 000 000 000
0028 054 119 145 155 000 000 000 000
0029 054 119 141 155 000 000 000 000
0030 056 120 147 156 000 000 000 000
0031 056 119 150 158 000 000 000 000
0032 070 119 153 156 000 000 000 000
0033 083 126 161 163 000 000 000 000
0034 102 139 172 183 000 000 000 000
0035 117 167 171 222 000 000 000 000
0036 130 204 188 239 000 000 000 000
