0000 110 210 133 239 199 209 221 238
0001 109 207 132 237 194 211 218 236
0002 194 210 220 239 099 199 127 233
0003 074 174 111 211 192 212 217 239
0004 039 145 074 176 195 216 218 237
0005 023 115 062 144 190 216 219 239
0006 022 088 064 118 190 216 219 239
0007 040 048 082 086 194 217 220 239
0008 088 027 121 071 189 211 218 239
0009 133 040 169 079 181 209 213 239
0010 179 208 212 238 159 082 195 117
0011 180 212 210 239 165 125 206 158
0012 140 168 173 199 187 208 214 238
0013 105 178 134 216 195 217 221 238
0014 078 173 108 210 201 216 226 239
0015 050 152 083 185 206 220 229 238
0016 036 123 071 150 208 221 230 239
0017 030 089 067 115 208 222 230 239
0018 035 046 075 077 207 219 230 239
0019 069 006 103 046 205 219 227 238
0020 120 004 164 045 202 218 223 239
0021 148 046 195 087 195 212 220 236
0022 159 081 194 115 196 211 220 238
0023 194 214 219 239 142 134 172 161
0024 195 213 220 239 137 177 166 217
0025 119 200 145 237 197 212 221 239
0026 109 207 137 237 199 211 222 238
0027 110 207 133 235 198 212 220 239
0028 194 210 218 238 109 207 135 237
