0000 155 188 184 228 177 198 207 230
0001 179 201 211 234 142 205 165 236
0002 180 204 213 237 126 197 151 236
0003 182 207 212 238 106 170 143 206
0004 101 144 132 177 182 207 213 238
0005 181 206 213 238 105 071 129 119
0006 143 027 185 071 181 206 213 238
0007 182 208 214 238 189 048 235 069
0008 195 049 239 071 186 208 214 235
0009 187 051 231 071 187 210 220 239
0010 177 049 220 070 192 213 226 239
0011 165 046 207 068 201 215 229 239
0012 153 047 193 069 207 215 235 239
0013 133 048 174 077 213 218 240 239
0014 119 050 155 081 000 000 000 000
0015 111 049 140 081 000 000 000 000
0016 108 046 138 080 000 000 000 000
0017 115 036 144 068 000 000 000 000
0018 133 025 159 051 000 000 000 000
0019 169 021 210 051 000 000 000 000
0020 181 031 237 060 214 218 241 239
0021 208 049 248 072 213 218 237 238
0022 211 057 250 083 211 217 237 239
0023 206 058 243 081 213 217 239 239
0024 202 057 239 082 214 217 239 239
0025 196 059 234 085 211 216 237 239
0026 161 070 219 100 209 215 236 239
0027 156 097 200 125 210 213 237 239
0028 169 114 209 142 207 213 234 238
0029 204 210 233 237 148 151 203 182
0030 157 177 196 214 200 208 229 237
0031 150 201 180 235 200 207 228 236
0032 141 209 170 239 198 209 227 236
0033 199 208 229 236 132 215 155 238
0034 200 208 226 236 127 216 151 238
0035 200 208 229 236 126 216 149 239
