0000 090 209 117 239 169 213 192 237
0001 090 209 116 239 169 212 192 237
0002 169 211 194 237 091 209 117 239
0003 171 205 199 239 090 206 113 238
0004 175 176 205 224 090 206 113 238
0005 162 141 201 181 090 207 113 238
0006 148 108 196 138 092 208 116 239
0007 141 079 183 108 092 207 116 238
0008 136 073 176 099 090 208 113 238
0009 128 069 173 097 092 208 116 239
0010 131 069 168 095 093 209 116 239
0011 126 070 168 098 093 208 116 239
0012 130 071 166 094 093 209 116 239
0013 127 072 167 098 093 209 116 239
0014 131 071 163 096 093 208 117 239
0015 093 207 117 239 131 071 165 097
0016 132 070 170 095 093 207 118 239
0017 093 208 117 239 131 071 165 097
0018 133 071 170 097 093 208 117 239
0019 090 206 114 238 132 075 172 097
0020 131 085 177 114 091 209 118 239
0021 148 117 187 151 090 209 117 239
0022 162 164 193 211 090 210 117 239
0023 169 198 199 237 090 210 116 239
0024 174 212 201 238 090 208 116 239
0025 090 209 116 239 171 215 196 239
0026 090 211 115 239 169 211 192 237
0027 090 211 116 239 171 210 192 237
0028 090 208 113 237 171 210 192 238
0029 090 208 113 237 169 209 192 238
0030 090 213 115 239 170 209 192 237
0031 090 208 115 237 170 209 192 237
