0007 163 215 198 239 000 000 000 000
0008 048 175 101 228 248 209 296 239
0009 049 129 106 190 222 164 278 211
0010 207 121 266 175 052 100 113 167
0011 055 086 116 149 192 093 249 154
0012 055 073 112 138 189 077 246 141
0013 187 070 244 132 056 067 118 132
0014 186 070 244 131 056 064 116 130
0015 185 067 242 131 055 061 115 126
0016 189 067 240 131 059 063 115 127
0017 187 066 240 130 057 062 115 127
0018 188 065 239 128 055 059 112 121
0019 186 061 239 127 058 056 113 122
0020 183 062 238 125 053 055 111 126
0021 182 062 237 125 055 059 114 124
0022 181 061 237 125 059 054 115 122
0023 182 061 237 125 057 059 114 123
0024 183 061 237 124 061 056 115 117
0025 183 062 237 125 061 056 115 119
0026 183 062 237 125 060 054 115 123
0027 183 062 237 125 060 055 111 123
0028 185 062 240 126 055 058 112 124
0029 187 063 240 129 053 062 111 124
0030 031 115 079 174 210 105 262 164
0031 254 192 303 239 012 216 050 239
