0000 112 208 133 235 173 206 192 235
0001 112 207 133 235 173 206 192 235
0002 112 207 133 235 173 206 192 235
0003 112 206 135 235 173 207 192 236
0004 117 201 141 231 176 203 196 235
0005 191 197 217 226 122 187 148 216
0006 218 160 241 190 134 172 159 199
0007 227 115 250 145 147 148 171 171
0008 219 073 241 107 152 128 176 151
0009 204 048 224 078 155 115 178 139
0010 192 046 211 072 155 115 180 137
0011 154 112 176 134 184 042 205 071
0012 153 111 177 133 180 041 202 071
0013 177 040 199 068 153 113 174 134
0014 176 041 199 072 145 125 170 149
0015 118 149 154 174 174 046 199 074
0016 174 048 198 077 090 172 120 198
0017 075 189 094 215 173 048 195 077
0018 173 048 198 076 072 187 093 214
0019 174 049 198 076 075 188 093 210
0020 174 049 199 078 082 193 101 222
0021 176 070 198 102 086 202 107 229
0022 094 205 117 235 173 103 196 137
0023 099 207 122 235 176 162 200 196
0024 107 205 129 234 176 197 196 232
