0007 156 210 197 238 000 000 000 000
0008 158 181 204 232 000 000 000 000
0009 163 141 208 200 000 000 000 000
0010 167 106 214 169 000 000 000 000
0011 171 090 214 155 000 000 000 000
0012 175 072 210 136 000 000 000 000
0013 176 062 211 132 000 000 000 000
0014 176 059 215 125 000 000 000 000
0015 173 056 218 122 000 000 000 000
0016 174 056 218 121 000 000 000 000
0017 175 056 214 125 000 000 000 000
0018 177 060 215 125 000 000 000 000
0019 174 066 211 136 000 000 000 000
0020 171 073 206 145 000 000 000 000
0021 165 117 199 180 000 000 000 000
0022 158 166 189 213 000 000 000 000
0023 151 193 180 235 000 000 000 000
0024 145 215 175 239 000 000 000 000
0025 148 219 179 237 000 000 000 000
