0005 075 220 107 239 000 000 000 000
0006 066 189 114 235 178 215 214 238
0007 078 122 120 169 155 137 192 190
0008 143 088 191 145 081 082 127 141
0009 089 061 138 123 136 064 181 123
0010 095 053 141 113 135 053 174 114
0011 094 053 141 115 138 051 171 114
0012 096 054 140 112 135 046 170 113
0013 096 053 141 112 132 044 166 107
0014 097 053 141 111 135 046 170 112
0015 097 053 142 112 135 048 171 113
0016 098 053 142 112 136 045 171 111
0017 098 052 143 112 136 048 171 113
0018 096 052 142 112 137 045 172 111
0019 101 054 139 113 136 051 172 110
0020 091 053 135 114 143 054 178 109
0021 087 054 131 114 150 055 184 112
0022 157 057 194 113 081 053 121 116
0023 165 059 207 112 068 057 107 117
0024 184 059 226 115 050 056 091 116
0025 197 062 240 115 040 058 080 116
0026 032 070 069 123 209 067 251 119
0027 025 071 069 121 214 076 259 126
0028 022 070 069 123 213 077 260 127
0029 024 069 069 121 211 076 259 127
0030 024 069 070 123 210 074 257 128
0031 025 070 070 124 209 079 252 132
0032 028 079 072 137 209 092 247 151
0033 036 100 072 161 208 115 243 174
0034 203 153 240 202 044 137 079 190
0035 058 194 100 235 195 202 232 238
0043 076 105 101 137 000 000 000 000
