0000 071 219 111 239 000 000 000 000
0001 072 217 112 239 000 000 000 000
0002 072 216 114 239 000 000 000 000
0003 077 211 119 236 000 000 000 000
0004 077 196 127 236 000 000 000 000
0005 079 170 130 209 000 000 000 000
0006 080 126 134 165 000 000 000 000
0007 085 101 140 149 000 000 000 000
0008 087 082 147 135 000 000 000 000
0009 100 063 151 128 000 000 000 000
0010 103 061 152 121 000 000 000 000
0011 102 061 151 124 000 000 000 000
0012 101 059 142 134 000 000 000 000
0013 096 063 138 136 000 000 000 000
0014 099 063 138 133 000 000 000 000
0015 096 063 144 134 000 000 000 000
0016 097 062 145 135 000 000 000 000
0017 101 059 143 136 000 000 000 000
0018 100 064 144 132 000 000 000 000
0019 099 061 144 121 000 000 000 000
0020 088 043 151 095 000 000 000 000
0021 082 054 151 105 000 000 000 000
0022 088 076 147 125 000 000 000 000
0023 089 126 140 169 000 000 000 000
0024 089 164 132 204 000 000 000 000
0025 087 195 127 234 000 000 000 000
0026 090 215 126 239 000 000 000 000
0027 088 220 125 239 000 000 000 000
