0000 108 196 157 239 000 000 000 000
0001 107 193 156 239 000 000 000 000
0002 106 191 154 239 000 000 000 000
0003 106 187 152 238 000 000 000 000
0004 109 175 148 239 000 000 000 000
0005 107 151 146 222 000 000 000 000
0006 110 130 157 197 000 000 000 000
0007 120 105 170 186 000 000 000 000
0008 125 100 177 167 000 000 000 000
0009 129 088 182 159 000 000 000 000
0010 129 087 191 151 000 000 000 000
0011 130 076 193 145 000 000 000 000
0012 131 076 188 133 000 000 000 000
0013 135 080 187 137 000 000 000 000
0014 131 075 189 142 000 000 000 000
0015 132 076 188 141 000 000 000 000
0016 136 078 187 141 000 000 000 000
0017 134 078 184 142 000 000 000 000
0018 140 077 187 139 000 000 000 000
0019 136 083 187 143 000 000 000 000
0020 136 082 192 141 000 000 000 000
0021 136 084 191 143 000 000 000 000
0022 136 083 188 146 000 000 000 000
0023 137 081 190 143 000 000 000 000
0024 138 079 190 140 000 000 000 000
0025 137 083 196 139 000 000 000 000
0026 136 083 196 139 000 000 000 000
0027 133 083 192 139 000 000 000 000
0028 135 082 192 139 000 000 000 000
0029 144 084 189 144 000 000 000 000
0030 134 081 194 137 000 000 000 000
0031 144 085 189 144 000 000 000 000
0032 133 080 193 137 000 000 000 000
0033 135 086 195 145 000 000 000 000
0034 137 090 193 152 000 000 000 000
0035 131 101 182 169 000 000 000 000
0036 132 119 178 191 000 000 000 000
0037 127 129 163 207 000 000 000 000
0038 118 150 159 225 000 000 000 000
0039 112 173 166 239 000 000 000 000
0040 115 185 166 239 000 000 000 000
0041 114 187 165 239 000 000 000 000
0042 114 191 165 239 000 000 000 000
0043 114 192 165 239 000 000 000 000
0044 114 192 165 239 000 000 000 000
0045 114 193 163 239 000 000 000 000
0046 114 193 165 239 000 000 000 000
0047 113 193 163 239 000 000 000 000
