0000 186 199 210 231 120 200 142 230
0001 120 201 142 231 187 194 209 232
0002 120 200 142 230 188 194 210 229
0003 120 200 142 230 187 196 209 230
0004 185 194 208 229 120 200 142 230
0005 177 188 202 226 119 201 141 230
0006 161 161 189 192 119 201 141 230
0007 142 118 173 147 119 200 141 230
0008 136 099 165 129 119 201 142 231
0009 133 094 163 123 119 201 142 232
0010 131 098 161 121 120 200 143 233
0011 130 095 160 122 120 200 142 229
0012 127 093 162 120 121 201 144 233
0013 126 092 164 126 120 201 142 229
0014 119 202 143 235 132 101 160 124
0015 130 098 159 123 119 202 143 235
0016 126 090 163 123 119 202 143 235
0017 131 089 159 124 118 202 143 234
0018 118 201 142 235 131 098 159 122
0019 130 100 159 124 117 201 141 235
0020 131 105 161 133 117 202 141 234
0021 130 131 165 161 117 201 141 233
0022 150 164 187 201 118 201 141 232
0023 170 189 198 226 117 202 140 232
0024 182 195 206 230 117 202 139 233
0025 188 199 210 234 117 200 139 233
0026 118 201 139 232 190 201 207 229
