0008 088 221 124 237 000 000 000 000
0009 086 214 124 239 000 000 000 000
0010 088 205 135 239 000 000 000 000
0011 092 195 143 236 224 208 273 239
0012 235 144 285 209 097 187 150 223
0013 219 067 268 134 096 177 157 211
0014 187 039 235 095 103 175 157 208
0015 156 043 213 085 104 172 159 202
0016 138 057 201 095 108 171 164 201
0017 128 080 187 123 108 168 164 198
0018 105 171 160 201 122 109 175 151
0019 106 171 159 201 117 124 173 166
0020 104 173 159 201 119 123 172 167
0021 105 172 159 202 119 118 172 165
0022 105 173 160 202 118 124 166 167
0023 106 173 161 203 113 112 167 165
0024 110 171 165 203 101 114 146 163
0025 110 170 163 201 085 119 135 170
0026 108 171 164 201 078 119 127 180
0027 106 162 157 197 078 143 118 191
0028 100 156 145 205 118 124 160 196
0029 139 134 190 206 103 160 169 208
0030 163 131 213 211 099 166 151 196
0031 159 129 210 200 097 170 150 200
0032 146 122 194 183 097 170 148 201
0033 100 170 153 201 128 116 174 175
0034 102 171 158 202 109 113 150 168
0035 104 171 158 203 087 113 132 168
0036 104 170 159 201 075 119 128 178
0037 103 164 158 203 095 121 147 191
0038 100 136 181 213 000 000 000 000
0039 099 167 151 197 152 140 200 224
0040 159 139 216 227 095 168 146 197
0041 090 168 149 200 155 141 202 212
0042 091 166 147 201 144 136 194 202
0043 140 133 188 198 094 164 148 200
0044 094 169 142 198 139 137 187 197
0045 093 170 145 199 138 134 189 199
0046 094 169 146 199 137 132 187 196
0047 091 169 145 199 137 133 189 199
0048 139 141 191 207 092 172 145 203
0049 093 189 142 227 143 166 195 234
0050 149 202 200 239 092 211 135 239
