0000 225 185 253 234 149 189 172 227
0001 225 189 253 236 147 187 168 224
0002 226 187 254 235 144 187 167 222
0003 227 188 255 235 137 182 160 224
0004 128 180 151 217 225 187 253 233
0005 225 188 254 233 124 167 147 206
0006 226 188 256 233 126 127 153 157
0007 228 188 255 234 130 104 170 131
0008 134 086 182 112 227 186 253 233
0009 226 189 254 235 141 084 182 109
0010 225 188 253 235 144 084 181 111
0011 225 189 254 235 141 084 183 112
0012 227 189 253 233 142 086 186 110
0013 227 192 253 232 145 084 184 109
0014 225 188 255 235 145 085 184 110
0015 226 190 255 235 145 083 184 110
0016 225 188 255 235 145 084 184 110
0017 227 188 254 235 143 087 185 112
0018 139 093 182 119 226 187 254 234
0019 131 113 168 139 226 184 252 233
0020 226 185 255 233 132 123 159 161
0021 226 188 254 235 126 156 151 195
0022 227 187 254 234 131 166 154 210
0023 227 187 254 233 136 180 158 218
0024 141 182 162 223 227 187 254 233
0025 227 188 255 234 145 185 164 225
0026 226 187 255 235 145 184 164 221
0027 225 188 253 234 145 184 165 222
0028 225 189 253 236 145 184 164 222
0029 225 188 253 236 145 185 165 222
0030 225 188 253 233 144 185 164 222
0031 226 188 253 234 144 184 165 221
0032 226 188 254 235 145 183 165 220
