0012 130 199 162 236 000 000 000 000
0013 133 178 171 234 000 000 000 000
0014 133 158 182 220 000 000 000 000
0015 146 133 187 203 000 000 000 000
0016 149 114 189 186 000 000 000 000
0017 149 105 189 175 000 000 000 000
0018 150 100 188 172 000 000 000 000
0019 151 099 188 170 000 000 000 000
0020 151 096 188 171 000 000 000 000
0021 152 097 189 172 000 000 000 000
0022 151 100 190 175 000 000 000 000
0023 153 101 190 174 000 000 000 000
0024 153 102 190 172 000 000 000 000
0025 153 101 190 173 000 000 000 000
0026 152 101 190 173 000 000 000 000
0027 152 101 190 175 000 000 000 000
0028 151 102 190 175 000 000 000 000
0029 149 102 195 173 000 000 000 000
0030 152 103 190 176 000 000 000 000
0031 153 102 191 175 000 000 000 000
0032 153 103 190 175 000 000 000 000
0033 152 103 189 176 000 000 000 000
0034 152 104 189 176 000 000 000 000
0035 151 104 189 176 000 000 000 000
0036 151 103 189 176 000 000 000 000
0037 151 104 189 176 000 000 000 000
0038 151 104 189 176 000 000 000 000
0039 151 104 188 175 000 000 000 000
0040 152 104 189 175 000 000 000 000
0041 151 104 189 175 000 000 000 000
0042 150 104 189 176 000 000 000 000
0043 150 104 188 173 000 000 000 000
0044 151 104 189 175 000 000 000 000
0045 152 104 190 175 000 000 000 000
0046 151 105 189 178 000 000 000 000
0047 150 105 189 174 000 000 000 000
0048 150 106 188 177 000 000 000 000
0049 149 107 193 176 000 000 000 000
0050 149 106 188 177 000 000 000 000
0051 149 105 188 175 000 000 000 000
0052 151 106 190 175 000 000 000 000
0053 151 106 190 177 000 000 000 000
0054 149 107 193 177 000 000 000 000
0055 151 106 190 177 000 000 000 000
0056 152 106 189 176 000 000 000 000
0057 152 107 190 175 000 000 000 000
0058 152 106 190 177 000 000 000 000
0059 152 107 191 180 000 000 000 000
0060 151 109 190 178 000 000 000 000
0061 151 113 190 183 000 000 000 000
0062 151 130 188 192 000 000 000 000
0063 146 168 187 211 000 000 000 000
0064 133 192 172 235 000 000 000 000
0065 130 206 162 236 000 000 000 000
