0000 197 206 228 237 126 206 148 238
0001 198 209 223 239 126 204 146 235
0002 197 209 222 239 126 204 146 235
0003 197 208 223 239 125 205 146 236
0004 200 208 226 239 125 206 146 236
0005 197 207 227 238 124 206 147 239
0006 197 207 228 238 125 205 148 239
0007 200 208 227 239 125 204 148 239
0008 201 206 226 238 125 205 146 239
0009 202 202 227 236 119 202 140 236
0010 204 193 228 229 110 190 133 231
0011 097 170 127 200 205 176 230 208
0012 092 135 128 170 201 144 230 177
0013 095 116 130 157 197 124 228 164
0014 097 095 129 142 194 112 219 153
0015 097 093 127 139 190 110 216 148
0016 094 091 128 140 190 110 216 148
0017 091 091 122 139 192 109 220 146
0018 090 092 122 139 192 105 216 142
0019 090 092 122 137 193 106 219 144
0020 091 093 123 142 190 101 217 143
0021 093 093 125 140 189 098 216 140
0022 097 093 128 140 188 096 224 144
0023 103 094 132 139 184 105 212 144
0024 106 093 134 142 181 103 209 141
0025 111 093 140 138 179 106 209 146
0026 114 093 140 138 177 104 205 142
0027 174 101 205 143 120 093 145 140
0028 121 093 145 138 172 102 203 142
0029 125 091 148 139 168 103 197 143
0030 125 093 149 140 170 101 197 139
0031 126 090 149 135 165 099 194 139
0032 132 091 154 138 162 098 192 136
0033 133 089 157 139 162 097 191 137
0034 136 090 159 140 161 098 190 137
0035 137 089 161 141 163 097 196 141
0036 138 090 162 139 159 097 186 137
0037 138 089 162 140 159 095 186 136
0038 137 087 161 140 158 096 185 136
0039 138 087 161 138 158 096 185 136
0040 138 089 162 140 161 096 191 139
0041 138 089 162 139 158 095 193 140
0042 139 093 161 143 158 098 193 141
0043 139 107 162 154 159 105 196 149
0044 134 134 163 168 159 126 199 167
0045 131 164 155 191 162 149 198 183
0046 172 173 202 203 130 182 157 213
0047 179 186 210 217 131 194 158 235
0048 187 198 216 233 131 199 158 236
0049 192 201 220 237 130 199 161 234
0050 197 205 223 239 129 199 161 234
0051 200 208 225 239 131 203 158 239
0052 132 206 158 239 201 206 226 239
0053 201 208 225 239 132 207 157 239
0054 201 207 224 239 132 206 157 239
0055 196 205 227 237 130 206 154 236
