0000 129 214 161 239 000 000 000 000
0001 125 213 165 238 000 000 000 000
0002 125 213 165 238 000 000 000 000
0003 125 212 165 238 000 000 000 000
0004 125 211 165 238 000 000 000 000
0005 125 211 165 238 000 000 000 000
0006 129 207 161 237 000 000 000 000
0007 126 200 165 235 000 000 000 000
0008 123 178 159 211 000 000 000 000
0009 120 149 152 190 000 000 000 000
0010 122 122 153 174 000 000 000 000
0011 121 112 148 162 000 000 000 000
0012 119 105 147 153 000 000 000 000
0013 119 102 147 150 000 000 000 000
0014 119 098 147 146 000 000 000 000
0015 119 098 147 147 000 000 000 000
0016 119 096 147 147 000 000 000 000
0017 118 099 147 147 000 000 000 000
0018 118 099 146 146 000 000 000 000
0019 117 098 147 148 000 000 000 000
0020 117 099 146 146 000 000 000 000
0021 118 098 147 147 000 000 000 000
0022 119 098 146 146 000 000 000 000
0023 116 098 145 147 000 000 000 000
0024 117 097 146 147 000 000 000 000
0025 115 098 146 147 000 000 000 000
0026 107 105 146 151 000 000 000 000
0027 107 112 148 161 000 000 000 000
0028 113 119 146 171 000 000 000 000
0029 116 142 155 185 000 000 000 000
0030 120 163 156 199 000 000 000 000
0031 125 183 159 217 000 000 000 000
0032 123 196 164 233 000 000 000 000
0033 125 205 163 236 000 000 000 000
0034 126 207 165 239 000 000 000 000
0035 126 209 162 238 000 000 000 000
0036 130 212 162 238 000 000 000 000
0037 130 212 161 239 000 000 000 000
0038 129 213 161 239 000 000 000 000
0039 129 213 162 239 000 000 000 000
0040 129 213 161 239 000 000 000 000
0041 127 209 164 237 000 000 000 000
