0003 173 170 206 233 000 000 000 000
0004 128 098 182 128 000 000 000 000
0005 113 087 168 110 000 000 000 000
0006 110 087 164 110 000 000 000 000
0007 114 085 166 107 000 000 000 000
0008 109 086 157 108 000 000 000 000
0009 107 081 162 107 000 000 000 000
0010 110 086 164 111 000 000 000 000
0011 108 085 162 107 000 000 000 000
0012 109 086 159 107 000 000 000 000
0013 109 086 159 107 000 000 000 000
0014 109 086 158 107 000 000 000 000
0015 109 085 161 108 000 000 000 000
0016 109 085 157 107 000 000 000 000
0017 105 096 161 126 000 000 000 000
0018 119 146 170 194 000 000 000 000
0019 143 204 180 237 000 000 000 000
