0000 066 225 111 239 000 000 000 000
0001 069 223 107 239 000 000 000 000
0002 075 215 105 239 130 222 162 239
0003 124 205 165 239 078 198 119 231
0004 124 145 158 202 091 148 124 199
0005 106 093 163 144 098 123 131 178
0006 106 102 137 162 111 080 165 125
0007 101 068 167 101 112 090 143 154
0008 119 082 150 146 104 064 164 093
0009 106 061 171 089 121 080 153 139
0010 123 078 154 138 106 060 169 088
0011 124 076 156 137 107 058 172 086
0012 125 076 156 134 109 057 166 086
0013 126 080 158 135 109 057 173 085
0014 125 074 157 132 108 055 172 084
0015 124 075 159 134 108 053 168 084
0016 124 073 156 133 105 053 168 083
0017 123 075 155 132 105 055 164 086
0018 120 084 153 143 107 063 160 094
0019 095 079 167 122 111 099 153 154
0020 101 116 141 173 122 119 164 166
0021 091 151 131 199 103 181 163 229
0022 080 188 124 227 127 220 162 239
0023 067 205 100 234 000 000 000 000
