0003 093 208 127 236 000 000 000 000
0004 112 182 164 219 000 000 000 000
0005 124 157 169 209 000 000 000 000
0006 123 134 182 184 159 129 195 171
0007 122 119 191 170 000 000 000 000
0008 111 107 177 161 000 000 000 000
0009 108 105 174 161 145 109 198 164
0010 107 098 160 155 152 100 200 152
0011 104 097 162 151 156 096 201 145
0012 103 091 168 143 158 093 200 143
0013 109 093 166 145 156 093 203 140
0014 112 092 166 146 155 094 202 142
0015 108 097 170 147 149 099 192 150
0016 111 097 167 149 152 093 189 149
0017 111 095 164 146 145 097 197 145
0018 112 096 167 150 154 097 195 146
0019 112 091 165 147 156 098 191 149
0020 114 099 164 148 147 100 199 149
0021 118 098 171 150 155 099 191 143
0022 120 099 171 151 000 000 000 000
0023 126 129 183 180 000 000 000 000
0024 120 163 178 220 000 000 000 000
0025 150 196 191 236 109 181 144 233
0026 177 215 216 236 000 000 000 000
0028 182 211 221 236 000 000 000 000
