0000 194 173 214 209 119 184 136 212
0001 197 175 215 207 121 179 138 211
0002 120 179 138 211 198 171 215 205
0003 118 181 137 211 199 174 219 209
0004 112 179 133 210 209 168 228 200
0005 100 176 123 205 216 164 238 194
0006 232 158 261 186 084 169 111 197
0007 243 147 275 172 069 154 105 184
0008 059 141 091 167 248 132 290 157
0009 059 137 088 162 251 128 293 152
0010 059 133 091 159 254 127 292 150
0011 059 134 091 160 257 129 293 155
0012 060 135 089 163 255 130 291 154
0013 060 138 091 166 254 131 292 157
0014 253 136 282 159 069 144 098 171
0015 087 155 118 182 240 146 273 174
0016 107 155 143 188 222 157 254 181
0017 126 159 158 192 202 158 239 184
0018 193 158 225 187 137 162 168 193
0019 144 167 173 190 188 155 218 189
0020 146 163 178 194 187 156 214 187
0021 147 163 178 193 178 156 216 185
0022 148 161 179 192 181 158 212 187
0023 148 160 178 191 181 157 212 187
0024 179 159 214 187 148 160 177 190
0025 177 159 213 187 148 160 177 190
0026 177 158 213 187 148 160 177 190
0027 180 160 211 187 148 162 176 191
0028 145 167 174 191 176 159 215 189
0029 140 164 174 194 182 163 212 191
0030 134 170 165 200 189 163 214 194
0031 126 174 155 210 191 169 214 203
0032 123 180 148 212 194 170 215 205
0033 121 182 144 214 194 172 215 208
0034 121 181 144 213 193 172 214 209
0035 121 181 144 213 193 172 215 209
