0000 157 204 199 235 091 211 131 239
0001 166 203 207 234 091 211 131 239
0002 189 194 223 225 091 211 132 239
0003 195 173 234 210 091 211 132 239
0004 206 149 249 198 091 211 132 239
0005 215 115 258 175 091 211 132 239
0006 215 088 264 151 091 211 133 239
0007 211 065 260 131 091 211 133 239
0008 198 050 252 119 090 211 135 239
0009 189 047 240 109 090 212 135 239
0010 183 039 228 100 090 211 135 239
0011 176 033 224 094 090 211 134 239
0012 174 029 220 086 090 211 134 239
0013 171 024 216 083 090 211 134 239
0014 171 023 216 082 090 211 134 239
0015 172 025 216 084 090 210 134 239
0016 173 022 217 082 090 210 134 239
0017 174 021 219 083 090 211 134 239
0018 181 020 220 077 090 211 134 239
0019 178 022 222 082 090 211 133 239
0020 180 023 223 082 090 211 135 239
0021 181 023 224 082 090 211 136 239
0022 181 023 225 082 090 211 136 239
0023 182 023 225 082 090 211 136 239
0024 181 024 224 083 090 211 136 239
0025 182 025 225 084 090 211 136 239
0026 184 026 228 087 090 211 136 239
0027 190 033 229 098 090 211 136 239
0028 200 042 239 106 090 211 136 239
0029 206 067 246 132 090 211 136 239
0030 209 107 249 161 090 211 135 239
0031 202 146 240 191 090 211 135 239
0032 188 178 223 211 089 211 135 239
0033 173 189 214 228 089 211 134 239
0034 148 199 190 235 090 211 132 239
0035 150 200 189 235 090 211 131 239
0036 151 202 188 235 090 211 130 239
0037 150 202 189 235 090 210 131 239
0038 150 203 189 235 090 210 130 239
