0000 178 202 200 236 107 207 128 238
0001 107 207 128 239 178 202 200 236
0002 106 207 129 238 178 202 201 236
0003 105 202 127 234 178 201 201 235
0004 178 202 200 235 111 187 131 215
0005 177 201 200 236 110 154 144 180
0006 116 115 149 152 177 202 200 236
0007 121 085 150 128 177 202 200 236
0008 121 074 151 117 178 202 200 236
0009 124 076 152 119 178 200 201 235
0010 123 078 153 119 179 201 201 235
0011 179 201 201 235 124 079 152 117
0012 179 201 201 235 123 077 152 117
0013 179 200 201 235 127 080 156 115
0014 179 200 201 235 123 080 151 116
0015 179 200 201 235 122 082 151 116
0016 179 200 200 235 125 082 151 117
0017 125 081 154 123 179 201 200 235
0018 124 092 153 134 179 201 200 235
0019 179 201 200 235 119 132 151 160
0020 112 169 139 204 179 200 201 234
0021 180 201 202 235 104 190 128 228
0022 102 201 125 237 180 201 201 235
0023 102 204 125 239 179 201 201 235
0024 105 207 127 239 179 202 201 236
0025 178 201 200 236 107 206 129 238
0026 178 201 201 236 107 206 128 237
0027 179 201 201 236 107 206 128 237
0028 107 206 128 238 179 202 201 236
