0000 138 210 174 237 000 000 000 000
0002 133 209 176 239 000 000 000 000
0004 134 220 178 239 000 000 000 000
0005 138 211 176 237 039 212 085 238
0006 165 158 203 229 093 187 152 232
0007 172 126 216 197 112 162 169 215
0008 170 109 222 175 127 139 176 194
0009 169 094 228 162 132 123 184 185
0010 167 083 224 146 139 116 184 173
0011 170 077 225 142 139 113 187 172
0012 167 072 224 132 138 106 192 168
0013 162 070 227 131 138 106 193 167
0014 162 071 222 129 133 106 195 164
0015 160 071 222 128 132 105 196 164
0016 158 066 221 128 133 106 195 164
0017 158 067 220 129 132 107 194 165
0018 163 071 220 129 131 106 195 166
0019 162 072 217 130 132 105 193 164
0020 161 072 216 129 137 105 193 165
0021 155 068 220 132 134 101 192 165
0022 155 072 213 130 131 105 191 166
0023 152 082 197 142 119 111 174 168
0024 149 098 186 155 103 132 154 182
0025 145 116 182 168 088 151 138 203
0026 060 191 113 237 137 153 174 200
0027 125 197 166 236 000 000 000 000
0028 117 215 160 239 000 000 000 000
0029 135 203 175 235 000 000 000 000
