0000 195 205 239 238 000 000 000 000
0001 195 205 239 238 000 000 000 000
0002 195 205 239 238 000 000 000 000
0003 195 206 239 238 000 000 000 000
0004 196 206 239 238 069 220 106 238
0005 061 161 099 208 196 207 240 238
0006 194 206 239 238 058 113 093 174
0007 060 071 099 138 195 206 239 238
0008 062 062 098 127 194 206 239 238
0009 060 058 099 123 194 206 239 239
0010 060 062 097 122 195 206 239 238
0011 195 206 239 238 061 061 097 122
0012 059 061 095 124 195 206 235 239
0013 060 062 096 125 195 206 236 239
0014 060 062 096 125 195 206 236 239
0015 060 061 096 126 195 206 236 239
0016 060 062 097 124 194 206 235 239
0017 059 062 096 123 194 206 236 239
0018 195 207 238 239 059 064 096 125
0019 194 207 239 239 062 065 096 124
0020 062 067 098 128 194 206 239 239
0021 066 086 104 143 195 208 238 237
0022 195 207 238 239 075 130 107 178
0023 197 208 241 237 078 195 118 239
0024 196 209 239 237 093 221 124 239
0025 196 208 239 237 000 000 000 000
0026 196 208 239 237 000 000 000 000
0027 195 207 239 237 000 000 000 000
0028 194 207 239 237 000 000 000 000
0029 196 207 239 237 000 000 000 000
