0000 090 208 120 235 165 211 191 238
0001 090 208 120 235 164 211 189 238
0002 090 208 120 235 167 209 190 239
0003 164 201 190 238 089 208 119 235
0004 089 207 119 236 162 178 190 213
0005 088 208 119 237 164 154 189 178
0006 087 208 116 236 167 127 190 163
0007 087 210 116 239 163 111 188 149
0008 090 210 119 239 164 106 190 144
0009 090 208 118 238 162 099 194 134
0010 167 106 199 144 091 206 120 237
0011 162 100 198 140 092 206 120 236
0012 164 106 196 145 091 207 119 237
0013 164 106 196 146 092 209 120 237
0014 165 106 197 146 092 208 121 237
0015 167 105 201 145 091 213 120 239
0016 166 107 198 146 087 212 119 239
0017 168 107 198 146 092 207 121 236
0018 166 115 198 154 091 208 118 238
0019 091 209 119 238 160 136 198 187
0020 163 188 195 239 091 208 117 238
0021 090 208 118 238 163 214 193 238
0022 090 208 117 238 164 214 189 237
0023 090 208 121 237 168 210 192 239
0024 090 207 121 239 166 215 191 238
0025 091 210 122 239 166 215 191 238
0026 091 209 123 239 167 215 191 238
0027 091 210 122 239 167 215 191 238
0028 091 212 122 238 166 215 191 238
