0000 198 206 231 238 113 213 146 237
0001 112 213 146 237 199 206 231 238
0002 112 212 146 237 199 206 231 238
0003 112 212 146 237 203 209 228 239
0004 112 212 146 237 202 209 227 239
0005 112 213 146 237 201 208 228 238
0006 113 212 146 237 204 207 231 239
0007 112 212 146 237 205 206 229 235
0008 212 205 239 239 112 211 146 237
0009 215 196 244 233 112 211 146 237
0010 224 187 253 223 112 211 146 237
0011 227 169 256 204 112 211 146 237
0012 228 150 261 187 113 212 147 238
0013 228 132 262 171 113 212 145 237
0014 229 112 265 152 113 212 145 237
0015 224 098 258 143 113 211 145 237
0016 217 075 250 124 115 214 146 239
0017 210 062 243 113 115 214 146 239
0018 203 058 233 102 115 213 146 239
0019 195 045 226 092 114 213 146 239
0020 185 036 217 082 113 211 145 237
0021 177 031 208 075 113 211 145 237
0022 113 211 145 237 164 030 195 073
0023 113 211 145 237 148 034 182 067
0024 138 029 174 074 113 211 145 237
0025 125 039 163 077 113 211 145 237
0026 115 052 152 089 113 211 145 237
0027 108 065 141 100 113 212 145 237
0028 101 078 139 111 113 212 146 237
0029 103 096 136 127 113 212 146 237
0030 105 113 141 145 113 212 146 237
0031 105 122 146 158 112 212 146 237
0032 118 145 157 179 115 212 145 237
0033 125 156 168 191 112 209 145 239
0034 137 165 178 199 112 209 145 239
0035 150 178 190 214 112 209 145 239
0036 165 191 203 229 115 211 144 239
0037 179 202 216 236 115 212 144 239
0038 190 207 223 238 115 212 144 239
0039 192 211 225 239 115 211 144 239
0040 196 211 226 238 115 211 144 239
