0005 193 181 230 239 000 000 000 000
0006 179 107 221 170 000 000 000 000
0007 170 050 210 120 000 000 000 000
0008 165 029 203 092 000 000 000 000
0009 159 029 194 082 000 000 000 000
0010 157 047 189 085 000 000 000 000
0011 153 055 185 086 000 000 000 000
0012 153 061 182 084 000 000 000 000
0013 152 061 184 088 000 000 000 000
0014 152 061 184 088 000 000 000 000
0015 153 059 181 083 000 000 000 000
0016 153 060 181 084 000 000 000 000
0017 152 061 183 086 000 000 000 000
0018 152 059 183 084 000 000 000 000
0019 152 060 183 086 000 000 000 000
0020 152 060 183 087 000 000 000 000
0021 152 059 184 089 000 000 000 000
0022 154 057 187 087 000 000 000 000
0023 160 053 193 092 000 000 000 000
0024 170 054 206 112 000 000 000 000
0025 180 096 218 153 000 000 000 000
0026 190 180 241 239 000 000 000 000
0027 193 223 228 239 000 000 000 000
