0002 053 208 093 239 000 000 000 000
0003 152 206 195 237 076 172 131 205
0004 145 177 196 217 097 142 155 180
0005 136 107 196 163 000 000 000 000
0006 174 078 221 125 137 092 183 136
0007 135 076 188 131 184 067 233 120
0008 137 072 186 128 188 067 235 119
0009 188 072 239 120 141 074 188 134
0010 144 079 195 135 189 077 241 126
0011 191 076 240 125 144 079 193 135
0012 144 076 193 134 190 075 240 126
0013 191 075 240 126 147 073 195 133
0014 149 072 194 136 190 075 240 126
0015 191 076 240 126 147 077 196 134
0016 142 074 192 130 189 074 240 125
0017 141 074 193 131 190 073 240 124
0018 141 075 193 131 189 074 240 125
0019 143 076 191 131 190 074 240 125
0020 191 074 240 125 145 076 194 133
0021 148 078 191 133 191 073 240 125
0022 148 074 192 130 190 074 240 126
0023 189 076 238 127 144 082 190 135
0024 180 087 234 137 137 106 176 140
0025 130 146 181 193 166 114 215 156
0026 138 202 186 239 138 152 184 191
0027 112 189 164 220 151 223 184 239
0028 059 220 093 239 000 000 000 000
