0002 126 213 163 239 000 000 000 000
0003 109 203 162 239 000 000 000 000
0004 091 176 162 218 000 000 000 000
0005 089 142 158 178 000 000 000 000
0006 086 110 156 149 000 000 000 000
0007 083 096 155 133 000 000 000 000
0008 079 092 154 126 000 000 000 000
0009 079 087 152 119 000 000 000 000
0010 080 085 155 118 000 000 000 000
0011 084 085 155 116 000 000 000 000
0012 081 081 156 111 000 000 000 000
0013 078 083 153 112 000 000 000 000
0014 084 081 158 112 000 000 000 000
0015 083 089 154 120 000 000 000 000
0016 081 102 161 137 000 000 000 000
0017 092 125 158 165 000 000 000 000
0018 099 166 166 204 000 000 000 000
0019 106 189 165 232 000 000 000 000
0020 111 207 164 239 000 000 000 000
0021 124 213 165 239 000 000 000 000
0022 130 213 168 235 000 000 000 000
0023 129 213 169 235 000 000 000 000
