0000 110 193 133 227 000 000 000 000
0001 112 193 132 224 000 000 000 000
0002 112 193 133 224 000 000 000 000
0003 112 193 133 224 000 000 000 000
0004 112 193 134 224 000 000 000 000
0005 112 192 134 224 192 178 211 210
0006 113 192 133 223 198 144 219 177
0007 195 111 222 144 112 192 133 223
0008 195 079 217 121 113 193 133 224
0009 190 069 210 105 112 192 134 224
0010 112 192 133 224 181 073 201 099
0011 112 192 134 224 180 071 200 100
0012 112 192 134 225 176 060 195 098
0013 185 060 205 100 112 193 134 224
0014 196 061 217 101 112 192 134 224
0015 201 067 222 104 112 191 133 222
0016 192 063 212 100 112 190 133 220
0017 179 069 199 100 112 190 133 223
0018 112 190 133 223 176 059 198 100
0019 178 058 201 097 112 190 133 223
0020 112 190 133 223 188 060 207 100
0021 193 060 215 101 112 190 133 223
0022 189 062 210 099 112 190 133 223
0023 112 191 133 223 181 069 198 098
0024 112 193 133 224 175 061 196 101
0025 179 057 200 098 112 192 133 223
0026 188 060 209 101 112 192 133 224
0027 192 059 215 100 110 192 132 224
0028 188 063 206 096 112 192 133 224
0029 178 072 198 100 112 191 133 225
0030 112 193 133 225 176 060 201 100
0031 186 067 209 107 111 193 133 225
0032 111 193 133 226 193 103 219 136
0033 111 193 132 226 196 150 217 187
0034 112 193 132 226 197 175 215 210
0035 112 193 132 226 189 184 206 218
0036 111 194 131 223 000 000 000 000
0037 112 194 132 225 000 000 000 000
0038 112 195 132 227 000 000 000 000
0039 112 195 132 226 000 000 000 000
