0010 157 224 192 239 000 000 000 000
0011 139 200 190 236 000 000 000 000
0012 138 160 182 205 000 000 000 000
0013 145 133 178 184 000 000 000 000
0014 146 098 183 157 000 000 000 000
0015 141 089 181 148 000 000 000 000
0016 141 092 174 142 000 000 000 000
0017 141 094 170 144 000 000 000 000
0018 136 100 171 146 000 000 000 000
0019 136 104 167 147 000 000 000 000
0020 136 105 170 148 000 000 000 000
0021 138 107 171 151 000 000 000 000
0022 138 114 166 160 000 000 000 000
0023 133 156 170 197 000 000 000 000
0024 126 205 173 236 000 000 000 000
