0004 101 221 135 239 000 000 000 000
0005 099 205 139 238 166 215 201 239
0006 160 195 203 236 099 190 136 235
0007 157 183 199 225 100 178 139 222
0008 157 176 199 219 102 172 140 216
0009 158 169 197 212 106 166 144 210
0010 157 163 196 205 108 159 146 204
0011 157 157 195 200 105 156 143 200
0012 158 152 196 195 107 152 145 197
0013 157 150 196 193 109 148 144 193
0014 157 147 194 192 110 150 144 198
0015 110 150 143 197 156 145 190 190
0016 109 147 143 196 154 147 191 189
0017 154 146 191 189 110 148 142 194
0018 108 145 143 195 155 145 192 189
0019 107 144 143 195 157 144 195 188
0020 107 147 143 192 154 147 194 190
0021 105 148 142 192 161 144 195 190
0022 163 145 201 189 099 150 138 193
0023 162 146 204 191 096 151 133 192
0024 165 147 202 189 097 149 129 193
0025 171 147 208 190 094 150 128 193
0026 175 149 212 191 091 151 125 194
0027 085 149 126 193 176 149 216 192
0028 182 150 220 192 084 150 120 195
0029 084 155 118 191 183 150 222 192
0030 075 152 114 196 186 149 227 193
0031 072 153 110 195 188 150 226 194
0032 068 153 107 194 189 150 227 194
0033 065 151 106 193 189 150 228 194
0034 064 151 107 193 189 150 228 194
0035 064 153 106 194 190 150 228 195
0036 064 155 106 194 191 151 228 196
0037 190 150 230 197 065 156 107 196
0038 068 162 107 202 191 158 230 204
0039 190 165 229 207 074 168 112 208
0040 075 179 114 221 187 178 229 224
0041 086 202 126 238 182 209 224 239
0042 099 222 131 239 000 000 000 000
