0000 133 187 153 220 200 186 218 213
0001 133 187 154 220 200 186 218 213
0002 133 186 154 219 200 187 218 214
0003 134 187 155 219 201 187 222 212
0004 138 183 159 215 207 186 227 209
0005 142 175 165 202 211 176 233 202
0006 215 155 240 179 144 150 171 173
0007 217 118 243 149 146 115 172 146
0008 146 087 171 127 214 088 241 124
0009 212 072 235 095 145 065 166 103
0010 143 054 166 088 210 059 232 087
0011 139 051 164 088 208 056 230 086
0012 140 054 165 091 204 064 227 087
0013 142 053 167 088 197 064 220 090
0014 142 054 167 089 197 063 219 092
0015 140 054 166 089 198 062 223 093
0016 140 053 164 088 199 061 223 090
0017 141 054 166 087 199 059 223 090
0018 141 054 164 087 198 058 222 090
0019 141 054 164 087 199 062 219 093
0020 141 053 164 088 197 060 221 090
0021 141 054 164 086 197 060 220 090
0022 140 054 164 088 196 059 220 091
0023 141 054 166 087 194 060 220 085
0024 140 054 164 088 197 060 220 090
0025 140 053 165 087 195 060 219 089
0026 140 054 165 087 195 061 219 090
0027 139 053 163 090 195 060 220 094
0028 143 066 165 099 197 071 221 095
0029 201 089 226 120 139 085 164 124
0030 140 112 169 139 203 113 229 143
0031 203 154 224 184 136 161 163 182
0032 138 177 161 210 198 171 222 206
0033 195 176 217 211 138 183 157 215
0034 138 182 159 218 193 176 215 211
0035 193 176 216 212 137 185 160 220
0036 193 176 216 212 138 188 160 224
0037 195 177 218 213 138 188 160 225
