0000 216 196 255 230 111 212 150 239
0001 231 174 281 212 111 212 150 239
0002 235 146 294 192 110 212 150 239
0003 240 117 288 170 111 212 151 239
0004 239 100 286 154 112 212 151 239
0005 237 092 282 145 112 215 148 239
0006 232 086 279 138 112 215 148 239
0007 228 081 275 135 113 214 146 236
0008 226 080 270 134 111 211 151 239
0009 222 079 265 133 111 211 151 239
0010 221 079 264 132 111 212 151 239
0011 222 079 263 136 113 214 146 237
0012 222 078 262 136 111 211 148 239
0013 220 077 261 137 113 214 146 237
0014 219 079 256 139 111 211 148 239
0015 217 076 260 132 113 214 146 237
0016 217 076 260 133 111 211 148 239
0017 220 077 260 133 113 214 147 236
0018 221 077 262 134 113 214 146 236
0019 221 076 260 137 112 215 148 239
0020 221 078 264 133 112 214 148 239
0021 227 075 264 134 114 214 146 236
0022 227 075 264 135 114 214 147 236
0023 227 075 264 135 114 214 147 236
0024 223 080 261 139 114 214 146 236
0025 224 078 265 133 113 214 147 239
0026 224 078 266 134 113 211 148 239
0027 224 079 266 133 113 211 148 239
0028 224 078 266 133 114 214 146 236
0029 224 077 266 133 114 214 146 237
0030 224 077 266 133 112 215 148 239
0031 224 078 266 134 112 212 148 239
0032 226 081 268 137 113 214 148 239
0033 232 091 274 147 112 214 148 239
0034 234 112 275 169 112 214 148 239
0035 231 150 265 200 112 215 147 239
0036 213 188 255 223 112 211 151 239
0037 204 206 247 239 112 211 151 239
0038 203 210 245 238 112 214 147 239
