0025 160 201 197 235 000 000 000 000
0026 165 169 205 208 000 000 000 000
0027 163 148 207 185 000 000 000 000
0028 166 130 212 171 000 000 000 000
0029 163 126 209 164 000 000 000 000
0030 161 120 207 158 000 000 000 000
0031 159 118 206 158 000 000 000 000
0032 157 119 201 157 000 000 000 000
0033 158 118 205 157 000 000 000 000
0034 159 118 206 158 000 000 000 000
0035 159 117 206 155 000 000 000 000
0036 159 118 206 157 000 000 000 000
0037 158 120 204 157 000 000 000 000
0038 158 119 203 157 000 000 000 000
0039 156 119 201 157 000 000 000 000
0040 157 119 202 156 000 000 000 000
0041 158 119 202 156 000 000 000 000
0042 159 120 205 159 000 000 000 000
0043 162 131 207 170 000 000 000 000
0044 168 161 213 206 000 000 000 000
0045 167 187 212 235 000 000 000 000
