0012 126 222 162 239 000 000 000 000
0013 105 213 155 239 000 000 000 000
0014 118 179 153 219 000 000 000 000
0015 127 108 159 179 000 000 000 000
0016 134 063 172 131 000 000 000 000
0017 140 051 173 118 000 000 000 000
0018 142 054 173 113 000 000 000 000
0019 144 056 174 114 000 000 000 000
0020 144 057 174 112 000 000 000 000
0021 144 054 175 113 000 000 000 000
0022 145 054 176 112 000 000 000 000
0023 143 054 177 115 000 000 000 000
0024 142 058 171 117 000 000 000 000
0025 143 054 175 114 000 000 000 000
0026 143 054 175 113 000 000 000 000
0027 143 054 175 115 000 000 000 000
0028 143 052 175 115 000 000 000 000
0029 143 055 175 117 000 000 000 000
0030 141 053 175 118 000 000 000 000
0031 141 054 175 119 000 000 000 000
0032 141 056 175 121 000 000 000 000
0033 141 059 176 124 000 000 000 000
0034 142 058 177 125 000 000 000 000
0035 142 059 177 124 000 000 000 000
0036 142 057 177 125 000 000 000 000
0037 141 057 178 126 000 000 000 000
0038 142 058 176 125 000 000 000 000
0039 142 060 177 129 000 000 000 000
0040 142 060 178 131 000 000 000 000
0041 142 061 178 131 000 000 000 000
0042 142 060 178 131 000 000 000 000
0043 139 061 181 128 000 000 000 000
0044 140 062 177 131 000 000 000 000
0045 140 062 176 130 000 000 000 000
0046 138 064 175 133 000 000 000 000
0047 137 071 176 143 000 000 000 000
0048 135 097 174 172 000 000 000 000
0049 122 162 165 209 000 000 000 000
0050 118 198 161 239 000 000 000 000
0051 128 220 162 239 000 000 000 000
