0000 117 204 138 238 200 201 230 233
0001 117 203 138 238 222 196 252 229
0002 237 183 275 211 117 203 139 239
0003 116 203 138 239 253 163 292 188
0004 115 203 138 238 256 152 296 174
0005 114 206 136 238 255 134 293 162
0006 256 132 295 158 114 205 135 238
0007 259 132 296 158 114 206 134 238
0008 256 132 295 159 104 213 125 238
0009 073 195 113 229 256 133 295 159
0010 256 133 295 159 047 170 098 200
0011 036 135 081 164 255 132 294 157
0012 035 113 077 146 256 132 294 158
0013 043 077 079 117 257 131 295 156
0014 049 061 081 104 257 130 295 155
0015 059 054 086 091 256 129 295 155
0016 256 128 295 154 060 044 087 087
0017 068 035 096 082 255 128 295 154
0018 255 128 295 155 088 023 114 073
0019 254 129 294 155 117 029 145 078
0020 254 128 294 155 131 059 167 095
0021 253 130 294 156 140 067 188 100
0022 253 130 294 157 143 072 190 104
0023 254 132 294 157 128 067 167 100
0024 254 131 295 157 122 053 148 082
0025 255 132 294 159 096 033 120 079
0026 255 132 295 159 082 042 108 087
0027 258 133 297 160 071 049 098 090
0028 256 133 295 160 074 050 101 094
0029 256 133 295 160 080 046 106 095
0030 255 134 294 161 106 028 130 073
0031 252 135 293 161 125 057 154 093
0032 253 136 292 162 144 050 188 087
0033 251 137 291 163 159 057 203 088
0034 146 057 196 094 249 136 291 163
0035 248 133 292 161 142 053 177 091
0036 247 132 292 160 135 039 165 070
0037 099 032 124 082 247 126 290 155
0038 088 033 114 084 247 125 291 154
0039 078 041 105 090 248 119 290 146
0040 079 052 108 100 244 119 286 145
0041 084 067 113 113 238 122 279 150
0042 082 093 114 132 233 131 274 160
0043 077 129 112 158 228 149 268 177
0044 224 162 258 191 080 147 112 179
0045 090 173 115 210 217 181 247 211
0046 206 192 236 227 103 194 125 233
0047 202 195 223 231 114 198 132 234
0048 192 198 214 233 118 205 134 233
0049 188 199 211 235 117 199 134 232
0050 189 199 211 234 117 200 135 235
0051 190 200 211 234 116 202 133 230
