0001 155 223 188 239 000 000 000 000
0002 155 222 188 239 000 000 000 000
0003 155 223 188 239 111 223 145 239
0004 158 222 195 239 109 221 143 239
0005 158 222 194 239 108 222 142 239
0006 158 222 194 239 108 222 142 239
0007 157 222 194 239 107 223 141 239
0008 158 222 194 239 000 000 000 000
0009 157 222 194 239 000 000 000 000
0010 158 222 194 239 000 000 000 000
0011 158 222 194 239 110 223 144 239
0012 106 221 145 239 153 224 196 239
0013 103 221 140 239 156 224 192 239
0014 084 214 114 238 154 220 203 239
0015 065 193 099 235 194 216 226 239
0016 208 199 257 238 048 161 078 205
0017 051 106 094 163 200 139 243 188
0018 071 075 115 129 166 077 215 138
0019 165 088 211 137 086 078 130 130
0020 168 097 214 148 092 089 131 134
0021 083 100 126 152 167 108 214 159
0022 203 185 246 233 072 123 105 175
0023 201 179 243 231 056 122 090 173
0024 067 089 105 147 179 123 225 180
0025 163 066 213 126 081 065 125 120
0026 172 086 214 125 092 073 131 117
0027 175 093 220 134 095 086 130 135
0028 160 108 210 157 092 110 129 155
0029 157 115 200 167 092 124 132 167
0030 130 137 176 181 095 167 130 209
0031 118 155 170 196 087 171 128 214
0032 086 165 129 208 119 155 168 194
0033 094 166 134 205 124 150 171 191
0034 119 146 169 195 094 156 132 199
0035 120 148 168 195 101 151 140 197
0036 115 145 169 195 000 000 000 000
0037 112 147 172 188 000 000 000 000
0038 119 148 173 182 000 000 000 000
0039 133 140 176 173 110 144 153 172
0040 130 130 169 168 110 140 147 176
0041 122 121 168 168 107 139 136 172
0042 121 121 165 167 000 000 000 000
0043 120 122 162 166 110 133 140 171
0044 123 129 162 172 110 135 139 176
0045 121 136 165 176 000 000 000 000
0046 121 173 176 220 113 151 157 191
0047 138 199 188 237 112 174 149 213
0048 112 195 145 228 152 220 193 239
0049 111 204 142 236 152 223 199 239
0050 113 209 147 236 000 000 000 000
0051 111 212 150 238 000 000 000 000
