0008 228 163 274 222 000 000 000 000
0009 221 119 267 181 000 000 000 000
0010 214 092 262 157 000 000 000 000
0011 209 076 257 139 000 000 000 000
0012 206 074 255 137 000 000 000 000
0013 208 075 257 137 000 000 000 000
0014 208 073 257 134 000 000 000 000
0015 209 075 253 136 000 000 000 000
0016 214 071 256 138 000 000 000 000
0017 211 074 260 135 000 000 000 000
0018 214 074 258 139 000 000 000 000
0019 214 075 258 139 000 000 000 000
0020 214 075 258 139 000 000 000 000
0021 215 070 257 138 000 000 000 000
0022 215 070 257 136 000 000 000 000
0023 214 075 261 139 000 000 000 000
0024 221 088 260 158 000 000 000 000
0025 234 139 274 208 000 000 000 000
