0009 143 217 181 237 000 000 000 000
0010 141 210 183 239 000 000 000 000
0011 136 198 183 238 000 000 000 000
0012 133 184 181 228 000 000 000 000
0013 134 163 180 211 000 000 000 000
0014 133 128 174 190 000 000 000 000
0015 136 107 179 173 000 000 000 000
0016 133 089 175 163 000 000 000 000
0017 136 087 177 157 000 000 000 000
0018 136 075 179 146 000 000 000 000
0019 142 061 177 131 000 000 000 000
0020 142 052 180 123 000 000 000 000
0021 147 051 180 120 000 000 000 000
0022 149 057 180 122 000 000 000 000
0023 149 059 187 126 000 000 000 000
0024 152 058 187 133 000 000 000 000
0025 151 061 184 135 000 000 000 000
0026 152 061 187 132 000 000 000 000
0027 154 060 188 133 000 000 000 000
0028 154 062 189 135 000 000 000 000
0029 153 066 189 140 000 000 000 000
0030 149 067 185 141 000 000 000 000
0031 152 066 189 144 000 000 000 000
0032 150 066 185 141 000 000 000 000
0033 147 072 187 141 000 000 000 000
0034 148 072 187 142 000 000 000 000
0035 148 073 187 141 000 000 000 000
0036 149 072 184 140 000 000 000 000
0037 147 072 187 141 000 000 000 000
0038 148 070 184 142 000 000 000 000
0039 148 072 184 142 000 000 000 000
0040 148 072 184 140 000 000 000 000
0041 147 073 187 141 000 000 000 000
0042 148 068 185 143 000 000 000 000
0043 149 072 185 145 000 000 000 000
0044 151 077 185 148 000 000 000 000
0045 151 081 185 158 000 000 000 000
0046 149 096 186 173 000 000 000 000
0047 152 126 189 193 000 000 000 000
0048 143 195 182 235 000 000 000 000
