0007 137 190 178 226 000 000 000 000
0008 121 166 156 196 000 000 000 000
0009 111 156 152 185 000 000 000 000
0010 111 152 148 178 000 000 000 000
0011 108 150 141 178 000 000 000 000
0012 109 150 141 176 000 000 000 000
0013 112 139 150 170 000 000 000 000
0014 133 119 176 157 000 000 000 000
0015 204 123 240 166 000 000 000 000
0016 249 176 282 209 000 000 000 000
0017 242 200 279 232 000 000 000 000
0018 229 209 262 236 000 000 000 000
0019 223 217 260 239 000 000 000 000
0020 220 218 258 239 000 000 000 000
0021 221 218 259 239 000 000 000 000
0022 223 215 259 236 000 000 000 000
0023 225 214 261 236 000 000 000 000
0024 221 216 261 237 000 000 000 000
0025 222 218 257 239 000 000 000 000
0026 215 222 253 237 000 000 000 000
