0000 110 206 129 235 173 210 197 239
0001 108 209 129 237 176 214 200 239
0002 175 215 198 238 106 213 128 239
0003 106 209 125 236 171 214 195 239
0004 108 208 125 235 171 214 194 235
0005 109 207 126 235 171 213 196 239
0006 109 208 127 235 172 214 196 239
0007 110 207 129 234 173 214 196 239
0008 173 212 194 238 109 209 128 233
0009 099 202 124 227 172 203 192 230
0010 099 192 128 214 157 194 184 222
0011 105 174 132 197 147 173 173 197
0012 109 158 140 182 143 162 173 188
0013 110 157 143 178 143 157 168 178
0014 124 151 151 175 000 000 000 000
0015 117 150 146 175 000 000 000 000
0016 118 150 146 175 141 152 168 176
0017 117 150 146 173 141 151 167 176
0018 118 150 148 175 139 149 166 174
0019 118 153 153 176 139 151 165 175
0020 113 149 143 172 137 149 162 174
0021 104 144 136 167 141 148 165 170
0022 168 136 197 162 086 127 115 156
0023 196 121 222 150 081 115 105 144
0024 207 117 231 146 093 114 116 135
0025 208 121 231 142 094 111 115 140
0026 208 119 230 146 094 114 119 137
0027 208 117 229 145 094 115 118 138
0028 207 120 231 143 094 115 118 136
0029 207 122 231 143 093 114 117 136
0030 207 121 231 143 092 115 117 136
0031 207 120 232 143 090 112 113 135
0032 207 118 231 146 090 112 113 135
0033 208 119 232 146 092 115 113 144
0034 210 119 234 145 091 115 114 143
0035 209 119 232 145 090 117 115 142
0036 214 120 236 147 087 119 110 144
0037 214 119 239 146 086 118 111 147
0038 216 119 241 145 086 118 109 146
0039 220 123 246 150 080 119 104 145
0040 231 136 256 160 066 130 094 154
0041 237 170 267 197 054 160 079 188
0042 223 206 251 230 071 194 093 221
0043 205 212 225 236 094 203 112 230
0044 189 210 209 236 111 208 127 235
0045 113 209 131 233 180 213 201 235
0046 179 211 202 239 115 208 136 236
0047 179 209 203 237 111 206 130 237
0048 179 212 202 239 105 208 124 234
0049 179 212 202 239 106 206 124 234
0050 180 213 202 239 110 209 128 232
0051 180 213 202 239 106 208 130 235
0052 182 215 204 239 112 208 131 234
0053 180 212 203 239 113 208 131 234
