0005 166 196 220 237 066 195 137 238
0006 158 149 214 189 067 136 131 187
0007 153 131 210 172 071 126 132 170
0008 143 116 200 155 078 116 139 159
0009 140 113 199 150 078 114 149 155
0010 155 111 219 150 072 119 140 154
0011 048 119 108 164 192 112 260 146
0012 044 125 099 164 205 117 274 150
0013 067 125 126 163 184 121 247 154
0014 080 122 148 158 169 118 226 152
0015 093 121 158 157 158 119 216 153
0016 174 116 232 150 079 121 145 158
0017 057 131 117 172 200 120 270 153
0018 208 119 279 152 046 133 108 171
0019 062 128 127 171 185 117 255 154
0020 161 117 222 155 087 127 150 164
0021 157 122 220 156 091 128 157 163
0022 168 123 232 158 079 131 146 169
0023 059 140 122 183 196 125 262 160
0024 035 156 100 194 213 127 284 163
0025 045 156 107 200 210 131 276 168
0026 188 140 242 174 063 152 129 197
0027 173 143 229 174 076 143 141 193
0028 075 143 147 191 168 145 225 175
0029 175 141 231 177 076 145 140 193
0030 174 140 232 182 071 152 135 200
0031 083 189 137 237 175 164 226 211
0032 177 203 219 238 000 000 000 000
