0002 166 216 209 239 000 000 000 000
0003 170 158 221 203 000 000 000 000
0004 174 158 222 197 000 000 000 000
0005 171 117 222 152 000 000 000 000
0006 175 093 222 131 000 000 000 000
0007 174 081 222 123 000 000 000 000
0008 174 082 222 123 000 000 000 000
0009 174 082 220 124 000 000 000 000
0010 175 084 221 126 000 000 000 000
0011 176 088 219 129 000 000 000 000
0012 178 087 216 127 000 000 000 000
0013 177 096 216 134 000 000 000 000
0014 179 137 223 173 000 000 000 000
0015 173 169 220 211 000 000 000 000
0016 173 219 208 239 000 000 000 000
