0000 065 202 100 236 000 000 000 000
0001 065 203 100 236 000 000 000 000
0002 065 202 100 236 000 000 000 000
0003 065 203 100 237 172 221 215 239
0004 064 201 099 236 000 000 000 000
0005 064 202 099 236 000 000 000 000
0006 064 201 100 236 000 000 000 000
0007 064 202 100 236 000 000 000 000
0008 064 202 100 236 000 000 000 000
0009 064 202 100 237 172 221 212 238
0010 065 201 101 237 000 000 000 000
0011 065 202 100 237 109 210 156 239
0012 064 202 098 237 111 155 159 202
0013 063 201 099 238 111 132 158 184
0014 062 201 098 238 105 113 156 163
0015 063 203 097 238 105 099 152 151
0016 108 096 154 147 063 203 097 238
0017 062 203 097 238 111 090 159 140
0018 063 202 098 238 118 085 161 138
0019 063 203 097 238 115 091 160 147
0020 063 203 097 237 115 127 158 184
0021 062 201 099 239 111 170 159 223
0022 062 202 099 239 108 182 153 234
0023 062 202 100 238 104 196 150 238
0024 062 202 098 237 102 202 148 239
0025 062 202 098 237 106 202 148 237
0026 062 202 099 238 111 189 153 236
0027 062 201 098 237 114 157 155 213
0028 062 199 099 236 117 123 159 173
0029 062 200 098 237 108 105 156 160
0030 064 198 098 236 118 089 156 136
0031 064 200 098 238 110 072 160 123
0032 062 201 097 238 113 061 160 114
0033 062 201 098 237 109 068 157 122
0034 063 201 099 237 108 084 158 139
0035 108 103 153 153 063 202 098 237
0036 063 202 097 237 107 112 154 170
0037 062 202 097 238 106 129 153 184
0038 061 202 100 238 105 135 149 189
0039 062 202 101 238 106 145 151 200
0040 103 153 152 205 065 203 098 238
0041 103 156 154 209 065 203 098 238
0042 104 161 155 213 065 203 097 237
0043 063 202 100 238 105 163 155 215
0044 108 166 157 219 063 203 097 237
0045 063 200 097 236 115 177 159 229
0046 063 202 100 233 108 202 161 238
0047 063 199 099 236 000 000 000 000
0048 064 201 099 236 000 000 000 000
0049 064 201 101 237 000 000 000 000
0050 065 202 101 237 000 000 000 000
0051 067 200 102 236 000 000 000 000
0052 068 200 104 236 000 000 000 000
0053 069 201 104 235 000 000 000 000
0054 068 202 103 235 000 000 000 000
