0007 198 170 244 219 000 000 000 000
0008 181 126 222 173 000 000 000 000
0009 148 090 191 132 000 000 000 000
0010 110 076 163 119 000 000 000 000
0011 100 079 147 131 000 000 000 000
0012 091 089 132 140 000 000 000 000
0013 084 098 120 158 181 203 201 229
0014 084 101 121 154 175 203 195 230
0015 084 106 122 159 000 000 000 000
0016 085 107 123 160 000 000 000 000
0017 085 107 123 161 000 000 000 000
0018 085 107 123 161 000 000 000 000
0019 082 104 118 160 000 000 000 000
0020 082 104 117 159 000 000 000 000
0021 085 100 125 151 000 000 000 000
0022 093 094 135 144 000 000 000 000
0023 119 095 170 137 000 000 000 000
0024 142 116 193 162 000 000 000 000
0025 176 174 228 225 000 000 000 000
