0000 110 212 128 237 167 223 192 239
0001 109 212 127 237 167 223 192 239
0002 109 212 127 237 167 223 192 239
0003 108 212 127 238 167 223 192 239
0004 107 212 130 238 166 223 192 239
0005 108 213 131 238 167 224 191 239
0006 108 212 127 238 167 224 191 239
0007 108 211 127 238 166 222 191 239
0008 167 220 189 239 110 215 129 238
0009 165 209 189 239 108 213 130 238
0010 167 189 191 213 107 213 130 237
0011 167 159 197 193 107 213 129 238
0012 167 132 197 175 109 210 129 237
0013 174 099 203 138 108 214 128 235
0014 177 084 203 123 107 214 124 238
0015 174 058 202 085 104 213 124 238
0016 173 044 203 078 104 212 124 238
0017 162 033 199 060 105 213 125 238
0018 153 034 190 057 101 210 130 239
0019 151 044 189 071 106 215 127 238
0020 157 066 184 105 105 213 125 239
0021 153 085 186 139 108 211 127 237
0022 150 107 187 168 107 213 125 238
0023 145 126 184 184 106 211 131 237
0024 142 143 185 200 110 211 127 238
0025 137 150 176 210 110 211 127 237
0026 137 148 175 210 109 212 127 238
0027 141 146 175 204 108 211 128 237
0028 143 146 181 200 108 211 127 237
0029 144 157 183 204 108 213 129 238
0030 154 180 184 204 107 215 126 239
0031 162 196 188 227 108 215 130 238
0032 164 214 191 239 108 214 130 238
0033 169 214 195 239 110 212 129 237
0034 169 212 193 239 106 213 129 238
