0005 227 200 285 238 084 221 119 239
0006 215 157 272 208 087 219 126 237
0007 207 119 254 178 089 214 133 239
0008 199 095 241 162 089 210 137 237
0009 185 086 230 155 093 205 148 238
0010 187 080 226 150 091 199 151 236
0011 098 199 152 239 184 081 223 150
0012 099 192 155 237 184 082 224 152
0013 184 082 224 151 103 178 159 218
0014 182 084 222 151 110 157 166 196
0015 179 083 221 151 118 133 170 181
0016 179 077 219 151 124 119 177 167
0017 182 082 221 151 124 121 182 162
0018 181 082 220 152 124 125 186 164
0019 181 083 220 151 128 127 185 163
0020 182 084 220 151 126 127 188 162
0021 182 082 220 151 136 125 189 162
0022 183 082 220 151 134 119 189 162
0023 182 082 220 151 137 116 188 161
0024 182 083 220 151 138 113 188 160
0025 181 082 219 152 137 115 190 159
0026 181 081 218 151 135 117 190 158
0027 181 082 218 151 136 118 192 159
0028 183 084 218 150 139 119 190 158
0029 183 083 219 151 139 120 191 159
0030 182 083 219 152 136 115 192 159
0031 182 083 219 152 139 114 191 159
0032 181 083 219 152 142 112 189 154
0033 182 083 219 152 140 113 193 154
0034 181 081 218 150 142 116 192 152
0035 180 083 218 150 142 112 195 150
0036 183 083 219 151 139 115 193 152
0037 183 081 219 151 142 117 192 154
0038 182 081 219 151 149 116 194 155
0039 178 084 215 152 153 114 192 157
0040 181 083 218 152 153 108 191 150
0041 181 084 218 151 146 110 200 148
0042 181 086 218 150 152 106 195 147
0043 179 086 218 150 153 107 202 145
0044 179 086 218 151 153 109 204 148
0045 178 085 219 152 151 110 206 150
0046 183 083 218 150 156 113 209 150
0047 181 082 218 148 156 112 205 152
0048 174 085 211 147 000 000 000 000
0049 179 082 219 150 160 107 202 144
0050 177 084 219 150 159 106 204 144
0051 178 085 220 150 000 000 000 000
0052 178 084 221 150 000 000 000 000
0053 178 084 223 153 000 000 000 000
0054 182 087 228 157 000 000 000 000
0055 161 119 221 162 183 087 227 149
0056 188 098 229 166 144 134 207 169
0057 199 129 245 189 116 159 170 198
0058 211 164 257 219 080 199 119 233
0059 216 201 266 239 000 000 000 000
