0000 134 195 185 228 177 166 212 200
0001 138 193 184 228 173 169 211 202
0002 135 194 183 231 179 161 213 197
0003 133 193 182 230 181 165 212 196
0004 178 162 216 196 135 194 180 232
0005 134 196 187 234 181 151 223 188
0006 137 197 196 237 188 130 228 170
0007 189 089 231 137 133 183 193 225
0008 181 075 230 124 137 158 193 202
0009 174 060 220 099 147 110 195 166
0010 165 048 216 088 153 084 190 141
0011 149 042 212 073 158 069 187 129
0012 158 059 184 124 152 043 211 074
0013 150 044 208 074 158 059 186 117
0014 154 043 208 073 157 056 188 116
0015 153 040 206 075 157 056 187 117
0016 154 058 184 117 150 044 207 076
0017 155 060 183 120 151 041 208 074
0018 153 044 207 078 155 061 184 120
0019 152 044 207 078 153 063 184 121
0020 155 044 207 077 153 059 184 121
0021 153 061 182 121 150 042 207 076
0022 151 069 181 125 152 051 207 087
0023 143 076 181 138 155 065 210 102
0024 159 085 211 126 139 110 176 150
0025 126 138 176 177 159 108 208 149
0026 119 159 164 197 168 144 203 183
0027 114 175 160 214 170 169 204 210
0028 112 189 161 228 172 185 207 224
0029 117 198 164 235 168 193 201 233
0030 119 201 165 236 170 198 208 235
