0000 073 204 104 235 123 208 162 234
0001 073 204 104 235 126 207 163 234
0002 077 203 104 230 123 206 166 234
0003 125 208 163 234 073 204 104 235
0004 127 205 166 233 074 205 103 232
0005 134 195 173 228 076 204 107 236
0006 137 181 177 220 076 203 107 236
0007 149 162 188 198 076 203 107 237
0008 076 203 107 236 159 140 194 171
0009 163 106 208 139 075 204 103 231
0010 170 089 209 120 075 205 103 232
0011 173 072 215 106 074 205 103 232
0012 176 061 216 092 074 201 105 233
0013 176 054 216 081 074 200 105 233
0014 180 053 215 076 074 200 105 233
0015 176 043 214 070 074 201 105 233
0016 179 042 214 067 075 201 105 233
0017 174 033 213 062 075 201 105 233
0018 175 033 213 060 075 201 105 234
0019 170 035 210 062 071 201 105 236
0020 169 035 211 061 075 202 107 234
0021 169 035 211 062 072 202 105 235
0022 168 034 211 062 073 201 104 234
0023 169 034 210 061 072 201 105 233
0024 170 034 209 060 074 205 103 230
0025 075 203 107 235 170 036 210 061
0026 076 205 106 231 171 036 209 061
0027 076 203 106 232 171 036 210 062
0028 072 202 104 236 171 036 210 062
0029 077 204 106 232 175 034 213 058
0030 075 203 107 236 172 036 210 060
0031 077 204 106 231 170 035 210 061
0032 169 035 210 061 077 204 106 231
0033 169 035 209 060 073 202 104 235
0034 169 035 209 060 077 203 106 231
0035 173 033 212 057 073 201 103 235
0036 172 037 209 059 075 201 104 233
0037 172 035 209 060 072 202 105 235
0038 172 037 210 062 072 202 105 235
0039 173 041 209 066 072 201 105 236
0040 075 203 103 230 171 048 207 074
0041 076 201 107 233 172 064 206 087
0042 074 203 103 230 172 080 208 120
0043 072 201 105 235 160 102 197 147
0044 072 202 105 235 159 141 184 175
0045 147 178 175 213 075 202 107 234
0046 141 195 171 227 074 203 103 230
0047 133 203 165 235 076 203 107 234
0048 129 209 162 238 071 203 104 236
0049 128 209 162 236 072 201 105 234
0050 075 202 106 234 128 210 163 236
0051 073 202 104 235 128 211 163 236
0052 076 202 107 235 128 211 163 236
0053 128 211 163 236 074 202 105 234
0054 073 202 104 234 128 211 163 236
0055 074 204 103 231 128 211 163 236
0056 074 204 103 231 128 211 163 236
0057 128 211 163 236 073 203 103 231
