0003 108 156 214 233 000 000 000 000
0004 104 154 230 231 092 219 137 239
0005 082 093 152 157 121 216 178 236
0006 120 176 200 229 076 111 161 193
0007 114 111 214 187 076 170 148 237
0008 135 154 246 230 063 126 145 189
0009 111 179 207 239 055 090 154 162
0010 073 132 177 201 000 000 000 000
0011 026 114 127 190 117 097 219 164
0012 000 112 047 174 194 113 319 185
0013 271 127 319 184 000 000 000 000
0014 278 125 319 183 000 000 000 000
0016 270 129 319 187 000 000 000 000
0017 280 186 319 237 000 000 000 000
