0002 251 199 308 236 000 000 000 000
0003 244 178 300 221 000 000 000 000
0004 232 153 289 206 000 000 000 000
0005 225 142 282 200 000 000 000 000
0006 219 131 277 188 000 000 000 000
0007 217 122 273 184 000 000 000 000
0008 215 117 271 178 000 000 000 000
0009 214 113 271 179 000 000 000 000
0010 213 110 272 175 000 000 000 000
0011 213 107 271 172 000 000 000 000
0012 214 107 271 171 000 000 000 000
0013 215 105 275 171 000 000 000 000
0014 215 104 275 171 000 000 000 000
0015 219 101 276 170 000 000 000 000
0016 220 100 275 170 000 000 000 000
0017 221 100 275 169 000 000 000 000
0018 221 100 276 170 000 000 000 000
0019 221 100 276 170 000 000 000 000
0020 221 102 276 169 000 000 000 000
0021 221 101 276 168 000 000 000 000
0022 220 099 275 168 000 000 000 000
0023 218 099 275 170 000 000 000 000
0024 220 098 273 170 000 000 000 000
0025 217 100 272 166 000 000 000 000
0026 216 099 271 166 000 000 000 000
0027 216 100 270 171 000 000 000 000
0028 215 101 272 165 000 000 000 000
0029 215 101 271 165 000 000 000 000
0030 213 100 271 166 000 000 000 000
0031 214 100 271 165 000 000 000 000
0032 213 098 270 166 000 000 000 000
0033 215 101 269 166 000 000 000 000
0034 212 100 270 168 000 000 000 000
0035 212 099 270 168 000 000 000 000
0036 213 099 270 167 000 000 000 000
0037 213 099 270 168 000 000 000 000
0038 213 099 270 169 000 000 000 000
0039 214 098 271 166 000 000 000 000
0040 213 100 271 167 000 000 000 000
0041 213 100 271 168 000 000 000 000
0042 213 101 271 169 000 000 000 000
0043 213 101 272 169 000 000 000 000
0044 213 101 273 169 000 000 000 000
0045 215 104 272 171 000 000 000 000
0046 220 109 274 177 000 000 000 000
0047 229 127 278 188 000 000 000 000
0048 240 167 295 219 000 000 000 000
0049 257 204 310 235 000 000 000 000
