0000 219 207 245 239 142 202 162 237
0001 219 208 246 239 142 203 163 236
0002 143 203 163 236 220 209 247 239
0003 221 209 247 239 140 202 161 237
0004 126 200 157 235 220 207 247 239
0005 124 196 149 235 221 206 246 239
0006 105 183 141 221 221 206 247 239
0007 093 166 134 204 220 205 249 237
0008 087 161 128 191 222 207 248 239
0009 081 150 123 179 221 207 247 239
0010 073 144 118 175 220 206 246 239
0011 073 140 117 174 220 206 246 239
0012 069 137 116 173 220 206 246 239
0013 067 134 112 172 221 205 247 239
0014 068 125 112 164 222 204 248 239
0015 066 118 112 156 224 205 248 239
0016 067 105 111 139 226 205 250 239
0017 066 100 111 133 225 206 250 239
0018 067 106 111 137 223 204 247 239
0019 068 112 108 146 221 204 247 239
0020 071 121 115 152 221 204 246 239
0021 078 130 118 158 221 205 245 239
0022 090 143 123 177 220 206 245 239
0023 219 207 245 239 112 179 134 213
0024 219 208 245 239 123 190 145 230
0025 217 208 242 239 136 199 158 235
0026 216 209 242 239 141 207 169 238
0027 143 206 165 237 216 208 242 239
0028 216 207 242 239 138 206 160 237
0029 216 207 244 238 136 209 157 239
0030 216 207 244 239 132 208 154 238
