0000 150 224 184 239 000 000 000 000
0001 150 222 185 239 000 000 000 000
0002 150 224 184 239 000 000 000 000
0003 148 222 183 239 000 000 000 000
0004 152 221 186 239 000 000 000 000
0005 157 214 194 238 000 000 000 000
0006 169 205 204 239 000 000 000 000
0007 186 177 221 235 000 000 000 000
0008 195 144 233 211 000 000 000 000
0009 201 121 240 189 000 000 000 000
0010 209 111 246 174 000 000 000 000
0011 211 098 247 162 000 000 000 000
0012 214 097 253 159 000 000 000 000
0013 214 092 254 158 000 000 000 000
0014 211 096 257 159 000 000 000 000
0015 214 100 253 165 000 000 000 000
0016 213 101 250 161 000 000 000 000
0017 212 098 252 164 000 000 000 000
0018 212 100 257 160 000 000 000 000
0019 213 098 252 163 000 000 000 000
0020 214 099 255 165 000 000 000 000
0021 214 100 252 164 000 000 000 000
0022 213 101 253 164 000 000 000 000
0023 211 095 257 156 000 000 000 000
0024 215 099 254 161 000 000 000 000
0025 212 100 249 166 000 000 000 000
0026 211 106 248 169 000 000 000 000
0027 206 115 246 182 000 000 000 000
0028 199 132 235 200 000 000 000 000
0029 184 164 222 224 000 000 000 000
0030 168 197 205 236 000 000 000 000
0031 148 218 192 239 000 000 000 000
0032 150 216 187 239 000 000 000 000
0033 152 222 185 239 000 000 000 000
0034 151 221 186 238 000 000 000 000
0035 150 222 184 239 000 000 000 000
0036 152 222 184 239 000 000 000 000
