0000 195 209 224 239 108 210 131 239
0001 196 209 225 239 108 210 130 239
0002 198 207 228 236 106 206 127 237
0003 198 203 230 236 105 205 127 235
0004 200 189 232 226 101 198 126 234
0005 101 168 127 205 195 164 225 201
0006 111 126 142 163 177 120 215 153
0007 169 081 211 118 116 091 153 125
0008 124 061 162 099 164 060 205 096
0009 162 046 195 077 133 039 169 075
0010 137 029 172 067 161 033 193 074
0011 138 028 169 066 167 030 196 069
0012 164 029 194 069 136 029 168 063
0013 162 027 193 068 136 027 175 063
0014 139 023 174 059 163 023 197 064
0015 140 018 174 057 164 020 197 062
0016 139 018 176 054 162 018 197 057
0017 139 018 177 055 166 021 195 060
0018 139 022 178 060 165 024 199 063
0019 139 024 177 059 163 025 197 063
0020 136 022 175 056 167 027 198 062
0021 137 023 175 060 166 027 198 063
0022 137 023 176 059 166 030 196 067
0023 137 024 175 061 164 028 196 063
0024 137 025 173 061 166 029 197 063
0025 136 026 171 060 162 028 199 064
0026 136 025 174 062 166 030 204 067
0027 136 025 175 061 166 030 205 066
0028 137 025 176 061 164 028 196 065
0029 137 025 174 062 165 028 199 067
0030 135 029 171 063 165 028 201 067
0031 166 035 211 076 123 034 163 074
0032 109 072 143 110 183 061 224 099
0033 099 127 127 172 197 113 234 156
0034 213 177 241 215 096 187 119 229
0035 099 205 120 238 218 197 244 235
0036 214 210 241 239 104 212 126 239
0037 212 212 237 238 108 214 129 239
0038 208 213 232 239 108 211 130 236
0039 206 213 230 239 110 209 132 237
0040 203 213 228 238 107 212 130 239
0041 203 213 229 239 109 209 134 237
0042 201 212 227 238 111 210 135 237
0043 200 213 227 237 111 214 133 239
0044 201 213 227 238 109 214 132 239
0045 201 213 227 238 109 211 131 235
0046 200 213 226 238 110 210 135 239
0047 200 213 227 237 109 212 132 237
0048 200 213 226 237 109 211 132 236
0049 201 213 227 237 109 211 132 236
0050 200 213 226 238 109 212 132 237
0051 200 212 226 238 109 212 133 237
0052 199 212 226 238 109 212 133 237
0053 199 212 226 238 109 212 132 236
