0000 137 189 159 218 204 188 222 216
0001 134 189 156 218 203 188 220 216
0002 134 189 156 218 203 187 221 215
0003 134 189 156 218 203 186 221 214
0004 135 188 157 217 204 186 221 215
0005 203 184 222 213 136 191 158 215
0006 141 186 165 213 204 181 223 211
0007 205 173 224 200 145 179 171 203
0008 208 160 227 187 149 165 178 191
0009 211 144 229 170 148 151 178 177
0010 207 137 232 159 148 144 175 168
0011 214 123 240 152 147 130 171 151
0012 217 117 241 145 138 113 163 145
0013 216 112 243 145 133 109 158 140
0014 129 112 156 141 218 111 244 142
0015 128 112 153 140 220 111 243 142
0016 217 113 243 145 124 108 152 143
0017 129 111 154 140 215 113 242 146
0018 129 111 154 139 218 113 243 141
0019 129 111 155 140 218 114 243 141
0020 125 111 147 142 215 114 242 146
0021 216 113 242 146 129 109 154 141
0022 129 110 155 139 215 115 239 144
0023 216 120 241 152 130 118 157 148
0024 215 138 235 165 139 139 163 163
0025 143 156 171 184 210 150 231 177
0026 145 168 170 201 206 162 228 190
0027 146 177 171 215 204 172 226 201
0028 147 181 171 216 202 176 222 204
