0011 093 208 143 239 000 000 000 000
0012 089 188 148 235 000 000 000 000
0013 088 171 147 217 000 000 000 000
0014 090 164 145 207 000 000 000 000
0015 087 157 143 203 000 000 000 000
0016 086 153 144 199 000 000 000 000
0017 082 148 146 193 000 000 000 000
0018 083 141 144 185 000 000 000 000
0019 082 131 146 176 000 000 000 000
0020 081 125 145 170 000 000 000 000
0021 077 120 145 167 000 000 000 000
0022 080 116 144 163 000 000 000 000
0023 080 115 144 162 000 000 000 000
0024 082 115 144 163 000 000 000 000
0025 082 115 146 164 000 000 000 000
0026 077 118 146 162 000 000 000 000
0027 078 119 146 162 000 000 000 000
0028 081 118 150 168 000 000 000 000
0029 081 115 146 161 000 000 000 000
0030 081 116 146 165 000 000 000 000
0031 076 115 146 159 000 000 000 000
0032 076 111 145 158 000 000 000 000
0033 077 110 145 158 000 000 000 000
0034 078 109 144 157 000 000 000 000
0035 078 108 144 156 000 000 000 000
0036 077 107 144 156 000 000 000 000
0037 080 109 144 157 000 000 000 000
0038 079 112 146 159 000 000 000 000
0039 081 112 145 159 000 000 000 000
0040 080 114 146 159 000 000 000 000
0041 080 117 144 164 000 000 000 000
0042 079 126 144 172 000 000 000 000
0043 081 146 143 195 000 000 000 000
0044 082 179 142 230 000 000 000 000
0045 096 223 132 239 000 000 000 000
