0007 224 202 276 239 000 000 000 000
0008 217 163 280 213 000 000 000 000
0009 215 124 273 185 000 000 000 000
0010 200 119 264 182 000 000 000 000
0011 165 128 204 172 000 000 000 000
0012 103 119 173 167 000 000 000 000
0013 100 108 165 156 000 000 000 000
0014 107 104 165 156 000 000 000 000
0015 112 103 170 157 000 000 000 000
0016 112 105 178 158 000 000 000 000
0017 171 100 205 161 000 000 000 000
0018 196 092 253 159 000 000 000 000
0019 206 104 260 170 000 000 000 000
0020 213 129 263 198 000 000 000 000
0021 215 183 263 234 000 000 000 000
