0000 123 208 155 239 000 000 000 000
0001 126 203 161 238 000 000 000 000
0002 134 184 179 237 000 000 000 000
0003 150 138 205 179 000 000 000 000
0004 157 103 218 150 000 000 000 000
0005 155 078 226 127 000 000 000 000
0006 154 067 230 121 000 000 000 000
0007 151 069 225 121 000 000 000 000
0008 159 071 222 119 000 000 000 000
0009 159 074 222 123 000 000 000 000
0010 159 073 222 119 000 000 000 000
0011 159 071 225 119 000 000 000 000
0012 161 066 226 120 000 000 000 000
0013 160 066 225 120 000 000 000 000
0014 159 070 222 119 000 000 000 000
0015 159 073 223 121 000 000 000 000
0016 159 074 222 120 000 000 000 000
0017 158 074 223 120 000 000 000 000
0018 158 075 221 120 000 000 000 000
0019 158 074 222 121 000 000 000 000
0020 157 075 222 121 000 000 000 000
0021 157 077 221 126 000 000 000 000
0022 155 090 211 133 000 000 000 000
0023 151 112 195 151 000 000 000 000
0024 142 131 183 170 000 000 000 000
0025 132 170 170 215 000 000 000 000
0026 125 183 166 232 000 000 000 000
0027 124 199 163 238 000 000 000 000
0028 126 204 162 239 000 000 000 000
0029 125 206 161 239 000 000 000 000
0030 126 207 160 238 000 000 000 000
