0004 112 214 154 239 000 000 000 000
0005 114 174 164 226 000 000 000 000
0006 113 147 170 195 173 220 210 239
0007 118 132 177 176 141 195 165 236
0008 118 126 182 171 141 186 165 230
0009 116 121 182 165 137 177 164 217
0010 115 119 168 167 138 176 164 213
0011 113 117 165 168 153 191 204 225
0012 119 117 175 171 160 191 204 224
0013 122 119 179 168 162 194 200 226
0014 120 115 174 168 132 176 188 221
0015 120 115 174 169 132 172 187 224
0016 119 117 173 173 160 190 205 227
0017 119 114 173 166 158 190 204 227
0018 120 115 180 168 130 180 194 223
0019 123 115 181 170 140 187 204 222
0020 120 112 173 169 132 181 198 221
0021 125 117 174 175 131 181 198 221
0022 123 115 175 165 143 191 203 225
0023 119 118 185 168 137 188 195 226
0024 125 114 181 168 157 194 200 224
0025 121 120 176 172 158 193 204 226
0026 116 130 172 177 159 203 205 235
0027 113 164 165 215 000 000 000 000
0028 114 186 159 236 000 000 000 000
0029 114 215 146 239 000 000 000 000
