0000 234 201 286 234 129 216 176 239
0001 238 185 296 221 129 215 176 239
0002 248 157 306 200 129 216 175 239
0003 247 124 304 179 130 219 177 239
0004 244 096 303 155 130 216 180 239
0005 236 082 288 144 130 219 177 239
0006 229 072 279 134 131 219 178 239
0007 222 067 275 128 131 219 177 239
0008 218 060 267 124 130 219 177 239
0009 216 059 264 119 131 219 177 239
0010 214 059 266 119 131 219 177 239
0011 212 058 262 118 130 219 177 239
0012 214 057 265 118 130 219 178 239
0013 214 057 266 118 130 219 177 239
0014 215 058 266 118 130 218 178 239
0015 215 058 266 119 130 219 178 239
0016 214 058 266 120 130 218 178 239
0017 215 058 265 119 130 218 178 239
0018 215 059 265 119 130 218 178 239
0019 214 060 266 119 130 218 178 239
0020 220 065 268 129 131 215 179 239
0021 230 089 278 150 133 214 177 239
0022 236 122 283 180 133 216 179 239
0023 241 169 281 210 133 216 179 239
0024 229 191 268 230 134 216 180 239
0025 217 205 254 236 133 216 179 239
0026 213 204 253 238 133 214 174 239
0027 212 209 255 238 132 214 173 239
0028 214 207 254 239 133 214 173 239
