0000 181 203 205 237 114 202 140 239
0001 114 203 140 239 182 203 205 238
0002 113 204 139 239 182 204 206 238
0003 112 202 139 238 183 204 206 238
0004 182 205 205 239 110 204 138 239
0005 181 205 205 239 108 207 137 239
0006 103 198 132 239 176 203 201 239
0007 099 172 126 209 164 193 192 230
0008 100 155 124 179 158 183 195 217
0009 100 110 135 138 144 139 187 168
0010 105 092 143 124 136 123 179 151
0011 109 082 149 112 146 100 182 136
0012 140 083 187 126 112 084 151 112
0013 143 082 186 125 112 079 151 107
0014 112 080 152 107 143 081 186 125
0015 112 080 153 107 144 084 185 126
0016 113 078 153 106 143 077 185 123
0017 112 077 155 106 144 079 183 124
0018 112 077 156 106 143 081 185 125
0019 112 078 157 106 144 081 185 126
0020 112 078 156 106 144 081 185 126
0021 113 078 157 105 145 083 184 127
0022 112 078 157 106 146 080 184 125
0023 113 078 156 107 145 082 184 127
0024 114 080 154 106 145 084 184 126
0025 114 080 154 105 145 084 184 126
0026 114 080 155 106 145 084 184 126
0027 114 080 155 105 142 082 184 126
0028 115 079 154 106 143 086 185 127
0029 117 081 157 109 150 097 190 136
0030 112 102 148 133 148 110 190 147
0031 103 140 137 164 151 145 190 175
0032 104 174 127 210 159 173 197 209
0033 101 195 123 232 181 200 208 234
0034 100 198 125 236 188 202 211 235
0035 101 203 122 236 192 201 216 239
0036 107 206 124 239 195 203 216 232
0037 109 204 127 235 190 201 212 237
0038 108 205 128 236 188 200 210 236
