0000 235 193 287 228 098 214 138 238
0001 245 169 302 207 096 213 133 238
0002 247 132 304 182 098 214 138 238
0003 243 111 301 167 099 213 138 237
0004 238 087 287 148 098 213 138 238
0005 231 073 278 134 098 214 138 238
0006 224 064 272 128 098 213 138 238
0007 222 062 267 125 094 210 136 239
0008 217 061 264 124 098 213 138 238
0009 215 062 264 125 098 213 138 238
0010 215 061 264 125 098 213 138 238
0011 216 062 264 123 098 213 137 238
0012 217 062 265 124 098 213 137 238
0013 217 063 265 124 098 213 137 238
0014 216 061 263 123 098 213 137 238
0015 216 061 263 122 098 213 137 238
0016 216 060 263 122 098 213 137 238
0017 215 060 263 122 098 213 137 238
0018 217 061 264 122 098 213 137 238
0019 221 066 265 126 098 212 137 238
0020 229 080 272 140 098 212 137 238
0021 238 122 280 175 098 213 137 238
0022 236 167 276 209 098 213 137 238
0023 227 201 257 236 098 213 137 238
0024 225 202 256 238 098 213 137 238
0025 226 197 266 235 098 213 136 238
0026 226 201 272 238 098 213 136 238
0027 225 202 272 239 098 213 136 238
0028 225 202 275 238 098 213 136 238
