0002 099 188 151 236 000 000 000 000
0003 106 157 159 218 000 000 000 000
0004 123 121 163 187 000 000 000 000
0005 125 094 168 155 000 000 000 000
0006 119 084 174 142 000 000 000 000
0007 124 078 173 133 066 210 094 236
0008 127 074 173 129 000 000 000 000
0009 128 073 172 127 000 000 000 000
0010 128 073 172 126 000 000 000 000
0011 130 070 169 127 000 000 000 000
0012 132 071 170 128 000 000 000 000
0013 129 073 172 126 000 000 000 000
0014 131 071 169 129 072 216 092 237
0015 128 073 171 128 000 000 000 000
0016 129 072 169 126 000 000 000 000
0017 132 072 168 130 000 000 000 000
0018 126 072 169 126 000 000 000 000
0019 126 073 168 126 000 000 000 000
0020 123 086 165 137 000 000 000 000
0021 119 097 160 150 000 000 000 000
0022 101 123 154 183 000 000 000 000
0023 086 153 151 214 000 000 000 000
0024 063 191 106 236 097 192 141 237
0025 098 219 153 239 000 000 000 000
0026 130 209 174 239 000 000 000 000
0027 131 211 175 239 000 000 000 000
