0000 131 222 156 239 166 225 194 239
0001 131 219 161 238 164 224 187 239
0002 134 221 165 237 000 000 000 000
0003 135 219 165 237 161 222 189 239
0004 135 217 167 236 000 000 000 000
0005 131 219 162 239 000 000 000 000
0006 124 224 146 239 000 000 000 000
0011 078 211 108 234 000 000 000 000
0012 051 191 083 209 000 000 000 000
0013 034 126 064 150 000 000 000 000
0014 043 087 066 119 000 000 000 000
0015 061 049 085 091 000 000 000 000
0016 083 030 103 072 000 000 000 000
0017 103 035 129 081 000 000 000 000
0018 109 038 138 082 000 000 000 000
0019 104 040 134 085 000 000 000 000
0020 101 035 128 079 000 000 000 000
0021 080 022 106 060 000 000 000 000
0022 045 035 076 074 000 000 000 000
0023 020 074 052 101 000 000 000 000
0024 014 099 045 127 000 000 000 000
0025 013 091 048 121 000 000 000 000
0026 023 067 054 096 000 000 000 000
0027 074 021 102 062 000 000 000 000
0028 103 027 139 072 000 000 000 000
0029 112 034 149 075 000 000 000 000
0030 108 034 147 076 000 000 000 000
0031 108 035 142 075 000 000 000 000
0032 104 034 141 076 000 000 000 000
0033 099 035 131 078 000 000 000 000
0034 083 053 109 098 000 000 000 000
0035 062 122 095 156 000 000 000 000
0036 083 208 105 237 000 000 000 000
