0007 115 220 152 238 000 000 000 000
0008 117 200 155 234 000 000 000 000
0009 119 179 166 230 000 000 000 000
0010 116 160 168 218 000 000 000 000
0011 121 141 171 196 000 000 000 000
0012 120 124 170 188 000 000 000 000
0013 123 111 168 178 000 000 000 000
0014 120 109 171 173 000 000 000 000
0015 125 106 171 172 000 000 000 000
0016 127 103 171 171 000 000 000 000
0017 126 100 171 169 000 000 000 000
0018 128 095 172 167 000 000 000 000
0019 127 098 170 167 000 000 000 000
0020 129 096 171 165 000 000 000 000
0021 130 098 173 166 000 000 000 000
0022 132 099 173 165 000 000 000 000
0023 131 097 171 165 000 000 000 000
0024 131 098 173 162 000 000 000 000
0025 130 096 175 158 000 000 000 000
0026 129 096 176 160 000 000 000 000
0027 132 093 174 160 000 000 000 000
0028 127 096 175 162 000 000 000 000
0029 133 092 172 162 000 000 000 000
0030 132 092 170 159 000 000 000 000
0031 130 091 171 159 000 000 000 000
0032 130 092 169 162 000 000 000 000
0033 130 091 171 162 000 000 000 000
0034 129 092 170 166 000 000 000 000
0035 130 094 171 165 000 000 000 000
0036 132 096 171 167 000 000 000 000
0037 131 098 171 168 000 000 000 000
0038 130 099 171 168 000 000 000 000
0039 130 098 172 170 000 000 000 000
0040 130 100 173 172 000 000 000 000
0041 130 099 172 170 000 000 000 000
0042 130 098 172 169 000 000 000 000
0043 130 098 172 170 000 000 000 000
0044 130 099 173 172 000 000 000 000
0045 132 099 172 172 000 000 000 000
0046 135 098 175 172 000 000 000 000
0047 136 100 174 169 000 000 000 000
0048 136 101 175 169 000 000 000 000
0049 137 099 174 170 000 000 000 000
0050 137 100 175 171 000 000 000 000
0051 136 099 175 170 000 000 000 000
0052 136 100 175 171 000 000 000 000
0053 136 100 175 171 000 000 000 000
0054 136 101 176 171 000 000 000 000
0055 136 100 176 171 000 000 000 000
0056 136 101 175 171 000 000 000 000
0057 137 100 175 171 000 000 000 000
0058 136 100 175 173 000 000 000 000
0059 136 102 174 173 000 000 000 000
0060 136 101 175 171 000 000 000 000
0061 136 102 175 172 000 000 000 000
0062 136 103 175 171 000 000 000 000
0063 136 103 175 172 000 000 000 000
0064 136 104 175 173 000 000 000 000
0065 136 104 177 172 000 000 000 000
0066 136 104 175 172 000 000 000 000
0067 137 104 176 172 000 000 000 000
0068 137 103 178 173 000 000 000 000
0069 135 103 179 173 000 000 000 000
0070 136 104 179 173 000 000 000 000
0071 136 105 179 173 000 000 000 000
0072 137 104 176 173 000 000 000 000
0073 137 105 180 173 000 000 000 000
0074 133 105 180 171 000 000 000 000
0075 133 107 182 173 000 000 000 000
0076 132 107 182 173 000 000 000 000
0077 132 105 182 172 000 000 000 000
0078 133 104 184 173 000 000 000 000
0079 133 107 186 174 000 000 000 000
0080 133 104 186 169 000 000 000 000
0081 134 104 186 169 000 000 000 000
0082 134 107 186 170 000 000 000 000
0083 134 106 186 170 000 000 000 000
0084 134 105 186 169 000 000 000 000
0085 133 105 186 170 000 000 000 000
0086 133 104 186 170 000 000 000 000
0087 133 105 185 169 000 000 000 000
0088 133 105 185 169 000 000 000 000
0089 133 106 185 169 000 000 000 000
0090 134 106 185 169 000 000 000 000
0091 133 105 185 170 000 000 000 000
0092 133 105 184 170 000 000 000 000
0093 133 106 184 170 000 000 000 000
0094 133 106 184 171 000 000 000 000
0095 132 118 185 183 000 000 000 000
0096 130 149 181 210 000 000 000 000
0097 121 186 162 238 000 000 000 000
