0010 107 217 150 239 000 000 000 000
0011 108 196 152 229 000 000 000 000
0012 108 175 154 214 000 000 000 000
0013 107 152 155 195 000 000 000 000
0014 107 135 149 185 000 000 000 000
0015 102 123 144 180 000 000 000 000
0016 094 118 146 172 000 000 000 000
0017 091 113 143 166 000 000 000 000
0018 089 113 130 164 000 000 000 000
0019 088 105 131 163 000 000 000 000
0020 084 102 133 158 000 000 000 000
0021 084 102 131 160 000 000 000 000
0022 086 103 131 159 000 000 000 000
0023 084 100 132 157 000 000 000 000
0024 084 100 132 157 000 000 000 000
0025 084 101 132 157 000 000 000 000
0026 083 100 132 158 000 000 000 000
0027 083 102 133 161 000 000 000 000
0028 082 104 132 162 000 000 000 000
0029 083 104 132 162 000 000 000 000
0030 083 104 132 162 000 000 000 000
0031 083 105 132 162 000 000 000 000
0032 083 105 132 162 000 000 000 000
0033 083 106 132 163 000 000 000 000
0034 083 106 133 162 000 000 000 000
0035 083 105 133 162 000 000 000 000
0036 084 105 133 162 000 000 000 000
0037 085 106 137 160 000 000 000 000
0038 090 122 131 172 000 000 000 000
0039 083 142 136 186 000 000 000 000
0040 090 163 137 205 000 000 000 000
0041 102 208 145 235 000 000 000 000
0042 110 224 147 239 000 000 000 000
