0000 124 204 163 239 000 000 000 000
0001 123 202 159 239 000 000 000 000
0002 132 183 170 231 000 000 000 000
0003 138 165 177 204 000 000 000 000
0004 150 116 192 160 000 000 000 000
0005 159 085 197 134 000 000 000 000
0006 159 067 202 118 000 000 000 000
0007 163 060 207 109 000 000 000 000
0008 163 061 210 108 000 000 000 000
0009 163 063 209 107 000 000 000 000
0010 162 062 211 107 000 000 000 000
0011 163 062 210 108 000 000 000 000
0012 162 063 212 107 000 000 000 000
0013 163 065 210 105 000 000 000 000
0014 162 067 210 105 000 000 000 000
0015 162 066 210 105 000 000 000 000
0016 163 065 212 107 000 000 000 000
0017 163 065 211 107 000 000 000 000
0018 163 063 211 107 000 000 000 000
0019 164 063 210 106 000 000 000 000
0020 163 062 211 107 000 000 000 000
0021 161 062 215 104 000 000 000 000
0022 164 066 212 107 000 000 000 000
0023 162 065 212 106 000 000 000 000
0024 164 067 208 106 000 000 000 000
0025 164 066 208 106 000 000 000 000
0026 163 067 209 106 000 000 000 000
0027 163 066 209 106 000 000 000 000
0028 161 065 209 105 000 000 000 000
0029 158 067 199 109 000 000 000 000
0030 147 093 185 133 000 000 000 000
0031 140 120 179 158 000 000 000 000
0032 136 149 168 191 000 000 000 000
0033 132 166 164 209 000 000 000 000
0034 129 185 162 231 000 000 000 000
0035 125 206 161 239 000 000 000 000
0036 125 204 161 239 000 000 000 000
0037 127 205 162 239 000 000 000 000
0038 124 205 162 239 000 000 000 000
0039 127 204 159 239 000 000 000 000
