0010 087 218 134 239 000 000 000 000
0011 085 208 132 239 000 000 000 000
0012 086 195 133 230 172 219 210 239
0013 086 187 132 216 161 203 203 238
0014 144 183 183 231 087 183 137 212
0015 138 166 177 208 089 177 138 208
0016 140 163 176 203 093 176 140 207
0017 155 150 191 198 092 174 142 205
0018 144 136 196 186 089 174 140 204
0019 137 126 186 180 088 175 137 205
0020 139 134 174 186 088 173 135 203
0021 091 171 138 202 148 143 177 199
0022 147 156 186 204 092 169 139 198
0023 144 151 197 204 093 164 143 196
0024 145 137 199 203 092 166 144 196
0025 141 129 195 197 092 168 144 197
0026 125 132 189 194 096 169 143 196
0027 103 143 180 198 096 168 143 196
0028 103 149 173 211 000 000 000 000
0029 101 157 165 219 000 000 000 000
0030 094 157 150 219 000 000 000 000
0031 087 156 137 218 111 156 157 186
0032 068 160 134 223 105 159 157 187
0033 046 163 113 227 105 159 157 189
0034 106 158 157 188 044 165 101 226
0035 105 156 160 186 034 157 085 219
0036 031 149 080 213 105 156 159 184
0037 106 155 158 183 046 137 082 205
0038 103 156 152 184 055 139 089 205
0039 103 157 153 185 058 143 089 207
0040 106 161 156 184 059 144 090 205
0041 103 160 158 185 059 145 090 205
0042 105 160 157 188 061 148 095 215
0043 060 159 108 220 102 163 153 190
0044 067 190 138 239 096 171 148 202
0045 093 195 138 234 120 215 171 238
0046 090 224 129 239 000 000 000 000
