0002 185 171 226 239 000 000 000 000
0003 191 120 227 178 000 000 000 000
0004 166 076 210 124 000 000 000 000
0005 155 068 190 106 000 000 000 000
0006 146 058 187 102 000 000 000 000
0007 145 058 180 092 000 000 000 000
0008 145 058 180 093 000 000 000 000
0009 144 057 181 099 000 000 000 000
0010 144 055 186 098 000 000 000 000
0011 148 057 180 096 000 000 000 000
0012 147 060 185 097 000 000 000 000
0013 147 059 184 100 000 000 000 000
0014 149 059 180 097 000 000 000 000
0015 148 061 184 098 000 000 000 000
0016 147 060 184 100 000 000 000 000
0017 148 060 180 097 000 000 000 000
0018 146 060 183 101 000 000 000 000
0019 147 060 181 098 000 000 000 000
0020 148 059 180 097 000 000 000 000
0021 146 059 181 098 000 000 000 000
0022 150 069 187 112 000 000 000 000
0023 158 081 192 132 000 000 000 000
0024 163 109 204 162 000 000 000 000
0025 160 149 208 208 000 000 000 000
0026 154 189 204 234 000 000 000 000
