0007 128 200 180 239 000 000 000 000
0008 147 134 197 193 000 000 000 000
0009 147 107 196 167 000 000 000 000
0010 155 074 194 139 000 000 000 000
0011 152 063 192 128 000 000 000 000
0012 151 050 191 115 000 000 000 000
0013 153 049 191 110 000 000 000 000
0014 151 042 192 108 000 000 000 000
0015 148 039 198 105 000 000 000 000
0016 152 036 192 104 000 000 000 000
0017 147 039 197 104 000 000 000 000
0018 149 040 190 106 000 000 000 000
0019 146 039 196 103 000 000 000 000
0020 150 039 191 108 000 000 000 000
0021 150 039 191 109 000 000 000 000
0022 151 040 191 109 000 000 000 000
0023 152 041 193 109 000 000 000 000
0024 157 045 197 113 000 000 000 000
0025 160 060 198 129 000 000 000 000
0026 157 108 198 168 000 000 000 000
0027 151 149 189 203 000 000 000 000
0028 129 207 176 239 000 000 000 000
0029 128 223 166 239 000 000 000 000
