0000 067 160 120 208 159 163 207 210
0001 067 160 120 207 158 164 205 210
0002 067 160 120 207 154 155 205 200
0003 067 159 120 207 150 127 193 175
0004 154 111 202 169 067 160 120 207
0005 067 160 117 207 157 101 201 174
0006 067 160 117 207 158 101 203 152
0007 067 160 117 207 152 093 212 127
0008 067 160 118 207 153 078 209 115
0009 067 159 117 207 153 074 195 125
0010 067 160 118 207 154 091 199 153
0011 067 160 120 208 160 099 199 181
0012 068 160 119 207 157 105 212 159
0013 068 159 119 207 161 095 219 136
0014 068 160 119 207 155 081 206 119
0015 068 159 119 207 159 077 198 122
0016 068 160 118 207 157 084 201 131
0017 158 104 198 163 068 160 118 207
0018 067 160 118 207 157 109 200 181
0019 068 160 118 207 160 111 215 162
0020 067 160 118 207 155 113 223 149
0021 068 160 118 207 154 111 224 148
0022 067 160 118 207 164 126 214 168
0023 068 160 119 206 171 147 218 199
0024 067 159 119 207 174 160 216 206
0025 067 160 119 207 175 162 214 207
0026 066 160 118 206 175 163 214 207
0027 066 156 119 202 175 162 214 207
0028 066 152 120 201 175 163 214 207
0029 067 153 117 201 175 163 214 207
0030 066 155 118 202 174 163 214 207
0031 066 155 114 202 174 163 214 207
0032 066 155 116 202 175 163 214 208
0033 067 156 111 207 175 162 214 207
0034 067 156 111 207 175 163 214 207
0035 067 156 116 205 172 166 215 207
0036 067 154 117 205 173 164 214 208
