0000 144 183 173 215 194 178 213 202
0001 145 183 173 215 194 178 214 202
0002 141 176 175 210 191 181 210 204
0003 147 171 177 203 195 175 215 201
0004 150 163 179 192 193 177 213 201
0005 161 155 186 177 191 179 211 203
0006 160 149 190 171 191 180 211 204
0007 169 142 193 171 191 179 211 202
0008 161 133 186 162 191 180 210 203
0009 138 125 178 155 191 173 212 199
0010 116 120 158 146 192 175 213 200
0011 093 112 147 143 197 176 215 201
0012 081 102 127 133 193 174 214 199
0013 086 094 121 125 196 176 216 202
0014 090 087 116 120 197 175 215 202
0015 093 080 117 114 195 176 215 202
0016 095 077 120 109 192 175 213 199
0017 096 080 120 113 195 175 215 199
0018 096 079 120 113 194 175 214 203
0019 099 085 127 117 192 176 212 199
0020 110 094 136 125 190 179 210 202
0021 117 115 146 140 193 175 212 199
0022 125 132 151 155 193 175 213 199
0023 130 154 150 180 195 177 213 203
0024 133 166 150 193 199 180 216 202
0025 132 182 150 207 198 179 217 203
0026 133 183 154 214 194 176 215 203
0027 138 185 159 214 195 178 215 205
