0005 137 209 186 239 000 000 000 000
0006 116 177 167 211 000 000 000 000
0007 107 161 159 201 000 000 000 000
0008 087 159 151 192 000 000 000 000
0009 091 160 154 196 000 000 000 000
0010 100 142 153 198 000 000 000 000
0011 109 122 156 182 000 000 000 000
0012 108 087 167 138 000 000 000 000
0013 109 043 173 103 000 000 000 000
0014 117 009 184 061 000 000 000 000
0015 138 000 193 047 000 000 000 000
0016 175 000 222 049 000 000 000 000
0017 192 000 237 054 000 000 000 000
0018 204 003 246 058 000 000 000 000
0019 203 009 250 062 000 000 000 000
0020 202 008 248 062 000 000 000 000
0021 198 009 246 065 000 000 000 000
0022 196 011 244 069 000 000 000 000
0023 189 019 238 080 000 000 000 000
0024 180 060 229 121 000 000 000 000
0025 176 131 223 171 000 000 000 000
0026 178 201 222 238 000 000 000 000
