0000 192 187 211 214 140 184 164 223
0001 139 189 162 223 193 187 211 214
0002 140 188 163 222 193 187 212 216
0003 139 184 165 220 193 187 211 215
0004 192 186 212 215 142 173 170 203
0005 146 145 185 170 192 187 211 215
0006 193 186 212 214 156 105 195 126
0007 162 090 201 111 193 186 212 214
0008 157 085 201 105 192 185 212 214
0009 192 184 212 213 161 080 205 102
0010 192 184 212 214 162 080 207 105
0011 166 081 208 103 193 185 212 214
0012 193 185 212 213 161 080 208 105
0013 193 185 212 214 163 080 209 103
0014 193 185 212 213 163 076 209 099
0015 193 184 212 214 162 073 208 098
0016 193 184 212 213 166 075 209 099
0017 193 184 212 213 165 075 208 096
0018 163 078 208 102 193 184 212 213
0019 163 077 206 098 193 184 212 212
0020 164 078 206 098 192 184 212 213
0021 192 185 212 213 161 079 204 103
0022 157 096 197 117 192 186 212 214
0023 150 115 184 133 192 186 212 213
0024 142 131 177 155 193 185 212 213
0025 141 153 172 181 193 185 212 213
0026 193 186 211 214 137 170 162 203
0027 134 180 155 216 193 187 211 214
0028 193 187 212 215 132 184 153 217
0029 193 187 212 215 132 184 151 218
0030 192 187 211 216 132 183 152 218
0031 193 186 212 216 132 183 153 218
