0009 237 206 279 237 000 000 000 000
0010 221 164 263 215 000 000 000 000
0011 209 127 254 178 000 000 000 000
0012 199 102 252 171 000 000 000 000
0013 192 082 245 154 000 000 000 000
0014 187 072 248 141 000 000 000 000
0015 187 071 246 140 000 000 000 000
0016 186 063 245 139 000 000 000 000
0017 188 060 243 134 000 000 000 000
0018 185 059 246 134 000 000 000 000
0019 187 062 244 134 000 000 000 000
0020 186 062 242 132 000 000 000 000
0021 184 062 246 135 000 000 000 000
0022 186 059 242 133 000 000 000 000
0023 186 062 244 133 000 000 000 000
0024 185 060 243 132 000 000 000 000
0025 187 064 247 136 000 000 000 000
0026 190 065 245 139 000 000 000 000
0027 189 062 244 138 000 000 000 000
0028 189 061 248 138 000 000 000 000
0029 193 065 247 132 000 000 000 000
0030 191 062 249 135 000 000 000 000
0031 193 069 247 141 000 000 000 000
0032 189 065 249 142 000 000 000 000
0033 188 058 251 140 000 000 000 000
0034 193 065 248 137 000 000 000 000
0035 198 081 246 141 000 000 000 000
0036 205 093 243 152 000 000 000 000
0037 208 106 251 162 000 000 000 000
0038 218 123 255 182 000 000 000 000
0039 232 174 275 230 000 000 000 000
0040 236 196 287 235 000 000 000 000
