0000 122 213 153 238 000 000 000 000
0001 122 213 154 239 052 224 081 239
0002 124 208 154 239 047 212 078 239
0003 125 192 152 230 055 194 083 237
0004 117 177 148 224 059 185 087 226
0005 111 168 143 218 067 169 095 218
0006 109 162 141 215 070 162 100 212
0007 104 159 141 208 073 156 103 205
0008 106 151 134 198 078 154 107 201
0009 105 149 133 195 071 151 109 193
0010 106 148 132 193 072 151 108 194
0011 105 147 132 194 072 151 108 193
0012 105 149 133 194 069 150 109 192
0013 103 150 134 192 068 151 108 194
0014 105 149 139 191 080 155 110 197
0015 105 150 139 192 069 152 109 192
0016 104 151 133 196 074 155 112 196
0017 106 153 135 201 073 159 108 199
0018 069 171 101 219 111 162 140 212
0019 059 187 091 234 118 176 147 229
0020 125 188 155 237 044 201 082 237
0021 123 195 159 237 044 210 081 239
0022 114 203 157 239 045 217 079 239
0023 117 210 156 237 048 221 080 239
0024 118 211 157 237 048 221 080 239
0025 119 212 158 237 052 222 080 239
0026 119 212 157 237 052 224 081 239
