0000 138 209 156 236 213 219 243 239
0001 133 213 154 239 213 219 243 239
0002 125 210 144 238 213 219 243 239
0003 092 192 119 230 214 220 240 239
0004 059 133 105 164 213 218 243 239
0005 060 096 107 133 214 220 239 239
0006 072 055 107 101 212 220 240 237
0007 063 039 099 090 210 220 241 239
0008 041 054 091 105 210 218 240 239
0009 025 113 079 151 213 218 242 239
0010 033 139 088 178 214 216 240 237
0011 048 165 099 208 214 216 242 239
0012 049 169 099 213 215 216 244 239
0013 049 169 100 212 214 215 244 239
0014 048 168 100 211 214 215 244 239
0015 046 165 099 208 214 216 244 239
0016 048 164 099 208 215 217 244 239
0017 063 164 103 209 214 218 243 239
0018 080 167 107 211 214 217 243 239
0019 104 169 129 214 214 216 242 239
0020 126 180 150 225 213 216 241 239
0021 135 189 157 228 211 217 241 239
0022 211 216 241 239 145 200 163 237
0023 141 201 164 237 210 214 239 238
0024 140 202 162 238 210 212 239 238
0025 141 204 161 237 210 213 240 238
