0000 092 189 120 234 139 213 175 239
0001 092 190 123 234 137 208 175 239
0002 143 206 175 239 092 187 129 235
0003 090 181 132 232 151 196 178 238
0004 094 170 127 227 156 192 182 238
0005 100 150 132 188 160 166 192 215
0006 165 148 199 190 095 127 128 170
0007 167 125 206 165 104 115 136 156
0008 162 109 193 152 108 107 144 147
0009 147 111 176 145 113 105 144 142
0010 138 106 167 143 113 105 140 145
0011 135 111 163 145 114 111 139 141
0012 134 118 168 157 107 119 133 151
0013 144 142 173 185 092 135 126 183
0014 075 179 114 234 148 175 181 225
0015 144 204 180 236 076 211 111 238
