0000 146 195 171 234 080 201 101 233
0001 141 192 170 234 080 199 102 233
0002 127 172 163 209 078 203 102 235
0003 115 141 161 166 078 201 100 234
0004 080 201 102 234 107 099 156 119
0005 080 202 103 236 113 088 159 109
0006 111 090 156 110 082 202 104 232
0007 108 087 162 111 080 200 103 236
0008 110 091 155 111 080 201 104 236
0009 110 090 155 110 080 201 103 234
0010 106 087 159 112 080 201 102 234
0011 081 202 102 235 110 093 156 113
0012 080 202 103 237 114 109 151 127
0013 114 156 153 192 081 203 103 237
0014 081 201 104 237 126 187 154 225
0015 080 203 104 236 148 202 172 231
0016 080 201 102 235 154 202 177 237
0017 152 200 174 235 080 201 101 235
0018 079 201 101 235 153 201 174 234
