0005 103 221 137 239 000 000 000 000
0006 039 209 088 238 076 205 112 238
0007 119 211 178 239 029 184 100 225
0008 028 181 095 225 144 206 217 239
0009 049 178 115 234 170 179 245 234
0010 073 180 130 239 185 168 254 215
0011 091 174 150 238 194 163 257 209
0012 099 168 155 236 191 158 261 204
0013 102 166 159 235 192 154 262 196
0014 102 159 156 231 187 152 265 195
0015 099 160 156 230 187 149 263 194
0016 099 167 156 234 187 160 255 202
0017 097 175 152 236 180 169 247 213
0018 152 200 229 237 095 208 139 237
