0007 138 224 184 239 000 000 000 000
0008 151 181 193 230 000 000 000 000
0009 151 143 190 188 000 000 000 000
0010 146 125 190 171 000 000 000 000
0011 146 117 194 164 000 000 000 000
0012 157 106 205 161 000 000 000 000
0013 171 114 205 168 000 000 000 000
0014 176 120 212 172 000 000 000 000
0015 182 124 214 181 000 000 000 000
0016 161 134 213 181 000 000 000 000
0017 152 133 202 181 000 000 000 000
0018 146 132 202 183 000 000 000 000
0019 157 123 191 173 000 000 000 000
0020 159 121 195 175 000 000 000 000
0021 162 122 194 168 000 000 000 000
0022 162 122 195 172 000 000 000 000
0023 144 130 195 180 000 000 000 000
0024 144 126 194 177 000 000 000 000
0025 141 125 196 175 000 000 000 000
0026 152 122 188 174 000 000 000 000
0027 149 122 185 174 000 000 000 000
0028 141 129 179 185 000 000 000 000
0029 140 125 181 182 000 000 000 000
0030 137 130 171 185 000 000 000 000
0031 125 147 169 197 000 000 000 000
0032 120 178 169 229 000 000 000 000
0033 124 210 169 238 000 000 000 000
