0010 127 217 168 239 000 000 000 000
0011 132 196 169 236 000 000 000 000
0012 129 172 165 228 000 000 000 000
0013 128 161 166 215 000 000 000 000
0014 127 134 170 197 000 000 000 000
0015 121 123 171 180 000 000 000 000
0016 122 113 169 167 000 000 000 000
0017 121 104 170 164 000 000 000 000
0018 117 095 170 158 000 000 000 000
0019 123 091 172 153 000 000 000 000
0020 122 086 173 150 000 000 000 000
0021 126 084 175 145 000 000 000 000
0022 125 081 176 141 000 000 000 000
0023 125 079 177 139 000 000 000 000
0024 126 079 180 143 000 000 000 000
0025 125 074 176 139 000 000 000 000
0026 125 074 176 136 000 000 000 000
0027 125 072 178 134 000 000 000 000
0028 123 070 178 134 000 000 000 000
0029 127 070 178 133 000 000 000 000
0030 125 072 178 133 000 000 000 000
0031 125 072 177 132 000 000 000 000
0032 124 072 177 133 000 000 000 000
0033 125 072 177 132 000 000 000 000
0034 125 073 177 133 000 000 000 000
0035 126 075 179 139 000 000 000 000
0036 126 073 178 138 000 000 000 000
0037 125 071 177 132 000 000 000 000
0038 126 072 178 133 000 000 000 000
0039 125 070 176 134 000 000 000 000
0040 128 089 175 152 000 000 000 000
0041 125 121 173 177 000 000 000 000
0042 124 191 171 235 000 000 000 000
