0001 091 181 128 239 000 000 000 000
0002 090 127 125 197 000 000 000 000
0003 088 110 125 179 000 000 000 000
0004 077 082 117 158 000 000 000 000
0005 074 078 111 154 000 000 000 000
0006 067 078 107 151 000 000 000 000
0007 066 074 104 147 000 000 000 000
0008 061 080 101 148 000 000 000 000
0009 061 079 101 150 000 000 000 000
0010 060 080 101 150 000 000 000 000
0011 061 083 098 150 000 000 000 000
0012 061 082 100 148 000 000 000 000
0013 061 081 101 148 000 000 000 000
0014 061 081 101 148 000 000 000 000
0015 061 082 100 148 000 000 000 000
0016 061 081 101 150 000 000 000 000
0017 061 081 098 150 000 000 000 000
0018 061 080 099 149 000 000 000 000
0019 062 081 099 152 000 000 000 000
0020 066 093 105 161 000 000 000 000
0021 081 118 116 184 000 000 000 000
0022 091 141 125 208 000 000 000 000
0023 103 193 136 239 000 000 000 000
0024 109 221 141 239 000 000 000 000
