0000 049 197 075 233 157 170 184 201
0001 157 162 186 190 047 196 075 232
0002 157 157 188 185 047 199 075 233
0003 157 154 191 183 048 198 075 232
0004 159 149 193 176 049 198 076 232
0005 048 199 075 233 161 145 195 171
0006 047 199 074 233 163 140 198 164
0007 161 130 200 150 047 199 074 232
0008 047 198 074 231 158 112 202 141
0009 047 196 074 231 164 102 205 132
0010 046 196 074 230 163 104 205 132
0011 046 195 073 229 162 113 204 137
0012 047 196 073 229 158 119 201 141
0013 162 122 203 143 047 196 074 231
0014 162 119 203 140 047 196 073 229
0015 047 196 074 230 162 111 207 137
0016 047 197 074 231 165 101 210 129
0017 047 197 075 231 164 098 207 124
0018 048 199 076 232 160 104 206 132
0019 048 197 076 230 156 112 202 137
0020 048 198 075 232 160 112 204 135
0021 047 198 074 232 159 105 205 132
0022 046 196 073 230 164 101 207 130
0023 046 196 074 230 168 101 206 128
0024 048 199 075 232 165 112 202 139
0025 049 198 076 232 165 137 196 159
0026 162 156 189 189 046 198 073 233
0027 048 199 075 234 156 177 177 212
0028 047 199 076 235 146 184 167 223
0029 148 181 169 220 047 198 074 235
