0000 181 223 221 239 000 000 000 000
0001 193 218 220 238 000 000 000 000
0002 197 207 231 239 000 000 000 000
0003 204 187 238 239 000 000 000 000
0004 202 165 246 221 000 000 000 000
0005 215 148 248 206 000 000 000 000
0006 218 131 250 193 000 000 000 000
0007 218 119 250 179 000 000 000 000
0008 217 113 249 170 000 000 000 000
0009 216 105 249 164 000 000 000 000
0010 217 105 249 160 000 000 000 000
0011 217 104 249 159 000 000 000 000
0012 217 106 254 160 000 000 000 000
0013 222 108 258 170 000 000 000 000
0014 222 114 260 168 000 000 000 000
0015 223 111 259 171 000 000 000 000
0016 224 115 260 173 000 000 000 000
0017 223 114 260 174 000 000 000 000
0018 224 114 260 172 000 000 000 000
0019 222 112 262 168 000 000 000 000
0020 221 112 262 167 000 000 000 000
0021 224 111 260 169 000 000 000 000
0022 221 114 263 168 000 000 000 000
0023 223 112 260 170 000 000 000 000
0024 223 112 260 169 000 000 000 000
0025 223 112 260 169 000 000 000 000
0026 220 111 261 170 000 000 000 000
0027 220 111 262 171 000 000 000 000
0028 223 111 259 169 000 000 000 000
0029 221 114 259 167 000 000 000 000
0030 221 114 260 170 000 000 000 000
0031 219 118 259 175 087 223 129 239
0032 213 137 256 189 089 222 127 239
0033 209 165 247 212 094 216 134 237
0034 099 213 139 239 193 187 235 235
0035 104 209 145 239 185 215 219 239
0036 105 209 147 239 000 000 000 000
0037 103 209 146 239 000 000 000 000
