0002 137 181 192 234 000 000 000 000
0003 117 136 176 180 000 000 000 000
0004 094 107 155 147 000 000 000 000
0005 086 103 140 144 000 000 000 000
0006 069 088 125 134 000 000 000 000
0007 064 084 110 137 000 000 000 000
0008 051 085 104 137 000 000 000 000
0009 043 087 098 141 000 000 000 000
0010 042 093 099 145 000 000 000 000
0011 040 095 095 146 000 000 000 000
0012 047 089 090 143 000 000 000 000
0013 047 088 089 143 000 000 000 000
0014 041 092 095 144 000 000 000 000
0015 040 092 095 144 000 000 000 000
0016 040 091 093 144 000 000 000 000
0017 039 089 093 140 000 000 000 000
0018 041 090 095 140 000 000 000 000
0019 042 090 097 140 000 000 000 000
0020 055 097 109 145 000 000 000 000
0021 065 101 122 148 000 000 000 000
0022 082 120 142 164 000 000 000 000
0023 105 154 171 201 000 000 000 000
0024 134 188 190 238 000 000 000 000
