0007 215 218 247 239 000 000 000 000
0008 207 202 255 236 000 000 000 000
0009 219 180 268 236 000 000 000 000
0010 212 137 271 208 000 000 000 000
0011 193 115 262 201 000 000 000 000
0012 182 112 247 194 000 000 000 000
0013 176 116 236 193 000 000 000 000
0014 169 117 232 195 000 000 000 000
0015 164 121 224 197 000 000 000 000
0016 160 119 225 195 000 000 000 000
0017 160 116 224 207 000 000 000 000
0018 160 118 227 167 000 000 000 000
0019 166 103 231 146 000 000 000 000
0020 177 066 255 139 000 000 000 000
0021 177 042 257 129 000 000 000 000
0022 184 031 255 121 000 000 000 000
0023 181 029 249 120 000 000 000 000
0024 179 037 250 122 000 000 000 000
0025 182 039 251 125 000 000 000 000
0026 181 053 248 124 000 000 000 000
0027 188 084 248 135 000 000 000 000
0028 190 104 255 167 000 000 000 000
0029 196 128 255 205 000 000 000 000
0030 200 165 254 238 000 000 000 000
0031 209 202 250 237 000 000 000 000
