0000 156 208 197 237 091 210 130 239
0001 156 208 197 237 091 210 130 239
0002 156 207 197 237 091 210 131 239
0003 157 206 200 238 091 210 132 239
0004 157 207 197 237 091 210 132 239
0005 157 206 197 237 091 210 132 239
0006 158 205 199 236 091 210 132 239
0007 164 200 217 237 091 210 132 239
0008 189 194 243 232 091 210 132 239
0009 201 175 254 218 091 211 132 239
0010 216 157 277 199 092 212 132 239
0011 228 136 292 175 091 211 132 239
0012 236 121 299 160 092 211 134 239
0013 240 112 305 152 092 211 133 239
0014 241 107 307 146 092 211 133 239
0015 242 105 307 144 092 211 133 239
0016 244 103 310 144 092 212 133 239
0017 244 103 311 145 092 211 133 239
0018 244 104 312 146 092 211 133 239
0019 244 105 310 148 091 211 133 239
0020 243 105 310 148 091 212 133 239
0021 243 105 311 148 091 211 133 239
0022 244 104 312 146 092 212 133 239
0023 245 103 311 145 091 211 133 239
0024 244 104 310 143 091 211 134 239
0025 244 104 310 143 092 211 134 239
0026 246 104 310 144 091 210 131 239
0027 240 103 306 142 091 211 132 239
0028 232 102 296 140 091 211 133 239
0029 218 108 276 145 091 211 133 239
0030 199 125 240 165 091 210 132 239
0031 184 144 221 183 091 210 132 239
0032 172 163 207 201 092 211 132 239
0033 091 211 132 239 169 177 202 211
0034 164 193 197 229 091 211 131 239
0035 158 205 197 237 092 211 131 239
0036 158 204 198 237 091 210 131 239
0037 158 206 198 238 091 210 131 239
0038 158 206 198 238 091 210 130 239
0039 158 205 198 238 091 210 130 239
