0004 219 224 256 239 000 000 000 000
0005 216 221 254 239 000 000 000 000
0006 213 217 255 239 000 000 000 000
0007 214 215 253 239 060 222 087 239
0008 216 216 254 238 049 223 086 239
0009 222 218 256 239 039 223 073 239
0010 227 219 262 239 037 222 071 239
0011 031 222 067 239 234 211 263 234
0012 028 217 063 239 235 210 265 237
0013 024 209 063 236 238 206 276 238
0014 242 205 278 235 021 209 063 237
0015 025 211 067 239 235 206 268 235
0016 221 210 259 236 044 215 084 238
0017 203 209 245 238 065 213 107 239
0018 179 209 222 236 094 208 129 239
0019 162 202 205 234 117 203 152 234
0020 158 198 202 234 122 200 156 236
0021 155 197 204 236 124 194 161 231
0022 156 193 203 233 123 198 155 236
0023 152 193 202 235 122 193 155 234
0024 154 192 201 233 118 192 158 234
0025 166 190 213 229 105 192 142 230
0026 064 195 111 236 201 191 244 231
0027 034 190 081 226 226 188 269 223
0028 021 189 066 224 237 185 278 220
0029 243 182 282 216 013 188 055 223
0030 240 184 284 218 010 188 053 225
0031 241 185 283 220 010 188 054 223
0032 238 186 281 222 012 191 056 226
0033 018 193 063 227 236 189 281 224
0034 233 189 278 225 018 193 066 229
0035 223 194 269 230 029 199 077 234
0036 215 197 259 232 035 197 090 233
0037 201 197 249 234 061 197 106 233
0038 187 198 234 235 075 192 119 234
0039 171 196 221 237 091 195 127 230
0040 162 195 209 234 097 191 139 231
0041 151 197 200 236 107 189 145 229
0042 144 194 195 235 113 190 150 228
0043 144 194 190 234 113 191 146 227
0044 145 194 195 234 106 192 145 230
0045 162 195 209 233 093 190 133 228
0046 064 192 109 228 188 196 235 234
0047 024 188 075 227 221 191 266 227
0048 011 189 058 224 239 189 279 223
0049 007 189 052 224 246 188 280 221
0050 244 189 285 225 009 191 053 225
0051 007 192 054 226 240 190 285 226
0052 015 197 058 231 237 195 280 229
0053 234 207 273 237 016 203 067 239
0054 028 213 076 239 222 219 248 239
0058 085 215 108 236 000 000 000 000
