0000 193 192 216 220 119 187 144 222
0001 121 188 143 217 196 192 220 221
0002 122 187 143 216 199 191 221 220
0003 122 189 144 218 200 192 222 221
0004 122 189 144 219 199 191 222 221
0005 122 189 143 218 198 191 222 221
0006 199 189 223 219 121 188 143 216
0007 207 167 231 206 121 189 142 216
0008 200 137 227 171 116 189 141 217
0009 118 189 141 221 184 107 227 130
0010 119 186 141 219 181 095 219 115
0011 118 188 143 221 180 092 221 112
0012 119 189 143 221 179 098 214 113
0013 117 189 142 222 179 098 214 114
0014 117 189 141 220 179 098 217 115
0015 118 189 140 220 180 099 217 116
0016 118 189 141 220 179 099 216 116
0017 121 188 143 218 180 100 218 117
0018 122 188 144 216 181 100 218 117
0019 120 188 143 217 180 099 218 116
0020 123 188 145 219 180 098 218 115
0021 120 188 143 217 180 099 218 115
0022 122 189 145 216 180 098 217 115
0023 119 189 144 222 180 098 216 115
0024 119 189 141 216 175 100 214 119
0025 119 188 143 221 182 099 215 117
0026 181 105 217 128 118 189 142 218
0027 122 190 146 222 190 124 218 148
0028 122 189 145 222 196 158 219 185
0029 122 193 146 218 195 180 216 209
0030 120 189 145 222 190 186 211 214
0031 118 188 143 222 188 188 210 215
0032 190 191 214 219 120 188 140 217
0033 119 189 142 222 194 192 217 221
0034 117 189 139 218 195 191 217 219
