0004 068 223 115 239 049 222 083 239
0005 077 193 145 234 000 000 000 000
0006 119 166 179 213 000 000 000 000
0007 121 141 208 180 203 206 247 239
0008 146 123 218 163 194 173 242 230
0009 157 111 225 150 180 152 232 207
0010 164 103 225 145 176 140 220 200
0011 169 142 220 192 173 105 231 152
0012 168 143 220 197 176 112 234 166
0013 166 148 223 202 000 000 000 000
0014 162 129 232 204 000 000 000 000
0015 166 154 219 209 181 131 235 187
0016 163 153 213 208 181 132 238 186
0017 160 150 213 206 183 130 239 186
0018 157 153 208 209 000 000 000 000
0019 151 152 203 217 188 132 240 181
0020 152 155 200 220 183 132 238 182
0021 150 159 199 226 184 134 236 181
0022 153 164 202 227 183 138 235 184
0023 155 160 206 227 166 135 232 179
0024 186 140 235 186 158 164 210 224
0025 157 168 209 225 186 142 235 187
0026 157 165 209 226 186 143 236 189
0027 157 167 210 227 185 143 237 190
0028 156 168 206 229 187 145 237 191
0029 158 169 206 229 183 143 236 188
0030 156 174 211 229 174 135 229 172
0031 177 178 222 231 139 130 207 165
0032 092 157 145 198 200 215 244 239
