0009 117 217 167 237 000 000 000 000
0010 124 208 182 237 000 000 000 000
0011 125 194 177 237 000 000 000 000
0012 126 168 176 233 000 000 000 000
0013 129 150 172 214 000 000 000 000
0014 129 131 175 200 141 164 190 215
0015 127 116 173 182 000 000 000 000
0016 122 124 175 176 000 000 000 000
0017 123 113 168 165 000 000 000 000
0018 119 102 163 154 000 000 000 000
0019 121 095 162 148 000 000 000 000
0020 118 092 158 141 000 000 000 000
0021 115 094 158 146 000 000 000 000
0022 114 101 157 152 000 000 000 000
0023 110 107 156 163 000 000 000 000
0024 110 106 157 159 000 000 000 000
0025 110 101 155 158 104 130 138 181
0026 110 102 154 157 104 126 139 180
0027 111 105 155 159 000 000 000 000
0028 113 103 156 159 000 000 000 000
0029 113 104 155 159 105 124 139 175
0030 113 104 156 159 105 125 139 177
0031 115 106 155 160 106 126 138 176
0032 115 105 152 163 000 000 000 000
0033 115 104 152 162 000 000 000 000
0034 119 108 158 165 108 126 141 175
0035 120 111 159 167 000 000 000 000
0036 122 125 170 181 000 000 000 000
0037 125 145 178 199 000 000 000 000
0038 105 178 162 233 136 170 190 215
0039 155 188 207 233 089 206 124 238
0040 180 222 225 239 000 000 000 000
