0006 201 219 237 237 000 000 000 000
0007 161 177 213 225 000 000 000 000
0008 116 141 184 180 000 000 000 000
0009 093 131 157 160 000 000 000 000
0010 082 123 147 151 000 000 000 000
0011 082 123 140 148 000 000 000 000
0012 083 122 138 147 000 000 000 000
0013 082 122 138 147 000 000 000 000
0014 079 121 135 148 000 000 000 000
0015 082 123 137 149 000 000 000 000
0016 079 124 133 150 000 000 000 000
0017 081 125 142 152 000 000 000 000
0018 081 125 141 153 000 000 000 000
0019 081 126 139 153 000 000 000 000
0020 081 125 141 153 000 000 000 000
0021 081 125 141 154 000 000 000 000
0022 081 126 139 152 000 000 000 000
0023 086 131 148 160 000 000 000 000
0024 097 143 165 177 000 000 000 000
0025 135 172 188 218 000 000 000 000
0026 177 213 224 239 000 000 000 000
