0000 144 221 176 239 000 000 000 000
0001 151 190 201 232 000 000 000 000
0002 167 151 215 199 000 000 000 000
0003 175 109 219 179 000 000 000 000
0004 172 083 219 152 000 000 000 000
0005 171 074 218 144 000 000 000 000
0006 172 060 212 130 000 000 000 000
0007 170 054 209 122 000 000 000 000
0008 171 050 210 118 000 000 000 000
0009 170 048 206 112 000 000 000 000
0010 166 049 204 112 000 000 000 000
0011 161 049 207 114 000 000 000 000
0012 164 048 205 109 000 000 000 000
0013 164 048 205 109 000 000 000 000
0014 165 048 206 109 000 000 000 000
0015 165 049 209 110 000 000 000 000
0016 168 047 213 112 000 000 000 000
0017 169 048 213 111 000 000 000 000
0018 168 048 213 112 000 000 000 000
0019 168 048 213 113 000 000 000 000
0020 169 047 213 112 000 000 000 000
0021 169 049 214 113 000 000 000 000
0022 169 049 214 113 000 000 000 000
0023 169 049 213 113 000 000 000 000
0024 168 049 212 113 000 000 000 000
0025 169 052 207 113 000 000 000 000
0026 163 076 199 129 000 000 000 000
0027 161 094 195 147 000 000 000 000
0028 145 120 193 181 000 000 000 000
0029 138 141 176 201 000 000 000 000
0030 130 177 172 226 000 000 000 000
0031 122 208 163 238 000 000 000 000
