0000 195 203 218 237 121 206 140 236
0001 193 202 219 237 118 207 140 237
0002 187 193 214 229 117 199 144 237
0003 125 189 156 223 169 171 204 209
0004 157 157 199 187 133 174 168 203
0005 147 155 189 182 142 131 183 156
0006 134 117 177 141 154 140 198 162
0007 131 113 171 133 155 132 204 156
0008 130 111 172 132 157 133 204 155
0009 129 111 175 132 158 135 203 156
0010 136 111 179 135 145 132 193 153
0011 142 114 184 133 143 124 187 147
0012 139 117 186 145 145 134 190 153
0013 133 114 179 137 139 127 189 148
0014 130 111 175 131 147 131 196 151
0015 128 108 169 129 152 136 199 156
0016 125 109 167 129 000 000 000 000
0017 127 111 178 134 152 132 200 156
0018 135 115 179 134 142 132 190 155
0019 142 127 185 152 000 000 000 000
0020 140 123 190 147 138 139 178 160
0021 149 131 189 158 133 135 162 163
0022 152 137 188 170 132 151 167 178
0023 128 159 163 199 162 150 200 177
0024 124 181 151 221 168 168 207 200
0025 176 188 207 219 121 194 146 236
0026 186 201 215 239 121 207 145 238
0027 190 207 216 239 121 206 143 238
0028 191 208 217 239 121 206 143 237
0029 191 208 217 239 122 206 145 238
0030 190 209 217 239 122 206 143 238
0031 190 208 216 239 121 206 142 238
