0003 179 194 220 230 000 000 000 000
0004 184 132 229 165 000 000 000 000
0005 186 069 227 100 000 000 000 000
0006 182 054 221 081 000 000 000 000
0007 183 051 221 078 000 000 000 000
0008 182 049 221 072 102 222 128 239
0009 183 047 221 071 106 224 128 239
0010 183 046 221 070 108 223 125 239
0011 183 046 222 070 108 222 125 239
0012 182 047 222 070 108 222 125 239
0013 182 047 222 070 104 223 127 239
0014 183 045 223 070 103 223 127 239
0015 180 048 222 071 104 224 129 239
0016 179 047 222 070 110 222 130 239
0017 182 045 222 070 110 223 131 239
0018 182 046 221 070 000 000 000 000
0019 182 047 221 070 000 000 000 000
0020 182 047 221 070 105 224 126 239
0021 182 047 221 070 108 223 127 239
0022 183 047 222 071 110 222 130 239
0023 183 049 222 072 110 222 130 239
0024 182 048 223 075 106 224 125 239
0025 188 061 230 088 110 223 131 239
0026 199 117 249 169 108 224 128 239
0027 206 184 238 226 106 224 130 239
0028 202 223 228 239 106 222 127 239
0029 105 223 129 239 197 222 225 239
0030 106 223 129 239 000 000 000 000
0031 110 222 131 239 198 224 226 239
0032 110 223 131 239 000 000 000 000
