0004 043 218 073 239 000 000 000 000
0005 070 202 107 236 000 000 000 000
0006 085 201 132 239 178 213 216 236
0007 110 196 175 239 000 000 000 000
0008 131 201 179 239 076 182 135 222
0009 070 173 128 215 123 196 176 234
0010 069 172 123 211 116 195 174 234
0011 068 170 124 212 118 194 171 233
0012 064 176 125 217 117 197 176 235
0013 065 180 124 220 122 201 177 236
0014 067 182 125 223 120 207 173 239
0015 068 184 124 225 125 206 174 236
0016 065 186 123 225 126 207 173 237
0017 062 186 119 224 125 205 174 236
0018 061 187 119 225 126 205 174 236
0019 065 186 125 226 124 205 172 235
0020 063 189 120 228 125 205 172 235
0021 060 188 120 228 126 205 173 236
0022 066 185 125 226 126 205 174 236
0023 069 188 130 227 120 207 165 235
0024 078 203 130 238 108 210 158 239
