0000 123 186 140 219 182 187 197 219
0001 121 189 138 219 184 183 200 217
0002 120 190 137 219 183 184 199 217
0003 121 188 139 219 184 183 200 216
0004 121 188 139 219 184 182 200 213
0005 121 188 139 218 000 000 000 000
0006 121 188 139 218 000 000 000 000
0007 120 191 137 216 000 000 000 000
0008 120 191 137 218 185 182 201 213
0009 122 189 142 222 185 188 202 220
0010 183 192 200 221 129 188 147 221
0011 169 187 190 218 152 182 172 212
0012 151 175 194 217 000 000 000 000
0013 180 169 208 198 134 179 160 207
0014 188 164 213 195 119 166 157 197
0015 118 165 153 193 188 162 215 193
0016 119 167 152 197 186 160 214 194
0017 121 169 151 197 185 161 214 193
0018 122 168 151 197 184 159 213 192
0019 119 166 156 197 187 160 212 193
0020 129 168 154 198 185 158 210 192
0021 176 163 208 197 139 178 167 204
0022 157 179 185 215 000 000 000 000
0023 178 184 198 217 138 180 159 212
0024 123 187 141 218 185 184 202 218
0025 115 188 135 221 183 187 200 218
0026 113 185 134 221 184 184 200 217
0027 117 185 137 216 000 000 000 000
0028 123 184 140 211 000 000 000 000
0029 121 188 139 209 000 000 000 000
0030 122 186 140 207 000 000 000 000
0031 121 185 139 207 000 000 000 000
