0000 107 187 128 223 183 187 206 225
0001 107 187 128 223 181 192 203 223
0002 106 186 128 223 183 187 206 225
0003 106 186 128 223 182 189 205 224
0004 106 186 128 223 182 192 203 222
0005 107 187 127 222 182 187 206 225
0006 098 186 123 218 189 184 215 218
0007 217 155 247 184 075 161 103 184
0008 052 109 082 139 225 109 263 133
0009 050 053 077 091 232 053 262 084
0010 227 003 258 051 053 016 082 057
0011 220 001 256 035 060 000 088 036
0012 214 000 245 031 067 000 094 030
0013 068 000 097 028 212 000 250 030
0014 211 000 241 028 072 000 101 025
0015 211 000 242 029 074 000 099 020
0016 210 000 242 028 075 000 100 019
0017 212 000 241 024 073 000 102 019
0018 073 000 103 019 213 000 243 023
0019 077 000 105 030 212 000 239 030
0020 205 038 231 078 081 032 107 068
0021 083 072 112 113 207 074 233 110
0022 197 132 225 155 092 139 118 165
0023 196 159 225 185 095 166 120 191
0024 197 171 223 192 096 167 120 197
0025 197 173 222 192 095 173 120 199
0026 194 173 221 193 095 166 119 197
0027 095 166 120 195 195 172 218 192
0028 197 173 222 196 096 168 120 195
0029 196 168 224 194 096 169 120 195
0030 195 167 223 192 096 168 120 193
0031 096 168 120 194 196 168 221 193
0032 194 168 222 193 097 167 122 194
0033 194 170 219 196 097 167 120 196
0034 191 179 215 209 096 171 119 203
0035 096 179 118 212 190 186 218 221
0036 095 184 119 221 186 190 215 224
0037 098 188 120 224 190 192 216 222
0038 100 188 122 222 186 193 212 221
0039 188 191 209 222 106 189 126 222
0040 106 187 125 223 188 192 209 225
0041 188 191 210 223 104 188 124 222
