0000 177 181 200 217 098 186 122 223
0001 096 186 119 223 177 183 199 216
0002 177 181 200 217 095 186 119 223
0003 180 181 204 220 089 186 111 224
0004 189 182 212 219 079 182 103 223
0005 063 184 088 219 205 181 229 218
0006 226 175 254 206 000 000 000 000
0007 011 154 057 186 249 154 277 179
0008 006 145 044 170 259 138 296 162
0009 263 131 303 156 003 139 035 164
0010 266 129 305 153 001 139 036 164
0011 001 136 040 166 263 127 309 154
0012 002 138 041 167 261 126 308 152
0013 001 137 038 167 262 127 309 153
0014 001 139 039 169 264 129 309 156
0015 003 142 038 169 263 132 306 158
0016 003 146 038 171 267 133 307 161
0017 254 138 295 164 008 150 055 180
0018 251 153 281 179 028 165 067 196
0019 224 177 252 205 065 173 090 204
0020 197 181 220 211 078 181 103 224
0021 093 185 118 224 176 183 202 216
0022 176 183 201 216 097 188 119 223
0023 177 180 203 218 099 188 120 221
0024 176 180 202 216 097 186 120 223
0025 096 188 119 223 176 178 200 213
0026 177 180 201 215 096 187 120 225
