0000 115 206 150 236 079 163 117 198
0001 119 206 151 236 079 164 117 198
0002 119 205 151 236 079 164 117 197
0003 119 205 151 236 079 164 117 197
0004 118 209 152 237 079 167 115 197
0005 118 208 152 237 080 164 117 197
0006 118 208 151 237 080 164 118 197
0007 118 208 151 237 080 164 118 197
0008 118 208 151 237 080 164 118 197
0009 118 208 152 237 080 165 117 195
0010 118 208 151 237 080 162 117 195
0011 118 208 151 237 080 162 117 195
0012 118 208 152 237 075 164 111 199
0013 118 208 152 237 079 167 109 196
0014 117 208 152 237 079 166 110 196
0015 118 208 152 237 079 166 110 195
0016 118 208 152 237 079 167 111 199
0017 118 209 152 237 079 167 111 198
0018 118 207 152 236 079 167 113 197
0019 118 207 153 236 080 167 111 197
0020 118 208 152 237 078 165 112 197
0021 117 207 152 237 079 165 111 197
0022 115 206 150 237 078 165 112 197
0023 112 201 151 238 080 164 114 197
0024 110 194 150 235 079 164 114 195
0025 113 189 152 231 079 166 113 198
0026 115 188 154 230 080 167 114 198
0027 117 183 156 227 080 165 115 198
0028 118 168 156 203 075 165 112 201
0029 119 137 157 167 077 164 114 199
0030 121 089 158 141 078 165 113 194
0031 124 067 160 121 078 164 113 193
0032 123 061 156 111 079 167 115 196
0033 121 060 154 110 079 166 115 197
0034 118 060 154 111 079 166 113 198
0035 116 060 154 108 079 167 111 201
0036 118 059 154 112 078 164 114 197
0037 118 060 154 111 077 168 111 201
0038 119 060 154 112 077 168 111 202
0039 118 060 154 113 077 168 111 202
0040 118 060 155 113 077 168 112 201
0041 117 059 155 115 077 168 112 201
0042 118 059 155 113 078 164 115 198
0043 118 059 155 115 077 169 112 201
0044 118 063 156 112 078 164 116 198
0045 118 059 155 115 074 165 113 202
0046 118 059 155 115 078 164 116 199
0047 119 060 157 111 078 164 116 198
0048 117 067 153 121 077 169 111 201
0049 119 101 150 147 077 169 112 204
0050 118 158 158 195 078 167 113 203
0051 115 185 153 223 078 162 117 201
0052 119 202 155 237 077 163 117 200
0053 119 202 156 236 078 163 118 199
