0000 218 205 242 239 145 204 167 235
0001 218 205 242 239 144 204 168 236
0002 218 205 242 239 143 207 165 234
0003 218 204 242 239 145 205 167 234
0004 218 204 242 239 144 201 168 234
0005 218 205 242 239 145 194 170 224
0006 218 204 242 239 156 176 179 209
0007 217 205 241 239 166 135 202 162
0008 217 205 241 239 168 110 204 131
0009 217 205 242 239 172 097 210 120
0010 217 205 242 239 169 096 215 117
0011 218 205 242 239 171 091 215 113
0012 218 204 242 239 170 091 214 111
0013 218 203 242 239 166 088 213 110
0014 220 204 244 239 154 089 202 111
0015 220 204 244 239 143 091 186 110
0016 220 203 244 239 137 089 179 107
0017 220 203 244 239 135 093 178 111
0018 218 204 242 239 133 091 180 114
0019 217 205 242 239 135 095 176 114
0020 216 204 241 239 141 098 180 122
0021 141 118 185 139 216 205 241 239
0022 216 204 241 239 150 147 190 178
0023 216 205 241 239 149 188 172 226
0024 217 204 242 239 151 195 170 233
0025 217 203 243 239 146 204 168 238
0026 219 204 244 239 146 205 169 238
0027 219 205 244 239 148 203 169 237
0028 219 205 244 239 147 202 169 237
0029 217 204 243 238 147 203 168 236
0030 217 204 242 239 148 203 168 237
