0000 122 202 154 238 000 000 000 000
0001 121 201 152 235 000 000 000 000
0002 122 201 153 235 000 000 000 000
0003 118 201 153 237 000 000 000 000
0004 121 187 154 226 000 000 000 000
0005 123 166 153 194 000 000 000 000
0006 123 120 153 170 000 000 000 000
0007 126 097 151 156 000 000 000 000
0008 124 089 151 146 000 000 000 000
0009 126 084 152 140 000 000 000 000
0010 124 085 151 140 000 000 000 000
0011 124 085 150 141 000 000 000 000
0012 124 086 152 139 000 000 000 000
0013 124 086 151 140 000 000 000 000
0014 125 086 151 140 000 000 000 000
0015 126 085 148 136 000 000 000 000
0016 125 091 153 145 000 000 000 000
0017 118 117 145 159 000 000 000 000
0018 113 156 149 191 000 000 000 000
0019 103 190 148 228 000 000 000 000
0020 121 199 153 236 000 000 000 000
0021 123 200 155 239 000 000 000 000
0022 122 201 154 239 000 000 000 000
0023 123 200 154 239 000 000 000 000
