0000 089 188 134 234 163 194 200 233
0001 084 162 132 201 165 192 201 234
0002 085 134 129 170 176 188 205 225
0003 082 105 122 145 180 190 210 227
0004 076 091 118 136 183 189 215 228
0005 075 072 111 116 184 195 213 234
0006 067 054 102 106 185 195 215 238
0007 061 041 096 100 182 197 216 236
0008 060 032 092 092 184 194 215 238
0009 051 031 088 092 185 197 215 238
0010 053 034 090 096 186 198 216 239
0011 060 034 098 100 185 195 214 236
0012 092 071 122 108 184 202 212 237
0013 091 089 137 126 183 200 212 237
0014 078 091 119 132 186 199 214 237
0015 054 078 089 128 186 197 215 238
0016 041 087 091 141 186 197 215 236
0017 072 117 105 157 185 197 215 238
0018 092 144 139 182 186 197 214 237
0019 094 147 147 186 186 194 213 236
0020 091 139 145 180 185 181 215 219
0021 073 118 126 169 178 144 209 177
0022 059 094 113 143 176 104 212 137
0023 048 074 101 115 175 068 217 106
0024 042 065 096 106 166 051 208 086
0025 047 070 102 113 163 054 206 088
0026 077 107 139 151 179 077 224 121
0027 201 078 247 140 100 136 161 191
0028 106 141 162 184 202 081 239 146
0029 201 084 246 148 105 138 166 182
0030 200 085 246 152 103 135 163 182
0031 101 133 163 180 202 086 247 153
0032 099 130 163 177 199 090 248 155
0033 097 125 156 172 202 092 243 155
0034 092 118 138 158 195 106 235 150
0035 089 125 132 164 188 117 230 152
0036 175 153 212 186 081 150 122 189
0037 078 169 119 208 169 168 206 208
0038 079 189 116 227 163 185 202 222
0039 163 190 201 227 080 193 121 234
0040 085 199 122 234 160 189 197 227
0041 085 200 123 235 160 189 197 227
0042 086 201 125 236 163 190 201 228
0043 086 201 125 237 162 191 201 230
0044 087 202 126 237 165 196 201 234
