0000 191 203 215 238 118 208 138 237
0001 191 203 216 238 114 205 142 236
0002 194 206 218 239 113 205 141 236
0003 191 206 216 238 113 205 141 237
0004 190 205 216 239 113 204 142 236
0005 187 202 212 238 118 206 137 235
0006 180 195 205 231 119 191 139 231
0007 119 181 137 223 177 181 202 214
0008 174 164 203 206 109 160 132 200
0009 082 142 121 174 186 145 213 179
0010 056 119 101 147 202 118 240 151
0011 035 107 088 139 225 099 266 132
0012 028 099 074 129 243 089 284 122
0013 028 102 069 125 253 092 295 117
0014 032 105 073 129 253 095 292 121
0015 033 104 071 127 254 101 292 126
0016 257 100 296 126 035 107 074 130
0017 038 106 071 130 257 100 296 127
0018 038 107 076 132 256 100 296 126
0019 039 107 076 130 253 100 294 126
0020 037 106 075 132 254 103 294 128
0021 256 104 297 131 042 112 079 135
0022 042 112 079 136 256 105 299 131
0023 039 109 073 127 260 101 300 126
0024 035 101 074 122 263 090 304 114
0025 267 074 311 096 031 088 071 111
0026 266 048 312 075 027 067 070 092
0027 269 028 312 052 030 052 067 076
0028 255 008 301 036 031 035 067 059
0029 248 000 289 029 033 028 071 054
0030 247 001 289 030 037 030 074 055
0031 035 036 075 067 252 010 294 039
0032 032 046 073 073 251 022 297 054
0033 033 055 073 084 257 042 296 068
0034 029 064 071 094 256 055 298 083
0035 030 068 074 104 255 067 300 094
0036 258 067 300 095 031 071 072 104
0037 031 070 072 104 258 067 299 097
0038 031 066 072 102 258 067 300 095
0039 032 067 073 100 259 067 300 095
0040 033 067 074 101 257 068 300 096
0041 036 070 076 105 257 073 299 100
0042 041 074 081 108 251 079 292 108
0043 239 088 282 116 057 080 092 113
0044 233 095 273 123 068 084 103 116
0045 076 095 110 126 223 107 264 132
0046 214 121 255 149 080 117 118 144
0047 203 138 241 170 089 144 122 173
0048 200 159 227 199 101 174 123 204
0049 196 180 220 215 111 185 132 230
0050 113 197 133 239 196 196 219 230
0051 116 200 136 235 193 200 215 233
0052 116 200 138 232 195 200 216 233
0053 117 202 136 237 196 199 217 231
0054 117 201 136 234 196 194 217 229
0055 117 202 136 237 195 195 216 231
0056 116 199 135 234 196 196 216 231
0057 115 199 135 235 194 199 215 234
0058 114 200 134 236 194 199 216 235
0059 113 200 134 236 194 198 216 234
0060 113 201 134 236 194 199 214 233
0061 110 200 136 236 194 199 214 233
0062 114 200 135 236 194 199 214 234
