0009 183 211 213 238 000 000 000 000
0010 188 182 211 214 000 000 000 000
0011 183 136 211 188 000 000 000 000
0012 180 125 208 177 000 000 000 000
0013 175 114 204 168 000 000 000 000
0014 174 112 204 166 000 000 000 000
0015 174 114 204 167 000 000 000 000
0016 174 114 205 170 000 000 000 000
0017 174 114 205 170 000 000 000 000
0018 174 113 205 169 000 000 000 000
0019 174 116 204 169 000 000 000 000
0020 173 130 203 165 000 000 000 000
0021 173 141 204 179 000 000 000 000
0022 171 163 204 201 000 000 000 000
0023 172 194 199 225 000 000 000 000
0024 167 223 206 239 000 000 000 000
