0006 074 217 119 239 000 000 000 000
0007 069 179 121 226 000 000 000 000
0008 070 144 120 196 000 000 000 000
0009 073 117 121 174 000 000 000 000
0010 078 103 121 160 000 000 000 000
0011 081 095 122 146 000 000 000 000
0012 085 084 122 138 000 000 000 000
0013 080 077 124 127 000 000 000 000
0014 082 071 122 126 000 000 000 000
0015 079 066 123 118 000 000 000 000
0016 080 065 124 115 000 000 000 000
0017 081 064 124 114 000 000 000 000
0018 080 063 123 113 000 000 000 000
0019 077 063 121 114 000 000 000 000
0020 061 060 115 112 000 000 000 000
0021 053 058 110 109 000 000 000 000
0022 034 060 091 111 000 000 000 000
0023 032 061 089 111 000 000 000 000
0024 032 063 088 114 000 000 000 000
0025 031 068 090 120 000 000 000 000
0026 031 070 089 119 000 000 000 000
0027 030 073 089 125 000 000 000 000
0028 030 075 089 124 000 000 000 000
0029 030 074 089 125 000 000 000 000
0030 030 073 089 125 000 000 000 000
0031 030 073 090 126 000 000 000 000
0032 029 073 090 127 000 000 000 000
0033 031 076 089 126 000 000 000 000
0034 037 080 093 125 000 000 000 000
0035 040 081 094 125 000 000 000 000
0036 038 080 096 126 000 000 000 000
0037 035 079 095 127 000 000 000 000
0038 034 075 093 127 000 000 000 000
0039 035 072 095 124 000 000 000 000
0040 035 074 098 125 000 000 000 000
0041 040 078 097 125 000 000 000 000
0042 041 078 097 124 000 000 000 000
0043 040 078 097 127 000 000 000 000
0044 034 080 097 133 000 000 000 000
0045 031 086 099 138 000 000 000 000
0046 031 094 099 149 000 000 000 000
0047 030 119 099 173 000 000 000 000
0048 031 150 099 204 000 000 000 000
0049 044 186 101 236 000 000 000 000
0050 059 209 106 239 000 000 000 000
