0002 202 221 252 239 000 000 000 000
0003 197 208 268 239 000 000 000 000
0004 199 188 282 234 000 000 000 000
0005 202 175 286 232 000 000 000 000
0006 205 166 284 222 000 000 000 000
0007 205 151 293 214 000 000 000 000
0008 197 145 282 200 000 000 000 000
0009 198 138 282 195 000 000 000 000
0010 196 137 286 192 000 000 000 000
0011 193 133 280 191 000 000 000 000
0012 180 131 284 196 000 000 000 000
0013 192 136 283 195 000 000 000 000
0014 192 139 287 195 000 000 000 000
0015 192 139 281 196 000 000 000 000
0016 187 142 286 199 000 000 000 000
0017 194 141 285 199 000 000 000 000
0018 194 136 284 194 000 000 000 000
0019 188 133 288 197 000 000 000 000
0020 190 134 284 200 000 000 000 000
0021 185 142 274 207 000 000 000 000
0022 171 183 261 236 140 209 194 239
