0002 136 211 175 238 000 000 000 000
0005 154 204 189 239 000 000 000 000
0006 065 214 117 239 166 203 209 234
0007 175 179 229 234 124 203 179 237
0008 138 176 205 227 186 144 241 205
0009 189 135 247 191 144 165 202 211
0010 191 112 248 172 159 146 214 195
0011 191 101 250 155 157 135 217 188
0012 188 096 248 151 158 130 214 182
0013 186 094 249 147 162 123 209 178
0014 189 093 246 144 159 125 207 180
0015 186 091 242 143 163 125 207 181
0016 183 089 245 141 161 123 204 175
0017 182 089 245 140 161 120 208 175
0018 181 086 243 138 158 121 210 176
0019 178 087 245 137 160 118 206 173
0020 182 091 240 141 157 123 211 174
0021 181 091 240 140 159 120 204 176
0022 180 092 240 141 155 123 213 176
0023 179 094 238 144 153 125 209 178
0024 182 097 235 146 155 125 204 180
0025 178 100 229 152 149 133 205 187
0026 167 125 204 178 124 160 176 209
0027 106 173 169 222 158 140 191 196
0028 083 211 130 239 129 190 184 237
0029 111 211 159 238 044 223 077 239
0030 124 211 175 239 000 000 000 000
0031 137 212 176 237 000 000 000 000
