0000 135 192 158 221 187 194 205 224
0001 128 187 154 219 182 195 202 225
0002 127 186 152 219 184 195 204 227
0003 185 193 205 225 127 186 151 219
0004 188 186 212 222 126 185 153 220
0005 195 180 222 218 126 185 153 220
0006 206 166 240 202 126 186 153 221
0007 216 143 256 169 127 187 152 219
0008 231 125 274 145 126 185 152 218
0009 237 101 289 121 126 185 152 218
0010 244 092 293 111 125 185 152 217
0011 125 185 152 217 246 078 294 100
0012 126 186 152 218 246 073 293 093
0013 126 186 152 218 249 071 294 088
0014 249 068 294 086 126 185 152 218
0015 126 186 151 218 247 069 293 087
0016 127 186 152 217 249 070 292 087
0017 249 070 293 087 127 186 152 217
0018 247 075 294 096 129 188 154 218
0019 239 095 284 124 127 187 152 217
0020 127 187 152 218 222 144 259 175
0021 212 164 241 198 127 187 154 221
0022 129 193 154 219 194 188 218 220
0023 129 194 153 218 185 188 201 218
0024 127 188 151 220 000 000 000 000
0025 130 194 154 218 000 000 000 000
