0000 124 202 155 238 000 000 000 000
0001 119 197 157 237 000 000 000 000
0002 128 175 161 216 000 000 000 000
0003 131 149 175 173 000 000 000 000
0004 127 136 175 164 000 000 000 000
0005 097 138 144 159 000 000 000 000
0006 064 126 126 152 000 000 000 000
0007 051 118 116 145 000 000 000 000
0008 055 120 118 146 000 000 000 000
0009 079 125 135 151 000 000 000 000
0010 130 133 180 164 000 000 000 000
0011 173 125 216 155 000 000 000 000
0012 185 133 224 159 000 000 000 000
0013 157 126 208 157 000 000 000 000
0014 098 126 146 156 000 000 000 000
0015 058 115 115 144 000 000 000 000
0016 048 106 104 137 000 000 000 000
0017 050 106 108 136 000 000 000 000
0018 072 111 132 141 000 000 000 000
0019 114 123 162 148 000 000 000 000
0020 165 120 220 148 000 000 000 000
0021 186 130 229 156 000 000 000 000
0022 166 138 223 164 000 000 000 000
0023 123 145 163 167 000 000 000 000
0024 095 137 145 166 000 000 000 000
0025 075 124 132 153 000 000 000 000
0026 075 129 132 155 000 000 000 000
0027 099 145 142 175 000 000 000 000
0028 119 180 153 232 000 000 000 000
0029 122 198 154 239 000 000 000 000
0030 121 202 157 237 000 000 000 000
0031 121 202 157 236 000 000 000 000
0032 122 202 158 236 000 000 000 000
0033 121 202 158 236 000 000 000 000
0034 121 202 158 236 000 000 000 000
0035 123 202 155 235 000 000 000 000
0036 122 203 157 236 000 000 000 000
0037 122 203 158 236 000 000 000 000
0038 120 203 157 236 000 000 000 000
0039 119 203 157 236 000 000 000 000
