0000 142 216 188 239 055 222 104 239
0001 059 192 115 239 141 208 191 239
0002 130 166 181 218 066 147 118 189
0003 123 086 176 150 069 072 124 139
0004 069 049 123 112 123 052 175 124
0005 123 035 169 110 070 038 122 096
0006 119 036 167 101 074 037 123 098
0007 073 034 124 098 118 035 163 104
0008 067 030 116 095 122 034 164 101
0009 041 029 100 095 140 038 190 096
0010 044 030 099 093 141 039 190 097
0011 044 031 099 096 141 038 191 099
0012 141 038 190 099 044 030 099 094
0013 140 037 190 100 043 030 100 094
0014 048 038 101 095 139 038 189 102
0015 138 048 186 113 066 068 118 120
0016 142 101 206 165 077 139 131 187
0017 159 166 220 223 062 199 126 239
0018 167 196 224 239 058 212 114 239
0019 172 199 226 237 061 212 118 238
0020 066 208 121 239 169 204 224 239
0021 066 205 121 239 173 205 226 239
0022 061 205 126 238 171 204 224 239
0023 065 204 122 239 173 204 223 239
0024 066 204 121 239 172 204 223 239
0025 066 203 121 239 173 205 223 239
