0000 113 207 155 238 162 199 200 230
0001 113 207 155 238 162 199 200 230
0002 113 207 155 238 162 197 201 229
0003 113 207 155 238 171 187 202 222
0004 111 206 156 238 169 172 200 209
0005 112 208 155 238 162 145 194 187
0006 155 117 187 171 111 208 154 238
0007 112 206 154 238 144 094 180 156
0008 112 207 153 238 141 085 173 144
0009 112 207 153 238 138 089 169 138
0010 111 207 154 238 137 082 169 134
0011 113 206 155 238 136 082 167 137
0012 113 206 154 238 138 085 168 137
0013 113 206 155 238 138 086 168 140
0014 113 206 155 238 138 079 169 137
0015 113 206 155 238 138 087 168 142
0016 113 206 155 238 134 087 168 141
0017 113 206 155 238 141 086 169 141
0018 113 206 155 238 136 082 169 142
0019 113 206 155 238 140 084 169 140
0020 113 207 155 238 137 083 169 139
0021 113 207 155 238 137 083 169 138
0022 113 207 155 238 137 089 168 144
0023 113 208 155 238 137 089 168 144
0024 113 208 155 238 137 089 168 145
0025 113 207 155 238 138 088 168 142
0026 112 207 155 238 139 090 171 143
0027 111 207 155 238 144 094 178 154
0028 111 207 155 238 147 115 186 167
0029 117 209 151 239 157 144 193 193
0030 165 170 203 210 111 207 155 238
0031 112 207 155 238 165 188 204 226
0032 112 207 154 238 168 201 204 233
0033 112 207 154 238 166 200 203 234
