0000 127 180 151 211 194 173 215 210
0001 127 180 150 210 193 173 215 210
0002 127 179 149 211 193 174 213 210
0003 126 175 147 203 195 169 217 205
0004 124 156 146 183 208 151 228 181
0005 115 125 140 152 213 130 232 155
0006 111 089 140 118 216 092 235 119
0007 112 060 135 094 218 067 241 096
0008 112 039 138 076 216 052 237 080
0009 116 023 138 062 213 036 234 062
0010 209 027 235 058 116 020 139 060
0011 119 016 140 056 212 026 236 055
0012 207 023 235 054 118 015 141 053
0013 207 024 235 056 119 015 140 052
0014 119 015 140 050 207 025 234 054
0015 117 014 139 052 208 025 234 055
0016 206 024 234 054 119 015 138 051
0017 207 024 235 054 118 021 139 054
0018 202 023 230 052 120 016 143 052
0019 125 015 147 051 186 017 217 047
0020 132 014 155 050 173 022 199 043
0021 137 016 160 052 166 022 194 046
0022 137 017 160 054 157 026 194 048
0023 136 017 159 055 160 022 191 048
0024 158 022 191 048 137 018 158 051
0025 138 019 159 053 158 022 191 048
0026 137 019 161 054 160 022 191 048
0027 137 019 160 054 159 022 191 048
0028 137 019 161 053 159 022 192 048
0029 137 019 160 053 159 022 192 048
0030 156 028 192 047 137 019 160 053
0031 161 026 192 049 136 020 159 054
0032 134 028 155 055 166 028 196 054
0033 127 031 152 064 169 042 204 066
0034 121 041 145 076 184 050 214 078
0035 116 055 138 090 194 065 221 099
0036 197 085 224 117 113 081 136 112
0037 109 100 133 130 207 107 229 140
0038 112 126 133 152 205 136 230 163
0039 118 157 140 179 199 151 226 182
0040 123 172 143 203 204 167 223 195
0041 126 176 145 209 199 169 220 204
0042 128 179 146 209 193 175 212 206
0043 128 179 148 210 194 175 212 206
0044 126 178 146 210 194 173 212 206
0045 194 171 213 205 125 177 144 209
0046 196 171 214 206 125 180 144 211
