0000 202 185 221 211 136 188 156 211
0001 128 185 149 212 201 185 221 210
0002 119 175 137 199 203 185 222 210
0003 103 150 127 173 202 183 222 211
0004 202 183 222 211 093 122 121 152
0005 098 078 126 125 204 185 223 211
0006 106 061 132 108 202 184 222 212
0007 108 048 133 098 202 182 222 211
0008 110 042 137 091 205 184 222 210
0009 111 040 138 089 205 181 226 208
0010 112 040 140 089 207 184 227 210
0011 112 040 138 090 207 185 224 209
0012 112 040 140 091 208 185 227 209
0013 111 040 138 091 207 183 227 209
0014 111 040 138 091 205 183 225 209
0015 111 040 138 091 205 182 224 208
0016 111 040 138 091 206 187 226 209
0017 111 040 138 091 205 184 225 208
0018 111 040 138 091 209 185 227 210
0019 111 041 139 094 208 184 227 209
0020 111 043 139 094 208 184 227 209
0021 111 049 139 100 208 183 227 210
0022 116 066 144 115 207 184 226 210
0023 124 106 149 134 206 184 226 209
0024 129 137 156 161 205 183 225 211
0025 204 182 224 208 129 164 149 190
0026 203 182 223 208 129 174 149 202
0027 203 182 221 208 127 182 147 211
0028 126 186 144 211 202 183 221 210
0029 202 185 222 211 127 187 147 212
0030 202 185 222 212 131 188 151 212
0031 202 185 221 212 133 189 150 209
0032 204 185 221 214 131 191 149 212
0033 200 186 220 215 133 189 150 212
0034 131 192 150 214 202 188 222 211
0035 132 193 150 215 202 188 222 210
0036 131 192 151 214 202 188 223 209
0037 135 191 154 215 202 183 222 212
0038 132 192 152 214 202 184 222 213
0039 133 193 155 215 202 188 223 210
0040 132 193 154 215 202 183 222 213
0041 134 194 156 215 202 182 222 213
0042 132 193 152 216 201 182 221 212
0043 131 193 153 216 201 182 221 212
0044 132 188 151 215 202 184 220 212
0045 132 188 151 215 202 184 221 212
0046 132 190 151 216 202 182 221 211
0047 132 191 150 215 202 183 220 211
0048 134 192 152 217 202 183 220 211
0049 132 192 150 215 203 182 222 210
0050 203 183 222 210 134 192 153 216
