0000 177 202 203 236 112 206 130 235
0001 108 203 135 237 176 199 201 234
0002 170 190 200 227 113 189 138 225
0003 164 184 200 216 119 174 147 207
0004 132 132 164 160 144 168 182 198
0005 134 115 164 138 138 158 173 184
0006 125 111 157 137 138 139 175 165
0007 120 118 164 148 000 000 000 000
0008 116 135 149 161 137 114 179 134
0009 123 133 159 162 136 110 179 132
0010 139 118 181 144 000 000 000 000
0011 131 132 173 157 132 109 168 132
0012 126 104 158 132 131 131 168 158
0013 120 113 157 139 137 121 177 149
0014 124 126 154 151 142 112 181 132
0015 130 125 161 151 141 106 183 130
0016 135 106 183 133 133 122 162 145
0017 138 112 180 142 000 000 000 000
0018 135 122 178 148 129 103 163 128
0019 137 117 181 142 000 000 000 000
0020 127 121 157 147 139 107 181 131
0021 141 105 184 129 128 125 161 149
0022 138 104 184 136 132 120 163 142
0023 144 110 188 144 132 107 158 134
0024 130 102 160 132 148 135 189 161
0025 155 152 193 184 121 104 155 137
0026 108 128 133 154 159 175 195 203
0027 102 150 126 179 172 183 199 210
0028 178 190 204 227 101 172 124 205
0029 183 201 204 232 102 188 125 224
0030 187 200 209 235 104 202 125 235
0031 188 200 209 234 105 207 124 236
0032 186 205 209 237 108 207 127 235
0033 187 205 208 236 110 205 130 235
0034 110 206 129 235 189 200 210 234
0035 108 206 128 234 189 201 208 230
0036 187 206 208 238 110 207 129 236
0037 187 207 208 238 110 207 129 236
