0000 109 216 151 238 000 000 000 000
0001 108 214 150 238 000 000 000 000
0002 109 211 150 237 000 000 000 000
0003 099 195 153 233 000 000 000 000
0004 100 146 151 180 000 000 000 000
0005 090 095 146 134 000 000 000 000
0006 101 076 144 102 000 000 000 000
0007 104 060 144 089 000 000 000 000
0008 102 059 144 089 000 000 000 000
0009 099 058 144 085 102 077 137 101
0010 100 061 139 087 100 076 137 102
0011 096 055 137 084 103 074 135 098
0012 096 060 137 086 000 000 000 000
0013 096 060 138 086 000 000 000 000
0014 096 060 139 087 101 076 135 099
0015 096 060 136 087 000 000 000 000
0016 096 066 136 093 000 000 000 000
0017 092 086 133 118 000 000 000 000
0018 092 112 130 142 000 000 000 000
0019 095 156 140 183 000 000 000 000
0020 098 188 142 228 000 000 000 000
0021 111 204 153 234 000 000 000 000
0022 115 210 153 235 000 000 000 000
