0000 113 200 130 232 189 192 206 224
0001 113 200 129 232 193 181 212 215
0002 112 200 130 232 194 143 224 185
0003 201 110 242 145 113 201 130 233
0004 204 067 235 114 113 202 131 233
0005 195 058 226 097 116 201 135 235
0006 195 052 225 093 116 201 136 235
0007 194 050 224 091 118 202 137 235
0008 198 054 227 087 116 200 137 235
0009 198 051 229 097 116 200 136 235
0010 202 059 239 110 116 200 136 236
0011 202 117 241 152 117 200 137 236
0012 200 142 232 185 117 199 137 236
0013 117 198 137 236 196 159 222 210
0014 117 197 136 234 190 193 209 230
0015 117 197 136 234 184 193 207 232
0016 185 194 208 233 117 198 136 234
0017 185 194 209 233 117 199 137 235
