0007 122 220 157 237 000 000 000 000
0008 123 168 168 230 000 000 000 000
0009 136 120 177 198 000 000 000 000
0010 146 086 186 169 000 000 000 000
0011 154 061 197 151 000 000 000 000
0012 162 048 201 129 000 000 000 000
0013 166 040 206 122 000 000 000 000
0014 163 035 204 120 000 000 000 000
0015 164 034 204 115 000 000 000 000
0016 164 034 205 117 000 000 000 000
0017 167 034 208 115 000 000 000 000
0018 167 035 208 118 000 000 000 000
0019 165 036 206 119 000 000 000 000
0020 164 034 205 117 000 000 000 000
0021 163 035 205 117 000 000 000 000
0022 164 037 204 120 000 000 000 000
0023 163 037 204 121 000 000 000 000
0024 164 044 204 126 000 000 000 000
0025 162 056 200 140 000 000 000 000
0026 151 099 186 174 000 000 000 000
0027 124 169 168 222 000 000 000 000
