0005 063 212 103 238 145 218 195 239
0006 113 184 166 235 031 194 087 235
0007 017 171 078 223 079 165 134 220
0008 013 159 073 209 045 158 120 206
0009 005 147 098 197 000 000 000 000
0010 014 131 092 178 000 000 000 000
0011 026 127 098 180 012 109 062 157
0012 027 134 103 184 014 117 067 167
0013 018 125 067 190 040 153 110 201
0014 049 155 115 205 028 141 071 204
0015 045 152 121 202 000 000 000 000
0016 056 142 124 194 000 000 000 000
0017 035 119 122 168 000 000 000 000
0018 050 089 124 145 000 000 000 000
0019 079 079 140 141 057 080 102 129
0020 069 084 117 132 096 096 147 151
0021 107 128 161 177 072 094 122 148
0022 102 154 167 202 074 109 121 189
0023 077 130 125 218 111 170 177 218
0024 136 170 193 228 096 148 143 236
0025 108 155 153 224 146 160 201 214
0026 112 142 160 196 156 141 208 192
0027 122 119 172 159 160 103 213 157
0028 168 081 223 144 127 092 181 137
0029 180 088 230 148 134 087 199 136
0030 143 091 200 145 185 112 228 170
0031 183 148 230 194 141 116 200 177
0032 145 137 195 221 193 178 235 227
0033 152 151 203 233 201 187 240 237
0034 165 157 220 231 210 174 254 229
0035 170 156 227 213 218 158 269 211
0036 176 145 235 198 219 145 265 207
0037 178 131 242 178 222 126 264 182
0038 161 108 213 150 193 104 246 153
0039 172 100 221 149 140 101 193 146
0040 135 113 204 161 000 000 000 000
0041 151 139 204 187 117 126 162 170
0042 106 155 156 226 146 174 199 221
0043 145 194 193 239 102 175 149 238
0044 103 188 148 239 147 202 191 238
0045 101 171 150 237 143 185 191 235
0046 143 152 196 198 100 139 152 199
0047 148 104 195 150 089 097 142 146
0048 089 029 138 089 149 047 201 100
0049 081 003 129 063 147 015 195 073
0050 078 001 126 061 146 012 196 077
0051 075 028 123 086 151 046 201 100
0052 148 080 196 131 071 075 120 121
0053 154 139 201 187 064 121 120 185
0054 071 154 122 228 143 174 195 229
0055 075 172 125 239 142 190 191 239
0056 068 158 121 231 147 174 193 237
0057 153 139 204 192 062 123 117 184
0058 059 041 107 097 164 058 211 118
0059 061 000 113 063 167 009 218 072
0060 170 000 215 055 070 000 114 043
0061 070 000 117 059 168 009 217 070
0062 063 018 115 087 170 042 213 104
0063 062 088 115 141 165 106 217 159
0064 159 151 210 206 061 130 116 194
0065 065 168 119 239 151 188 205 239
0066 072 182 118 239 156 193 209 239
0067 065 166 114 239 156 176 213 235
0068 062 139 114 202 163 148 222 197
0069 165 088 219 138 066 091 119 138
0070 063 045 130 096 171 046 232 095
0071 065 029 126 079 167 030 237 077
0072 169 035 240 085 059 034 131 086
0073 166 061 237 109 062 068 127 112
0074 166 090 236 136 060 101 127 145
0075 056 135 125 180 169 129 240 175
0076 062 175 126 236 166 172 235 231
0077 059 182 125 239 164 179 237 236
0078 064 150 119 206 165 157 241 203
0079 171 119 231 163 058 118 119 159
0080 169 070 230 130 060 060 116 122
0081 175 065 234 122 059 050 112 113
0082 174 091 236 154 054 084 110 142
0083 178 142 235 192 054 139 114 184
0084 062 203 112 239 178 212 231 239
