0005 076 217 104 237 122 217 157 239
0006 110 188 150 229 091 190 116 229
0007 087 163 127 201 120 169 155 201
0008 108 132 163 172 084 154 116 193
0009 130 114 169 148 104 110 135 143
0010 133 107 167 146 109 104 138 137
0011 135 107 170 145 115 110 142 139
0012 137 108 173 141 113 110 144 144
0013 135 110 171 143 114 110 144 143
0014 134 110 172 149 111 109 144 146
0015 109 117 139 150 136 118 167 151
0016 130 137 170 177 107 141 140 175
0017 109 172 138 219 133 170 166 218
0018 133 193 167 237 106 193 135 235
0019 135 214 167 239 099 211 130 238
0020 140 223 170 239 082 222 117 239
