0004 078 221 124 239 000 000 000 000
0005 082 216 142 239 000 000 000 000
0006 078 191 139 235 000 000 000 000
0007 075 163 141 207 000 000 000 000
0008 076 134 139 179 000 000 000 000
0009 075 106 147 148 000 000 000 000
0010 075 089 150 133 000 000 000 000
0011 077 088 146 130 000 000 000 000
0012 076 096 149 136 000 000 000 000
0013 078 094 146 135 000 000 000 000
0014 075 094 150 135 000 000 000 000
0015 072 095 151 136 000 000 000 000
0016 076 103 150 146 000 000 000 000
0017 082 120 150 165 000 000 000 000
0018 078 141 148 183 000 000 000 000
0019 080 177 144 228 000 000 000 000
0020 084 215 130 239 000 000 000 000
