0008 048 216 097 239 000 000 000 000
0009 064 192 120 230 000 000 000 000
0010 083 161 140 205 000 000 000 000
0011 099 137 157 191 000 000 000 000
0012 111 124 173 182 081 107 135 142
0013 127 120 182 178 000 000 000 000
0014 142 114 196 173 000 000 000 000
0015 148 111 201 171 000 000 000 000
0016 150 108 201 169 000 000 000 000
0017 155 108 203 166 000 000 000 000
0018 155 107 202 165 000 000 000 000
0019 154 107 202 165 000 000 000 000
0020 155 106 203 164 000 000 000 000
0021 150 103 202 170 000 000 000 000
0022 154 106 205 165 000 000 000 000
0023 156 107 205 165 000 000 000 000
0024 155 107 203 163 000 000 000 000
0025 148 103 200 161 000 000 000 000
0026 126 100 181 150 000 000 000 000
0027 078 100 142 151 000 000 000 000
0028 000 207 023 235 000 000 000 000
