0004 161 223 195 239 000 000 000 000
0005 168 199 197 228 000 000 000 000
0006 175 159 203 199 000 000 000 000
0007 173 138 203 182 000 000 000 000
0008 173 140 202 179 000 000 000 000
0009 179 130 212 176 000 000 000 000
0010 183 124 216 176 000 000 000 000
0011 188 126 222 177 000 000 000 000
0012 186 126 223 182 000 000 000 000
0013 186 127 222 181 000 000 000 000
0014 188 128 222 178 000 000 000 000
0015 185 130 213 184 000 000 000 000
0016 180 136 209 180 000 000 000 000
0017 169 151 196 190 000 000 000 000
0018 160 162 193 202 000 000 000 000
0019 152 192 184 224 000 000 000 000
0020 151 222 190 239 000 000 000 000
