0000 112 204 131 234 000 000 000 000
0001 112 204 131 234 189 207 208 235
0002 112 205 131 236 187 206 206 237
0003 112 204 130 234 177 202 199 234
0004 112 205 130 234 142 166 186 198
0005 112 205 131 235 132 131 171 160
0006 130 113 171 144 113 206 131 235
0007 149 098 180 130 112 206 131 235
0008 170 089 201 129 112 206 131 237
0009 188 087 217 127 113 204 131 235
0010 195 083 225 127 112 204 130 237
0011 202 085 230 125 112 205 131 235
0012 208 087 234 129 112 206 131 236
0013 209 091 236 134 113 203 131 235
0014 212 097 240 142 112 205 131 234
0015 113 205 132 235 213 112 242 158
0016 112 205 132 235 208 148 237 176
0017 112 206 132 235 209 192 228 232
0018 112 206 131 235 190 208 213 239
0019 112 205 131 234 188 201 205 234
0020 113 205 131 236 187 208 205 238
0021 113 205 131 236 187 207 206 238
