0005 061 212 117 239 000 000 000 000
0006 061 158 122 220 000 000 000 000
0007 070 119 140 202 000 000 000 000
0008 084 110 155 206 000 000 000 000
0009 086 106 160 213 000 000 000 000
0010 089 107 154 218 000 000 000 000
0011 087 108 158 216 000 000 000 000
0012 083 116 157 220 000 000 000 000
0013 086 114 156 218 000 000 000 000
0014 083 107 154 219 000 000 000 000
0015 081 108 152 220 000 000 000 000
0016 077 106 154 206 000 000 000 000
0017 061 103 144 191 000 000 000 000
0018 058 149 119 209 041 175 078 203
