0000 175 206 203 237 101 195 122 230
0001 171 204 205 237 101 196 122 230
0002 172 204 205 237 101 198 125 229
0003 171 204 204 236 101 198 125 229
0004 171 204 204 236 101 195 122 230
0005 171 203 202 237 101 195 122 230
0006 175 205 203 238 101 196 122 230
0007 174 204 201 237 101 193 122 230
0008 171 205 199 238 101 196 122 231
0009 158 198 186 231 101 195 122 231
0010 142 180 173 206 101 196 122 228
0011 130 144 169 171 101 196 122 228
0012 124 105 163 145 100 194 121 230
0013 131 084 158 124 099 194 120 228
0014 133 071 163 114 100 192 121 228
0015 134 066 160 110 100 195 121 229
0016 134 069 158 110 100 192 121 228
0017 133 071 157 109 100 194 121 228
0018 128 069 154 112 100 195 120 229
0019 130 067 157 113 101 200 124 231
0020 130 067 158 112 101 197 121 230
0021 128 067 158 113 101 197 121 231
0022 128 070 158 113 100 197 121 232
0023 128 071 158 113 100 196 121 229
0024 127 065 158 116 101 199 119 228
0025 127 064 158 116 100 196 120 231
0026 128 067 159 117 099 197 120 230
0027 128 067 159 118 098 197 120 230
0028 128 067 160 119 098 196 119 230
0029 128 067 160 117 098 196 119 230
0030 128 066 161 117 098 196 119 230
0031 126 066 159 115 098 196 120 230
0032 128 065 161 117 099 197 120 230
0033 129 064 161 114 099 196 120 230
0034 129 063 161 110 100 200 118 228
0035 131 066 161 116 099 197 120 230
0036 126 085 153 121 100 198 121 230
0037 119 123 157 162 099 197 121 230
0038 123 177 178 211 100 200 118 229
0039 100 199 121 231 185 220 208 239
0040 099 197 121 230 192 216 219 237
0041 195 203 220 235 100 197 120 229
0042 189 202 213 234 098 199 120 231
0043 100 199 121 232 185 202 213 235
0044 190 206 213 236 099 197 121 230
0045 189 205 212 237 100 197 121 230
0046 188 205 211 237 101 199 122 231
0047 188 205 211 237 103 200 123 233
0048 188 206 212 237 103 196 122 230
0049 187 206 211 237 102 196 122 230
0050 187 207 210 236 102 197 122 231
0051 187 206 210 236 102 196 122 230
0052 185 205 209 237 102 198 123 232
