0001 171 211 210 239 000 000 000 000
0002 178 203 216 239 000 000 000 000
0003 180 203 216 239 000 000 000 000
0004 177 191 218 238 000 000 000 000
0005 173 188 222 239 000 000 000 000
0006 171 180 224 237 000 000 000 000
0007 165 177 223 235 000 000 000 000
0008 162 185 219 233 000 000 000 000
0009 162 190 217 237 000 000 000 000
0010 164 197 220 235 000 000 000 000
0011 173 199 216 239 000 000 000 000
0012 174 201 213 239 000 000 000 000
0013 172 204 215 239 000 000 000 000
0014 174 219 219 238 000 000 000 000
0015 174 224 212 238 000 000 000 000
0018 172 223 214 238 000 000 000 000
0019 172 222 215 238 000 000 000 000
0020 168 224 219 239 000 000 000 000
0021 167 224 218 239 000 000 000 000
0022 166 224 218 239 000 000 000 000
0025 166 224 217 239 000 000 000 000
0026 166 223 219 239 000 000 000 000
0027 171 224 216 239 000 000 000 000
0028 173 220 221 239 000 000 000 000
0029 172 219 220 239 000 000 000 000
0030 174 210 218 239 000 000 000 000
0031 173 197 218 239 000 000 000 000
0032 174 184 220 237 106 213 154 239
0033 172 171 220 228 110 205 163 239
0034 171 161 221 218 113 200 168 239
0035 172 152 218 211 116 193 170 238
0036 117 181 171 231 171 141 211 205
0037 118 176 170 225 171 141 219 198
0038 113 160 170 212 169 132 213 191
0039 166 127 215 184 116 143 166 196
0040 117 139 168 192 165 124 212 180
0041 118 138 170 192 164 125 213 181
0042 119 139 171 192 165 124 214 181
0043 121 143 170 196 167 128 216 184
0044 127 140 174 196 169 130 216 186
0045 122 142 175 196 171 130 218 186
0046 123 143 174 196 170 131 219 187
0047 125 143 173 196 170 133 218 190
0048 120 142 169 195 170 133 214 190
0049 120 144 168 196 174 126 216 185
0050 124 138 165 193 174 126 216 184
0051 124 139 166 194 174 126 216 187
0052 117 144 172 195 174 126 216 185
0053 117 144 171 195 174 127 216 185
0054 117 143 172 195 168 131 213 190
0055 117 143 172 195 174 130 216 188
0056 119 144 171 195 174 129 216 187
0057 117 141 171 195 167 132 213 187
0058 116 147 169 202 171 137 222 195
0059 111 168 164 227 173 150 222 211
0060 174 188 220 237 104 209 161 239
0061 179 221 214 239 000 000 000 000
