0006 126 219 171 239 000 000 000 000
0007 130 194 172 226 000 000 000 000
0008 129 153 182 191 000 000 000 000
0009 137 099 185 152 000 000 000 000
0010 141 060 182 127 000 000 000 000
0011 141 055 186 115 000 000 000 000
0012 140 052 188 112 000 000 000 000
0013 139 047 189 111 000 000 000 000
0014 140 045 188 110 000 000 000 000
0015 140 043 188 106 000 000 000 000
0016 140 047 189 107 000 000 000 000
0017 141 043 181 106 000 000 000 000
0018 139 046 188 106 000 000 000 000
0019 139 047 188 106 000 000 000 000
0020 140 045 186 111 000 000 000 000
0021 140 056 180 123 000 000 000 000
0022 128 098 189 148 000 000 000 000
0023 121 165 181 208 000 000 000 000
0024 117 202 168 239 000 000 000 000
0025 129 221 170 238 000 000 000 000
