0003 100 205 139 238 206 213 242 238
0004 108 195 145 238 192 198 237 239
0005 110 181 152 236 183 185 232 239
0006 120 160 162 238 167 162 220 236
0007 121 152 163 232 163 157 208 232
0008 125 137 165 221 161 145 206 220
0009 127 134 168 219 159 139 204 214
0010 126 129 166 218 160 141 206 216
0011 126 126 166 217 159 142 205 215
0012 126 125 165 213 158 139 206 216
0013 127 125 165 217 159 138 204 214
0014 126 128 162 206 159 137 204 218
0015 125 125 164 205 159 136 204 213
0016 125 124 162 203 161 137 204 210
0017 126 123 163 202 155 134 203 209
0018 127 124 163 203 160 138 204 211
0019 127 124 163 203 160 137 204 213
0020 126 124 164 203 158 137 204 212
0021 126 121 165 206 160 140 203 210
0022 127 121 166 210 160 136 202 210
0023 127 119 166 210 156 133 202 207
0024 127 119 167 209 157 136 205 213
0025 126 119 166 210 159 135 203 212
0026 125 131 165 209 156 145 205 217
0027 118 147 170 224 162 162 214 228
0028 180 186 231 239 111 165 160 235
0029 105 181 154 238 191 197 240 234
0030 099 208 141 238 219 215 255 237
0031 098 210 141 239 000 000 000 000
0032 101 216 138 238 000 000 000 000
0033 101 215 137 239 000 000 000 000
0034 098 219 141 239 000 000 000 000
0035 102 221 135 239 000 000 000 000
0036 099 222 131 239 000 000 000 000
