0000 135 188 157 215 205 183 222 208
0001 203 187 222 208 135 188 157 217
0002 135 188 157 218 205 186 224 210
0003 135 188 157 217 204 183 222 208
0004 135 188 156 218 204 184 221 212
0005 203 187 221 213 134 189 156 217
0006 203 184 222 210 135 188 156 217
0007 203 185 221 209 137 188 158 218
0008 202 186 220 211 137 192 154 216
0009 138 193 155 218 203 185 221 212
0010 207 183 225 207 142 189 162 216
0011 205 177 224 201 147 174 170 203
0012 150 157 180 181 203 160 222 188
0013 149 131 178 155 199 139 223 162
0014 149 111 176 144 196 117 222 148
0015 142 099 167 133 198 104 221 134
0016 140 095 166 132 196 098 221 126
0017 139 092 164 128 196 092 221 127
0018 138 092 162 131 196 092 221 128
0019 138 093 162 132 196 096 222 122
0020 140 098 161 131 195 093 222 129
0021 136 095 161 130 201 095 226 122
0022 136 096 161 131 201 096 227 122
0023 136 095 161 131 200 094 225 128
0024 136 092 162 131 199 094 223 131
0025 136 092 161 131 198 094 223 130
0026 136 092 161 131 198 093 223 128
0027 136 093 161 131 199 093 223 129
0028 136 092 161 130 198 093 223 129
0029 136 092 161 130 199 093 223 129
0030 135 096 159 129 199 093 223 129
0031 136 092 162 129 199 090 223 127
0032 137 091 163 128 198 093 223 120
0033 138 088 164 126 197 088 221 125
0034 138 089 164 126 197 086 221 124
0035 138 090 164 128 197 087 221 124
0036 136 093 162 128 199 092 222 120
0037 195 101 222 132 136 103 161 137
0038 136 131 161 158 200 131 222 156
0039 137 157 160 184 202 155 222 178
0040 203 167 222 192 135 171 158 195
0041 133 184 153 211 203 177 223 205
0042 204 182 224 209 130 192 150 211
0043 205 185 224 209 129 188 150 211
0044 206 185 225 209 132 188 151 212
0045 207 185 226 209 132 188 153 211
0046 206 186 225 209 131 189 150 213
