0010 103 210 155 239 000 000 000 000
0011 091 189 158 234 000 000 000 000
0012 087 165 159 211 000 000 000 000
0013 082 158 151 204 000 000 000 000
0014 090 173 151 216 000 000 000 000
0015 097 205 160 238 039 196 075 238
0016 054 158 114 196 000 000 000 000
0017 068 106 117 142 000 000 000 000
0018 058 075 102 120 000 000 000 000
0019 027 049 073 111 000 000 000 000
0020 022 053 057 119 000 000 000 000
0021 029 068 068 135 000 000 000 000
0022 034 087 065 149 000 000 000 000
0023 032 118 073 175 000 000 000 000
0024 035 133 069 182 000 000 000 000
0025 019 080 068 150 000 000 000 000
0026 031 070 077 138 000 000 000 000
0028 042 167 105 218 000 000 000 000
0029 042 163 093 217 000 000 000 000
0030 044 171 089 218 000 000 000 000
0031 035 186 082 236 000 000 000 000
0032 034 191 073 235 096 212 145 239
0033 037 186 080 235 081 189 144 227
0034 025 162 074 228 074 164 139 213
0035 023 154 073 213 091 170 148 215
0036 023 147 075 212 081 158 149 204
0037 079 148 139 191 030 150 077 212
0038 029 148 076 208 094 140 145 186
0039 027 142 074 199 103 153 164 206
0040 031 136 080 191 100 150 158 199
0041 036 130 082 186 106 135 164 184
0042 036 127 082 183 127 146 175 195
0043 132 158 181 213 035 123 083 180
0044 036 127 084 182 105 151 169 197
0045 112 139 170 188 040 127 082 184
0046 046 126 087 187 143 143 186 190
0047 038 123 084 180 144 156 193 213
0048 124 156 178 204 045 119 086 174
0049 051 121 090 174 121 146 179 195
0050 048 116 090 175 158 150 200 200
0051 044 125 084 180 154 158 204 217
0052 043 127 087 184 135 163 188 215
0053 044 133 087 186 136 154 191 202
0054 042 136 082 191 164 151 209 203
0055 037 138 083 192 170 163 212 226
0056 032 147 079 204 158 163 209 214
0057 030 150 080 204 179 163 224 215
0058 190 175 237 230 026 155 077 213
0059 029 172 073 234 184 201 228 239
0060 041 204 076 235 000 000 000 000
