0005 093 213 129 239 000 000 000 000
0006 080 181 128 232 000 000 000 000
0007 077 166 126 211 161 211 201 237
0008 070 143 123 187 164 139 197 195
0009 067 123 121 164 154 091 188 158
0010 070 118 123 160 137 107 180 169
0011 070 118 124 163 112 116 154 176
0012 066 124 118 164 103 139 153 182
0013 107 114 158 172 064 127 119 169
0014 120 088 163 160 063 130 118 171
0015 062 129 119 170 124 088 165 162
0016 112 114 153 177 071 123 116 167
0017 067 125 121 166 103 140 150 187
0018 067 128 118 166 105 141 153 185
0019 106 139 155 182 075 126 123 164
0020 125 141 170 193 085 124 136 170
0021 141 175 184 224 093 147 138 209
0022 095 220 128 239 000 000 000 000
