0000 041 185 063 220 117 181 139 218
0001 042 185 063 220 118 182 139 213
0002 042 187 060 216 117 181 138 217
0003 042 186 061 218 117 181 138 217
0004 042 186 061 218 117 181 138 217
0005 042 185 063 220 119 184 137 218
0006 042 185 063 220 122 183 145 222
0007 042 185 063 220 143 181 163 212
0008 041 185 062 221 171 165 197 198
0009 040 185 062 220 196 143 227 175
0010 040 186 062 219 211 106 243 128
0011 041 185 062 219 213 080 250 107
0012 211 066 252 092 043 185 063 219
0013 209 048 248 077 043 185 064 219
0014 206 035 247 076 044 185 065 219
0015 203 030 245 067 044 185 066 220
0016 202 027 241 063 044 185 066 220
0017 201 024 242 062 045 185 066 219
0018 200 023 242 061 044 184 066 220
0019 200 018 238 058 044 185 066 220
0020 200 020 240 060 044 184 066 220
0021 200 018 238 057 044 184 066 220
0022 200 019 238 057 044 184 066 220
0023 200 020 238 057 044 184 066 220
0024 203 019 237 058 044 185 065 220
0025 201 017 240 059 044 184 065 220
0026 203 019 238 058 044 185 066 220
0027 199 018 240 059 044 185 065 220
0028 200 018 240 059 044 185 065 220
0029 199 020 240 061 044 186 065 220
0030 200 024 239 062 044 186 065 221
0031 202 041 244 074 044 186 066 222
0032 044 187 066 222 199 081 243 112
0033 044 186 066 222 188 126 220 149
0034 044 186 066 222 169 156 194 186
0035 047 188 068 216 143 176 168 210
0036 044 185 066 221 125 182 148 217
0037 044 185 066 221 119 183 139 217
