0000 179 197 202 230 106 199 130 233
0001 106 199 130 233 186 200 208 234
0002 106 201 127 233 204 195 228 228
0003 221 179 259 212 105 201 127 232
0004 108 200 131 233 234 154 273 182
0005 230 133 271 158 107 200 131 234
0006 105 201 129 235 228 123 270 145
0007 103 199 126 232 224 119 270 144
0008 098 184 124 212 224 122 265 144
0009 088 158 116 185 224 122 267 145
0010 087 133 118 156 222 122 267 146
0011 223 124 270 146 092 131 123 162
0012 104 153 133 193 222 124 265 146
0013 125 175 153 211 221 123 263 144
0014 221 121 265 145 144 175 171 209
0015 222 121 266 143 156 167 183 194
0016 221 119 266 142 159 139 191 163
0017 151 125 191 148 224 120 266 143
0018 142 127 188 154 224 119 266 143
0019 221 119 267 142 133 151 165 181
0020 123 174 153 202 222 119 267 144
0021 108 184 131 210 223 118 268 142
0022 087 179 115 210 222 120 268 143
0023 223 119 268 145 084 161 109 186
0024 096 144 127 169 220 121 264 144
0025 105 145 147 175 219 120 265 144
0026 122 154 157 186 221 120 265 144
0027 134 166 165 200 221 122 260 144
0028 220 123 260 145 136 167 167 197
0029 220 125 261 147 136 168 165 198
0030 215 128 258 149 130 170 162 202
0031 122 182 153 211 213 150 246 184
0032 117 191 146 229 202 165 231 205
0033 110 195 136 226 189 187 215 225
0034 111 201 131 231 183 199 207 234
0035 111 200 130 231 182 199 205 234
0036 183 201 204 233 108 200 131 232
0037 182 202 203 234 109 203 131 237
0038 181 201 203 233 111 203 132 238
