0002 175 202 219 238 000 000 000 000
0003 205 149 252 195 000 000 000 000
0004 209 090 261 150 000 000 000 000
0005 214 064 263 127 000 000 000 000
0006 213 051 258 115 000 000 000 000
0007 216 052 259 112 000 000 000 000
0008 217 051 261 114 000 000 000 000
0009 219 054 264 114 000 000 000 000
0010 221 054 266 114 000 000 000 000
0011 221 054 266 113 000 000 000 000
0012 218 053 262 113 000 000 000 000
0013 218 052 263 111 000 000 000 000
0014 218 050 263 111 000 000 000 000
0015 218 050 264 111 000 000 000 000
0016 219 050 263 109 000 000 000 000
0017 219 050 263 110 000 000 000 000
0018 219 050 263 110 000 000 000 000
0019 219 050 264 110 000 000 000 000
0020 219 051 264 110 000 000 000 000
0021 219 053 265 112 000 000 000 000
0022 222 057 263 114 000 000 000 000
0023 221 076 266 128 000 000 000 000
0024 221 097 264 145 000 000 000 000
0025 219 133 254 178 000 000 000 000
0026 188 191 230 237 000 000 000 000
0027 174 214 209 239 000 000 000 000
