0000 183 208 212 237 112 209 136 236
0001 183 209 212 237 111 208 136 237
0002 182 210 213 238 112 214 139 239
0003 112 207 139 236 184 213 217 239
0004 123 182 152 213 186 211 219 239
0005 167 176 205 224 142 125 183 152
0006 168 087 197 118 132 131 191 164
0007 114 092 159 128 180 070 210 107
0008 182 072 212 108 119 082 157 114
0009 182 077 213 113 126 084 156 114
0010 183 076 213 109 131 087 159 118
0011 181 079 212 115 130 088 159 116
0012 183 077 215 111 132 092 161 118
0013 184 076 215 110 130 088 159 118
0014 184 075 215 110 131 090 159 117
0015 182 083 213 117 125 093 157 124
0016 175 097 208 136 118 112 157 152
0017 165 126 203 157 134 159 173 209
0018 141 164 178 196 176 202 206 239
0019 130 189 158 221 194 207 221 235
0020 115 201 139 237 204 213 229 239
0021 110 207 132 238 210 213 232 239
0022 207 209 232 239 106 206 132 236
0023 108 208 133 237 204 209 229 239
