0000 071 219 137 239 000 000 000 000
0001 071 219 138 239 000 000 000 000
0002 072 220 137 239 000 000 000 000
0003 038 210 077 239 069 220 136 239
0004 032 177 083 230 071 220 133 239
0005 034 157 086 211 072 220 136 239
0006 032 151 087 204 072 219 137 239
0007 033 151 088 200 072 215 132 239
0008 037 146 095 197 073 215 133 239
0009 040 141 096 191 073 215 134 239
0010 041 138 095 188 071 208 130 238
0011 047 138 100 190 088 188 138 232
0012 049 137 099 189 105 167 146 223
0013 048 138 099 188 104 158 154 211
0014 099 156 151 206 049 138 100 188
0015 049 138 099 187 093 150 148 202
0016 049 137 099 186 097 144 139 202
0017 048 137 097 184 086 144 142 197
0018 086 138 139 191 048 137 097 187
0019 050 136 097 186 094 135 133 190
0020 051 134 098 184 093 130 130 189
0021 075 128 122 186 052 136 088 186
0022 071 131 126 185 052 139 092 186
0023 066 131 117 184 056 142 088 178
0024 055 138 103 190 089 133 132 189
0025 055 133 112 187 096 129 131 186
0026 057 124 113 180 054 164 112 191
0027 060 122 105 178 000 000 000 000
0028 064 117 109 183 000 000 000 000
0029 060 123 106 183 000 000 000 000
0030 060 132 112 191 000 000 000 000
0031 058 151 119 209 000 000 000 000
0032 069 183 126 234 033 180 065 230
0033 066 202 122 239 033 207 065 239
0034 070 212 123 239 029 201 061 238
0035 067 214 123 239 000 000 000 000
0036 071 214 124 239 000 000 000 000
0037 070 214 124 239 000 000 000 000
0038 065 215 124 239 000 000 000 000
0039 065 215 124 239 000 000 000 000
0040 066 215 124 239 000 000 000 000
0041 066 215 125 239 000 000 000 000
0042 066 215 123 239 000 000 000 000
0043 070 215 126 239 000 000 000 000
0044 068 214 124 239 000 000 000 000
0045 069 215 124 239 000 000 000 000
0046 070 215 126 239 000 000 000 000
0047 070 215 125 239 000 000 000 000
0048 071 219 120 238 000 000 000 000
0049 072 220 120 238 000 000 000 000
0050 072 220 120 238 000 000 000 000
0051 065 216 120 237 000 000 000 000
0052 065 216 121 237 000 000 000 000
0053 068 214 125 239 000 000 000 000
0054 068 214 124 239 000 000 000 000
0055 068 214 124 239 000 000 000 000
0056 063 216 121 237 000 000 000 000
0057 063 216 121 237 000 000 000 000
0058 066 213 127 239 000 000 000 000
