0000 227 205 255 239 144 207 162 237
0001 228 205 253 239 140 208 157 235
0002 226 204 255 239 135 207 158 237
0003 231 206 259 239 126 208 148 237
0004 119 208 142 236 230 205 259 239
0005 100 202 137 236 230 206 258 239
0006 090 198 127 233 231 204 259 239
0007 072 185 113 222 230 204 258 239
0008 052 163 099 198 230 205 259 239
0009 035 141 091 171 229 205 257 237
0010 034 129 081 153 231 204 260 239
0011 030 095 091 120 232 208 259 239
0012 030 077 085 101 230 203 257 236
0013 029 064 084 090 231 205 258 238
0014 229 206 256 239 029 057 087 087
0015 034 045 088 075 228 207 255 239
0016 030 034 094 069 228 206 255 239
0017 228 208 255 239 033 029 094 061
0018 228 207 255 239 031 025 094 060
0019 227 207 254 239 032 021 087 056
0020 228 207 253 239 030 020 095 054
0021 226 205 253 239 039 016 093 049
0022 227 206 253 239 039 014 094 049
0023 227 206 254 239 037 014 095 050
0024 227 205 253 238 039 022 095 056
0025 227 204 253 239 038 022 097 060
0026 227 204 254 239 033 024 092 055
0027 227 205 255 239 033 026 090 057
0028 038 031 090 068 227 206 254 238
0029 058 054 094 092 223 203 257 237
0030 064 072 095 112 227 205 254 239
0031 077 111 103 146 227 205 254 239
0032 090 157 119 185 227 205 254 239
0033 106 187 143 217 227 204 253 239
0034 228 206 254 239 123 201 147 231
0035 228 205 254 239 135 207 155 237
0036 229 206 255 239 140 206 160 236
0037 229 206 255 239 141 208 165 237
0038 228 206 254 239 142 206 161 237
0039 227 205 254 238 144 207 162 236
0040 227 206 254 239 141 206 160 237
