0000 137 212 169 237 000 000 000 000
0001 137 212 169 237 000 000 000 000
0002 137 212 169 237 000 000 000 000
0003 137 211 169 237 000 000 000 000
0004 137 211 169 236 000 000 000 000
0005 138 211 171 239 000 000 000 000
0006 137 212 169 236 000 000 000 000
0007 137 212 169 237 000 000 000 000
0008 136 211 171 237 000 000 000 000
0009 135 207 171 236 000 000 000 000
0010 136 199 173 234 000 000 000 000
0011 131 181 170 221 000 000 000 000
0012 127 152 174 189 000 000 000 000
0013 124 138 176 178 000 000 000 000
0014 126 126 176 164 000 000 000 000
0015 125 115 177 157 000 000 000 000
0016 127 108 176 151 000 000 000 000
0017 125 108 175 149 000 000 000 000
0018 123 106 174 146 000 000 000 000
0019 122 105 174 146 000 000 000 000
0020 123 105 174 145 000 000 000 000
0021 121 103 175 144 000 000 000 000
0022 124 100 173 143 000 000 000 000
0023 124 101 175 145 000 000 000 000
0024 124 103 175 144 000 000 000 000
0025 125 103 175 143 000 000 000 000
0026 126 102 177 142 000 000 000 000
0027 131 101 179 143 000 000 000 000
0028 131 097 180 139 000 000 000 000
0029 132 095 178 136 000 000 000 000
0030 137 101 173 136 000 000 000 000
0031 136 122 167 155 000 000 000 000
0032 128 145 164 174 000 000 000 000
0033 130 175 161 199 000 000 000 000
0034 130 190 166 220 000 000 000 000
0035 133 206 168 233 000 000 000 000
0036 135 211 169 237 000 000 000 000
0037 133 210 170 236 000 000 000 000
0038 135 211 169 237 000 000 000 000
0039 135 211 169 236 000 000 000 000
0040 135 211 168 236 000 000 000 000
0041 133 211 171 237 000 000 000 000
