0001 182 184 222 235 000 000 000 000
0002 175 147 228 205 000 000 000 000
0003 182 107 234 160 000 000 000 000
0004 182 088 233 139 000 000 000 000
0005 186 085 229 138 000 000 000 000
0006 183 082 226 135 000 000 000 000
0007 183 080 228 136 000 000 000 000
0008 184 082 229 136 000 000 000 000
0009 184 075 227 132 000 000 000 000
0010 185 060 226 113 000 000 000 000
0011 184 042 221 082 000 000 000 000
0012 183 017 219 056 000 000 000 000
0013 183 015 215 054 000 000 000 000
0014 183 015 215 054 000 000 000 000
0015 182 016 218 054 000 000 000 000
0016 183 018 219 056 000 000 000 000
0017 183 021 217 062 000 000 000 000
0018 180 025 220 070 000 000 000 000
0019 179 033 220 075 000 000 000 000
0020 178 037 217 079 000 000 000 000
0021 180 037 220 077 000 000 000 000
0022 180 039 221 080 000 000 000 000
0023 182 040 221 081 000 000 000 000
0024 180 038 221 080 000 000 000 000
0025 184 039 221 081 000 000 000 000
0026 182 040 220 078 000 000 000 000
0027 184 036 221 076 000 000 000 000
0028 186 035 218 077 000 000 000 000
0029 186 035 219 079 000 000 000 000
0030 186 030 220 075 000 000 000 000
0031 187 032 220 080 000 000 000 000
0032 186 039 219 087 000 000 000 000
0033 182 053 220 091 000 000 000 000
0034 101 145 164 195 173 085 219 119
0035 108 120 170 163 166 110 212 150
0036 165 119 210 158 111 131 175 166
0037 110 133 182 167 166 119 211 157
0038 166 119 214 159 109 132 181 165
0039 098 135 171 170 182 127 241 167
0040 204 124 273 162 081 145 143 176
0041 210 125 273 161 076 146 132 178
0042 208 123 273 160 081 146 135 180
0043 209 125 270 160 081 148 136 183
0044 211 125 269 162 079 148 134 183
0045 212 126 268 163 080 147 134 182
0046 083 150 139 185 203 126 263 163
0047 087 168 145 210 205 139 252 180
0048 193 176 230 231 098 223 154 239
