0000 174 195 193 228 094 207 121 236
0001 093 207 121 236 174 193 193 226
0002 083 190 108 215 197 175 221 197
0003 208 123 235 150 075 153 100 178
0004 206 082 232 119 079 101 106 138
0005 200 074 230 116 080 086 106 121
0006 202 075 229 113 085 081 112 119
0007 199 074 228 115 091 081 116 118
0008 189 073 214 114 105 079 127 115
0009 169 073 193 113 122 079 152 112
0010 157 074 182 117 131 077 151 114
0011 159 079 182 113 132 075 152 112
0012 157 074 182 119 132 076 150 115
0013 160 078 182 113 130 077 152 111
0014 158 071 182 117 131 080 152 109
0015 126 086 154 115 163 081 184 123
0016 162 105 188 142 124 105 149 144
0017 160 140 189 170 123 142 150 172
0018 112 183 139 210 173 178 193 209
0019 176 192 196 225 102 206 128 236
0020 093 208 115 235 176 194 196 225
0021 091 206 114 235 176 192 196 225
0022 176 193 197 225 094 207 116 234
0023 174 192 195 224 096 207 118 236
