0000 196 199 239 236 000 000 000 000
0001 196 194 241 236 000 000 000 000
0002 195 189 240 233 109 218 143 239
0003 124 192 173 239 188 169 229 209
0004 178 150 220 190 131 162 189 216
0005 143 128 207 181 165 123 197 148
0006 152 110 207 167 000 000 000 000
0007 149 106 207 165 000 000 000 000
0008 150 105 207 162 000 000 000 000
0009 148 104 207 161 000 000 000 000
0010 143 110 206 163 000 000 000 000
0011 145 106 205 160 000 000 000 000
0012 143 102 205 161 000 000 000 000
0013 142 102 204 160 000 000 000 000
0014 143 101 205 160 000 000 000 000
0015 142 101 204 159 000 000 000 000
0016 142 101 204 159 000 000 000 000
0017 142 101 204 159 000 000 000 000
0018 142 100 204 159 000 000 000 000
0019 141 100 204 159 000 000 000 000
0020 142 102 204 160 000 000 000 000
0021 142 101 204 160 000 000 000 000
0022 143 103 204 164 000 000 000 000
0023 138 130 209 177 000 000 000 000
0024 131 153 207 202 152 134 193 183
0025 119 181 180 235 165 163 219 205
0026 113 194 164 239 179 170 227 211
0027 190 182 235 223 107 210 145 239
0028 194 190 239 232 000 000 000 000
0029 196 195 239 236 109 221 143 239
0030 195 199 239 238 107 217 142 239
0031 195 198 239 237 106 217 141 239
0032 196 200 239 237 106 218 141 239
0033 196 201 239 238 106 217 140 239
0034 197 204 240 236 106 217 141 239
