0000 165 224 188 239 000 000 000 000
0004 167 223 193 239 000 000 000 000
0005 170 224 194 239 000 000 000 000
0006 182 214 212 237 000 000 000 000
0007 197 190 228 234 000 000 000 000
0008 206 171 245 214 000 000 000 000
0009 211 163 243 196 000 000 000 000
0010 211 157 244 191 000 000 000 000
0011 206 172 241 207 000 000 000 000
0012 175 184 204 215 000 000 000 000
0013 155 167 188 203 000 000 000 000
0014 157 118 194 159 000 000 000 000
0015 182 093 231 136 000 000 000 000
0016 228 121 266 157 000 000 000 000
0017 206 166 247 210 000 000 000 000
0019 141 137 176 178 000 000 000 000
0020 169 093 218 132 000 000 000 000
0021 205 115 246 153 000 000 000 000
0022 188 170 226 208 000 000 000 000
0023 136 177 168 212 000 000 000 000
0024 136 123 174 166 000 000 000 000
0025 169 094 217 132 000 000 000 000
0026 201 148 244 190 000 000 000 000
0027 170 186 202 217 000 000 000 000
0028 151 176 184 210 000 000 000 000
0029 156 153 188 183 000 000 000 000
0030 179 148 217 189 064 224 087 239
0031 199 174 232 226 000 000 000 000
0032 198 209 227 239 000 000 000 000
