0005 175 163 221 234 000 000 000 000
0006 181 113 232 192 000 000 000 000
0007 185 085 237 158 000 000 000 000
0008 188 074 238 143 000 000 000 000
0009 186 060 237 131 000 000 000 000
0010 186 055 231 123 000 000 000 000
0011 184 053 236 124 000 000 000 000
0012 178 055 229 120 000 000 000 000
0013 182 051 229 119 000 000 000 000
0014 180 051 232 120 000 000 000 000
0015 180 052 230 119 000 000 000 000
0016 180 053 232 121 000 000 000 000
0017 180 062 233 129 000 000 000 000
0018 178 070 233 138 000 000 000 000
0019 178 090 227 159 000 000 000 000
0020 169 149 224 219 000 000 000 000
0021 159 211 206 239 000 000 000 000
