0004 098 175 168 235 059 157 102 208
0005 099 160 167 231 040 212 103 239
0006 102 128 167 190 010 165 098 231
0007 098 117 163 177 015 143 100 216
0008 104 098 160 168 032 091 127 188
0009 029 089 131 185 094 089 165 161
0010 029 092 126 176 092 088 168 171
0011 029 089 127 180 092 090 171 169
0012 033 089 128 178 091 096 168 169
0013 032 086 128 180 088 093 168 169
0014 086 089 175 169 035 086 129 176
0015 032 090 148 173 101 100 173 168
0016 034 090 148 172 101 100 173 168
0017 033 090 126 174 095 090 175 167
0018 095 091 177 168 032 091 139 175
0019 084 099 171 176 034 098 125 186
0020 105 132 179 193 013 142 095 228
0021 102 176 184 235 037 215 097 239
0022 112 222 156 239 000 000 000 000
