0000 189 206 213 238 096 197 119 231
0001 189 206 213 238 096 197 119 231
0002 189 206 213 238 096 197 119 231
0003 189 207 215 237 096 197 119 231
0004 188 205 217 236 096 197 119 231
0005 189 207 215 238 096 197 119 232
0006 189 207 215 238 096 198 119 232
0007 189 207 215 237 096 197 119 232
0008 189 207 215 238 096 197 119 232
0009 096 197 119 232 188 205 217 236
0010 189 207 214 238 096 197 119 232
0011 189 207 214 237 096 197 119 232
0012 189 207 215 238 096 197 118 232
0013 189 207 215 238 095 197 118 232
0014 189 207 215 238 096 197 118 232
0015 189 207 215 238 096 198 118 231
0016 189 207 215 238 096 198 118 232
0017 189 207 215 238 096 198 118 232
0018 189 207 215 238 096 197 118 231
0019 189 207 215 238 096 197 118 231
0020 189 207 215 238 096 198 118 232
0021 189 206 215 238 096 198 118 232
0022 188 206 215 237 096 198 118 232
0023 189 206 215 237 096 197 119 232
0024 189 207 215 238 095 197 118 232
0025 184 205 214 237 095 197 118 232
0026 163 199 192 232 096 198 119 232
0027 157 189 186 222 096 198 119 232
0028 096 198 119 231 137 157 169 181
0029 127 101 161 140 096 197 119 230
0030 132 076 162 120 097 197 119 230
0031 130 070 160 110 096 196 119 230
0032 130 068 160 113 096 196 119 229
0033 095 196 118 228 131 066 158 112
0034 095 195 118 228 127 069 155 111
0035 095 196 118 229 129 068 159 113
0036 096 196 118 230 130 068 158 114
0037 130 068 160 113 095 196 118 230
0038 130 067 160 111 094 197 118 231
0039 130 068 161 111 094 197 118 230
0040 129 066 161 110 094 197 118 231
0041 130 068 161 110 095 197 118 230
0042 129 067 161 110 094 197 118 231
0043 129 067 161 109 094 196 118 231
0044 129 067 161 110 095 198 118 231
0045 130 068 161 110 095 198 118 231
0046 130 068 160 112 095 198 118 232
0047 126 088 153 121 094 197 117 231
0048 123 115 153 148 095 196 118 231
0049 130 158 162 187 094 195 117 231
0050 151 194 181 223 094 195 117 231
0051 094 196 117 231 169 209 198 239
