0000 154 212 176 237 247 221 276 238
0001 154 211 173 237 249 222 274 239
0002 154 211 175 239 247 222 276 238
0003 244 211 272 236 150 212 171 238
0004 225 192 259 231 161 207 185 236
0005 212 170 251 209 171 194 211 233
0006 191 132 233 166 186 162 235 197
0007 201 130 252 165 181 104 216 138
0008 210 106 256 145 174 089 210 124
0009 217 088 263 129 170 083 209 117
0010 215 086 256 124 173 081 206 112
0011 209 091 250 124 171 085 205 116
0012 170 081 205 113 209 093 250 123
0013 167 086 202 116 207 093 250 123
0014 208 093 250 123 168 081 202 114
0015 208 093 249 123 170 082 204 115
0016 167 086 202 116 207 092 250 123
0017 168 082 202 114 207 092 250 123
0018 168 082 202 113 207 092 250 123
0019 209 092 250 124 168 082 202 113
0020 171 083 204 116 208 092 250 124
0021 208 092 250 124 171 083 204 116
0022 169 081 203 114 206 093 250 123
0023 171 084 203 115 208 093 249 125
0024 211 099 255 134 172 085 207 118
0025 203 124 250 159 173 094 208 135
0026 180 168 221 211 185 128 218 164
0027 216 181 248 223 156 200 184 239
0028 237 207 269 239 150 206 175 238
0029 245 216 276 238 151 210 173 238
0030 152 212 173 239 249 217 274 239
0031 152 212 173 239 254 222 276 239
0032 153 212 174 238 251 219 275 239
0033 154 212 174 238 250 220 273 238
0034 154 213 174 238 250 217 275 239
0035 155 213 174 239 250 219 276 239
