0006 121 223 142 239 000 000 000 000
0007 119 221 138 239 196 224 215 239
0008 121 216 141 237 193 217 211 239
0009 121 214 144 236 192 219 211 239
0010 188 219 208 239 122 214 148 239
0011 127 213 151 238 186 212 204 237
0012 132 207 158 236 182 205 203 236
0013 136 199 164 226 176 198 200 231
0014 134 191 170 223 173 191 194 223
0015 170 180 196 214 137 189 167 213
0016 141 181 170 205 168 173 197 201
0017 142 168 172 195 168 163 193 193
0018 146 158 175 186 165 155 192 182
0019 145 151 172 178 166 149 192 177
0020 161 146 198 169 144 144 169 170
0021 163 138 202 161 143 138 167 164
0022 165 136 203 157 140 130 167 155
0023 161 129 204 152 137 125 160 152
0024 172 126 205 150 136 121 159 148
0025 174 124 210 146 135 119 160 146
0026 182 123 212 147 131 119 157 148
0027 183 122 220 150 126 118 153 145
0028 118 117 147 143 189 124 228 150
0029 197 124 236 148 113 113 140 140
0030 211 123 243 146 105 111 131 134
0031 220 119 251 141 100 106 125 132
0032 226 114 257 138 093 104 118 129
0033 085 103 111 130 237 111 263 134
0034 075 104 100 128 247 112 273 137
0035 066 101 090 126 254 111 281 136
0036 057 103 079 127 264 111 292 135
0037 049 101 075 125 275 109 303 134
0038 276 106 306 131 045 103 073 127
0039 042 105 068 129 280 104 309 127
0040 281 105 311 131 042 105 068 129
0041 284 105 313 133 041 102 068 125
0042 283 105 312 134 041 106 066 131
0043 283 104 313 136 045 105 070 128
0044 283 105 313 139 041 106 068 132
0045 284 106 313 137 041 107 069 134
0046 284 106 313 133 041 109 069 134
0047 283 105 313 134 041 111 068 137
0048 280 108 317 140 042 114 069 138
0049 283 109 312 143 043 118 068 142
0050 284 109 312 142 043 117 068 143
0051 282 108 312 141 043 118 068 143
0052 282 109 312 142 042 120 068 145
0053 278 107 312 143 043 117 068 144
0054 282 114 312 148 042 124 068 151
0055 284 135 313 177 043 142 066 165
0056 278 158 301 201 052 163 073 191
0057 274 167 296 209 059 171 082 201
0058 274 166 297 208 059 175 079 202
0059 274 167 296 208 054 169 074 198
0060 271 168 294 213 055 174 077 203
0061 269 174 291 217 054 174 076 202
0062 269 175 289 217 058 171 079 204
0063 269 174 290 217 056 176 078 208
0064 269 174 291 215 054 175 076 207
0065 270 174 290 219 055 175 076 205
0066 270 174 291 217 055 174 076 206
0067 271 173 292 217 055 175 076 205
0068 271 172 292 216 053 177 075 206
0069 271 172 292 216 053 175 075 206
0070 271 172 292 216 052 175 074 207
0071 052 176 074 208 270 173 292 217
0072 051 176 074 209 270 173 293 218
0073 051 179 073 209 272 173 294 221
0074 261 187 286 226 054 187 077 219
0075 253 198 277 232 061 194 084 225
0076 239 210 263 236 074 206 094 234
0077 088 220 108 239 000 000 000 000
0078 099 224 121 239 000 000 000 000
