0000 096 207 124 238 150 208 181 237
0001 151 206 180 235 095 207 124 238
0002 151 206 180 235 097 206 126 236
0003 151 206 179 235 097 206 126 236
0004 151 206 180 235 096 207 125 238
0005 151 206 179 235 097 207 126 236
0006 152 206 180 235 096 208 125 237
0007 161 203 189 237 087 205 114 236
0008 072 197 102 231 176 187 204 228
0009 193 158 221 200 053 176 083 210
0010 035 133 071 170 209 112 238 160
0011 024 084 058 123 214 075 241 124
0012 028 053 058 091 215 045 241 090
0013 029 034 062 073 214 028 239 071
0014 035 020 065 059 212 022 235 063
0015 040 013 068 051 211 014 235 057
0016 040 009 074 042 206 016 231 058
0017 195 015 221 062 056 008 082 040
0018 067 014 095 055 175 023 202 052
0019 161 037 190 064 079 033 104 062
0020 155 053 183 074 091 045 116 067
0021 154 051 184 073 091 045 117 067
0022 159 047 189 069 093 039 117 063
0023 082 027 108 060 168 026 196 057
0024 075 017 100 050 000 000 000 000
0025 062 008 091 044 196 007 219 051
0026 056 006 084 042 203 009 227 050
0027 058 010 087 045 199 014 222 059
0028 068 012 096 046 187 016 212 052
0029 075 021 100 057 170 019 196 052
0030 081 032 119 062 161 034 189 061
0031 096 050 120 071 152 055 179 074
0032 096 053 120 074 152 059 181 078
0033 097 050 120 072 152 054 179 076
0034 155 054 184 076 096 049 119 071
0035 156 050 184 071 096 048 121 069
0036 158 049 185 072 094 046 120 071
0037 157 052 185 074 095 048 120 072
0038 161 057 188 081 093 055 116 084
0039 162 075 189 104 094 074 120 108
0040 094 098 119 135 157 100 187 132
0041 093 135 121 169 158 138 190 171
0042 157 166 184 202 093 168 121 199
0043 155 189 185 225 094 189 122 225
0044 094 206 124 238 154 201 183 236
0045 095 207 124 238 153 203 183 236
0046 155 206 182 236 093 207 130 239
0047 094 206 130 239 151 205 178 239
