0000 119 199 138 225 196 202 216 234
0001 113 198 137 227 198 201 216 234
0002 201 195 223 231 101 194 126 221
0003 090 180 121 210 202 169 225 205
0004 079 143 111 165 207 130 238 160
0005 213 073 241 117 081 091 112 132
0006 212 036 240 081 093 048 121 088
0007 209 028 235 072 098 035 126 072
0008 207 028 235 071 102 031 131 067
0009 102 033 131 071 207 027 236 073
0010 210 036 239 082 100 047 127 089
0011 214 049 241 098 098 064 126 110
0012 215 093 241 129 095 107 131 140
0013 099 163 129 190 212 158 234 191
0014 101 183 129 208 206 180 227 216
0015 109 200 133 226 196 201 216 232
0016 111 199 136 228 193 205 212 234
