0000 106 198 126 230 180 198 199 232
0001 107 199 127 230 185 197 204 232
0002 107 197 127 230 191 198 211 234
0003 106 200 124 230 224 188 246 218
0004 105 197 125 231 246 162 276 184
0005 106 197 127 232 264 130 306 152
0006 107 199 125 229 285 109 315 132
0007 105 196 126 231 284 097 318 117
0008 106 199 124 230 284 109 316 130
0009 106 198 126 229 271 139 307 159
0010 106 198 126 229 256 162 291 187
0011 105 197 125 228 249 172 284 205
0012 108 197 126 227 250 171 288 202
0013 271 157 301 182 104 195 125 227
0014 278 138 316 162 104 196 125 228
0015 105 196 125 229 286 111 312 131
0016 105 196 125 229 284 094 314 114
0017 105 197 125 230 291 106 313 128
0018 106 199 126 231 268 129 299 151
0019 107 199 128 231 257 168 284 191
0020 108 199 128 231 233 191 253 221
0021 108 199 128 231 212 197 233 232
0022 108 199 129 231 196 195 218 229
0023 108 201 128 231 183 197 202 229
0024 108 199 128 231 183 200 203 232
0025 108 199 128 231 183 195 202 232
