0000 200 213 230 239 114 210 145 239
0001 200 213 230 239 114 211 144 237
0002 204 209 234 238 114 211 144 238
0003 211 201 240 234 116 213 143 239
0004 214 177 243 213 116 212 143 239
0005 220 146 251 178 115 211 143 239
0006 116 207 142 239 225 105 254 143
0007 221 072 251 117 115 207 143 239
0008 212 057 248 101 115 205 145 239
0009 211 046 244 092 112 205 143 239
0010 211 045 241 084 115 190 145 236
0011 207 044 239 087 111 174 142 218
0012 108 139 142 179 206 043 238 088
0013 205 041 236 089 101 104 140 132
0014 203 043 234 088 095 073 139 101
0015 200 041 230 086 101 059 140 084
0016 197 042 228 086 106 053 150 075
0017 192 047 222 082 114 050 171 076
0018 188 043 216 085 136 053 182 076
0019 185 046 218 088 141 052 191 079
0020 184 047 214 084 143 056 194 081
0021 186 048 215 090 143 056 195 081
0022 185 048 215 091 142 055 195 081
0023 186 048 215 090 143 056 194 082
0024 185 047 215 091 140 056 193 081
0025 186 054 217 094 139 060 187 084
0026 130 076 180 105 190 064 221 105
0027 123 108 171 145 194 089 224 130
0028 119 142 160 186 205 127 235 165
0029 214 163 241 199 117 174 147 218
0030 213 184 244 224 110 193 139 236
0031 213 204 242 239 110 207 135 239
0032 107 210 133 239 213 215 241 239
0033 107 212 132 239 214 214 240 238
0034 211 215 237 238 107 212 133 239
0035 107 213 131 239 207 210 236 239
0036 207 211 238 239 112 211 134 237
0037 205 210 237 239 115 211 139 239
0038 115 214 138 239 206 213 232 239
0039 206 212 232 239 118 211 139 238
0040 115 211 139 237 206 213 232 239
0041 115 212 139 237 206 212 232 239
0042 115 211 139 237 206 212 232 238
0043 115 211 139 237 206 213 232 239
0044 116 210 140 238 206 212 231 239
