0000 118 077 170 136 044 217 082 239
0001 119 076 170 134 042 194 077 223
0002 119 074 170 131 046 147 087 186
0003 119 074 171 132 048 111 093 160
0004 118 071 173 132 058 091 101 135
0005 123 064 175 124 069 079 108 122
0006 122 059 179 120 071 076 115 120
0007 123 062 181 119 071 076 116 119
0008 125 060 181 117 070 073 118 116
0009 126 059 178 119 073 072 120 115
0010 125 059 177 118 074 071 120 114
0011 124 060 177 118 074 069 120 114
0012 126 060 179 118 074 064 119 113
0013 124 061 177 119 077 063 117 114
0014 124 061 177 118 074 064 120 113
0015 124 061 177 118 073 066 119 113
0016 124 061 181 118 078 068 118 113
0017 124 061 181 117 073 068 118 111
0018 123 061 180 117 072 068 118 113
0019 123 061 180 117 072 068 117 113
0020 123 061 179 117 071 066 117 112
0021 122 061 179 116 071 067 118 113
0022 070 070 116 114 121 063 180 119
0023 124 078 176 126 058 083 108 131
0024 130 111 175 155 050 123 093 163
0025 130 149 177 199 031 187 068 222
0026 122 190 163 237 025 215 063 238
0027 024 223 052 239 117 223 157 239
0028 028 223 055 239 000 000 000 000
0030 035 224 059 239 000 000 000 000
