0010 085 216 117 239 000 000 000 000
0011 084 210 118 239 139 223 184 239
0012 126 207 179 239 084 203 117 237
0013 124 193 177 237 083 191 117 236
0014 128 176 180 227 084 174 122 227
0015 131 171 182 219 080 171 119 217
0016 129 167 184 219 075 172 117 213
0017 128 170 184 219 073 171 114 212
0018 128 172 187 225 067 174 113 215
0019 129 172 190 223 068 174 112 214
0020 129 175 192 226 065 174 114 214
0021 130 177 190 225 064 177 114 218
0022 130 177 190 226 064 178 113 218
0023 130 176 192 226 064 177 113 218
0024 128 177 194 227 065 177 115 219
0025 132 175 194 227 065 174 114 219
0026 130 174 194 227 065 176 116 220
0027 130 174 194 226 065 176 111 220
0028 129 174 195 227 065 175 112 220
0029 129 175 194 226 066 175 112 220
0030 129 175 194 227 068 176 112 220
0031 130 174 193 226 068 176 116 219
0032 132 171 191 223 069 173 115 218
0033 130 174 193 226 066 175 113 220
0034 133 175 194 232 069 183 113 225
0035 141 203 190 239 061 189 098 232
0036 060 198 097 237 148 220 191 239
0037 054 222 093 239 000 000 000 000
