0000 118 222 149 239 000 000 000 000
0001 112 215 150 239 000 000 000 000
0002 105 203 151 238 000 000 000 000
0003 102 184 149 220 000 000 000 000
0004 100 171 145 198 000 000 000 000
0005 097 152 143 183 000 000 000 000
0006 101 140 150 170 000 000 000 000
0007 111 134 154 170 000 000 000 000
0008 116 132 158 165 000 000 000 000
0009 110 129 158 160 000 000 000 000
0010 112 122 161 156 000 000 000 000
0011 123 116 164 151 000 000 000 000
0012 130 115 167 151 000 000 000 000
0013 136 115 172 149 000 000 000 000
0014 137 115 177 149 000 000 000 000
0015 141 115 182 149 000 000 000 000
0016 150 115 185 149 000 000 000 000
0017 164 118 190 157 000 000 000 000
0018 164 119 192 163 000 000 000 000
0019 160 118 193 153 000 000 000 000
0020 157 118 194 150 000 000 000 000
0021 166 118 198 152 000 000 000 000
0022 174 117 202 159 000 000 000 000
0023 177 118 204 159 000 000 000 000
0024 172 117 204 154 000 000 000 000
0025 173 119 207 154 000 000 000 000
0026 181 121 210 159 000 000 000 000
0027 183 121 210 161 000 000 000 000
0028 182 122 209 162 000 000 000 000
0029 181 122 209 161 000 000 000 000
0030 180 133 210 175 000 000 000 000
0031 173 155 208 200 000 000 000 000
0032 173 172 203 228 000 000 000 000
0033 168 191 199 239 000 000 000 000
0034 163 194 197 237 000 000 000 000
0035 161 181 195 224 000 000 000 000
0036 157 163 195 204 000 000 000 000
0037 156 123 195 165 000 000 000 000
0038 158 085 194 124 000 000 000 000
0039 157 081 197 122 000 000 000 000
0040 156 112 197 155 000 000 000 000
0041 157 119 197 158 000 000 000 000
0042 157 116 198 156 000 000 000 000
0043 158 111 199 152 000 000 000 000
0044 159 112 199 151 000 000 000 000
0045 161 112 202 152 143 218 185 239
0046 162 115 203 155 000 000 000 000
0047 161 126 203 168 000 000 000 000
0048 157 155 199 203 000 000 000 000
0049 148 195 189 239 000 000 000 000
0050 150 220 182 239 000 000 000 000
