0000 186 156 250 206 000 000 000 000
0001 195 147 255 195 000 000 000 000
0002 198 143 260 189 000 000 000 000
0003 196 143 260 191 000 000 000 000
0004 198 141 260 188 000 000 000 000
0005 200 140 261 187 000 000 000 000
0006 201 140 261 187 000 000 000 000
0007 202 140 261 186 000 000 000 000
0008 204 140 262 186 000 000 000 000
0009 204 140 263 186 000 000 000 000
0010 205 140 263 187 000 000 000 000
0011 204 141 264 188 000 000 000 000
0012 206 141 264 188 000 000 000 000
0013 206 141 264 187 000 000 000 000
0014 205 141 264 187 000 000 000 000
0015 205 141 264 187 000 000 000 000
0016 204 140 264 186 000 000 000 000
0017 203 140 263 188 000 000 000 000
0018 199 149 261 196 000 000 000 000
0019 184 176 244 220 000 000 000 000
0020 161 208 200 236 000 000 000 000
