0000 250 208 293 238 000 000 000 000
0001 250 209 292 238 000 000 000 000
0002 250 209 292 238 000 000 000 000
0003 250 209 292 238 000 000 000 000
0004 250 209 292 238 000 000 000 000
0005 250 208 292 238 147 211 179 234
0006 250 209 292 238 130 201 171 239
0007 112 167 155 235 250 209 292 238
0008 100 143 144 204 247 206 291 239
0009 095 129 137 188 250 209 292 238
0010 087 118 131 178 250 209 292 238
0011 250 209 291 238 082 112 123 184
0012 080 117 120 192 250 208 293 237
0013 250 209 293 238 081 119 120 189
0014 250 208 293 238 082 116 119 188
0015 250 209 293 238 079 118 118 193
0016 250 209 293 238 080 119 118 194
0017 250 209 293 238 081 120 120 191
0018 250 209 293 238 079 119 118 193
0019 250 208 293 238 080 119 118 193
0020 250 208 293 238 081 118 122 189
0021 250 209 293 238 081 118 122 189
0022 250 208 293 238 081 119 122 190
0023 250 209 293 238 081 119 122 190
0024 083 119 124 193 251 208 294 237
0025 082 119 119 191 251 209 293 238
0026 082 119 119 191 251 209 293 238
0027 081 119 122 189 250 209 294 238
0028 082 120 124 192 250 209 294 238
0029 087 141 131 206 250 209 292 238
0030 104 169 144 219 250 209 292 238
0031 128 193 169 238 250 209 292 237
0032 250 209 292 237 147 206 183 238
0033 253 210 298 239 159 214 191 237
0034 251 209 292 238 000 000 000 000
0035 251 209 292 238 000 000 000 000
0036 250 209 293 238 000 000 000 000
0037 250 209 293 238 000 000 000 000
0038 250 209 293 238 000 000 000 000
0039 250 207 294 236 000 000 000 000
0040 250 208 294 236 000 000 000 000
0041 250 209 293 238 000 000 000 000
