0000 066 206 098 235 124 208 156 236
0001 065 202 099 234 123 207 158 239
0002 061 198 099 234 124 206 156 237
0003 123 198 156 235 062 193 098 226
0004 124 174 153 209 066 178 094 210
0005 070 156 103 197 117 139 151 191
0006 115 133 149 183 070 145 110 194
0007 080 130 116 185 111 130 147 175
0008 103 121 145 172 082 124 119 179
0009 102 118 147 169 082 119 121 174
0010 106 115 148 168 086 119 121 166
0011 104 114 149 164 084 118 124 164
0012 110 115 150 165 081 119 117 163
0013 110 116 151 166 086 118 120 166
0014 110 119 149 165 087 118 120 166
0015 107 120 150 165 084 119 120 166
0016 109 123 151 166 084 120 119 166
0017 107 123 151 166 085 121 120 165
0018 107 121 153 166 086 118 122 164
0019 108 117 152 164 086 118 123 165
0020 111 120 151 167 085 117 120 165
0021 085 127 123 171 114 129 150 176
0022 117 141 153 181 084 141 117 176
0023 120 161 151 195 083 154 112 188
0024 120 185 151 217 078 175 112 212
0025 070 186 106 220 121 201 151 229
0026 067 200 100 232 119 213 153 239
0027 121 208 156 238 065 210 100 237
0028 121 210 156 238 067 212 099 237
0029 121 210 156 237 065 210 099 236
0030 121 210 156 237 066 212 099 237
0031 121 210 156 237 065 214 098 237
0032 121 210 156 237 067 214 100 236
0033 121 210 156 237 067 215 098 239
0034 121 208 154 238 067 215 098 239
0035 121 208 154 238 067 213 100 236
