0000 107 205 131 237 194 194 217 230
0001 112 205 135 237 192 194 213 231
0002 191 193 212 228 112 205 137 235
0003 122 199 151 230 184 186 206 221
0004 132 170 162 197 167 161 197 188
0005 141 116 189 152 000 000 000 000
0006 154 096 191 124 140 099 168 125
0007 179 072 204 106 129 075 156 101
0008 196 039 232 077 100 039 125 075
0009 075 021 097 058 230 022 253 058
0010 052 015 079 055 244 017 272 055
0011 262 035 294 068 032 036 063 070
0012 267 061 301 087 005 064 049 092
0013 266 065 305 091 005 069 043 092
0014 266 059 305 087 010 060 052 084
0015 046 030 085 069 250 037 288 070
0016 105 027 131 063 207 025 235 066
0017 189 031 218 068 105 033 133 061
0018 046 042 074 075 229 039 255 071
0019 034 055 077 082 243 039 277 078
0020 194 041 232 076 105 061 130 089
0021 115 047 154 072 180 038 211 074
0022 206 038 230 069 085 041 109 074
0023 034 050 071 081 241 047 272 083
0024 230 042 262 083 083 056 107 087
0025 130 049 171 077 173 052 204 079
0026 185 036 215 070 107 037 139 064
0027 053 037 084 073 221 036 246 066
0028 021 064 062 084 242 054 269 078
0029 231 040 261 081 066 051 096 083
0030 201 039 228 075 108 040 135 072
0031 107 050 138 078 195 049 221 083
0032 199 051 223 088 105 050 132 085
0033 185 076 208 113 120 080 148 108
0034 125 109 162 140 169 104 201 136
0035 126 159 164 189 173 154 199 184
0036 122 195 154 227 181 181 203 224
0037 122 194 152 229 183 188 204 227
0038 122 195 151 230 181 190 204 226
