0002 125 222 159 239 046 224 077 239
0003 124 176 169 222 000 000 000 000
0004 128 123 170 172 000 000 000 000
0005 133 079 171 137 047 224 077 239
0006 134 060 173 121 046 224 079 239
0007 131 055 178 118 047 224 077 239
0008 136 047 177 114 000 000 000 000
0009 137 047 177 113 048 225 080 239
0010 136 048 176 113 048 223 077 238
0011 137 045 177 113 000 000 000 000
0012 136 047 176 113 000 000 000 000
0013 135 044 177 113 000 000 000 000
0014 131 045 179 112 046 224 077 239
0015 135 041 175 112 000 000 000 000
0016 132 044 175 112 046 225 077 239
0017 132 045 174 112 000 000 000 000
0018 135 047 176 113 047 225 077 239
0019 132 044 173 112 000 000 000 000
0020 132 043 173 111 047 225 077 239
0021 132 041 173 110 000 000 000 000
0022 132 041 173 111 046 225 077 239
0023 132 042 173 111 000 000 000 000
0024 131 042 174 110 047 224 077 239
0025 132 041 172 108 047 224 078 239
0026 131 042 174 109 047 225 078 239
0027 132 040 172 108 048 225 080 239
0028 132 042 173 109 047 224 078 239
0029 136 043 172 107 000 000 000 000
0030 125 081 169 133 000 000 000 000
0031 122 134 161 185 048 224 078 239
0032 103 205 150 237 000 000 000 000
0034 048 223 078 238 000 000 000 000
0035 047 224 080 239 000 000 000 000
0036 047 225 080 239 000 000 000 000
