0007 169 218 208 239 000 000 000 000
0008 158 194 205 239 000 000 000 000
0009 143 170 197 221 000 000 000 000
0010 136 130 190 179 136 125 165 151
0011 126 122 181 181 000 000 000 000
0012 128 135 189 190 000 000 000 000
0013 137 118 199 173 000 000 000 000
0014 150 086 203 144 000 000 000 000
0015 159 067 206 118 000 000 000 000
0016 162 056 207 104 000 000 000 000
0017 162 059 206 107 000 000 000 000
0018 164 062 207 112 000 000 000 000
0019 164 062 206 112 000 000 000 000
0020 162 062 205 113 000 000 000 000
0021 161 063 203 112 000 000 000 000
0022 160 065 203 114 000 000 000 000
0023 161 063 204 113 000 000 000 000
0024 160 062 205 110 000 000 000 000
0025 156 063 204 113 000 000 000 000
0026 158 064 204 113 000 000 000 000
0027 158 064 203 113 000 000 000 000
0028 158 063 205 110 000 000 000 000
0029 156 062 206 110 000 000 000 000
0030 158 062 205 110 000 000 000 000
0031 156 063 206 111 000 000 000 000
0032 156 067 206 113 000 000 000 000
0033 155 070 207 116 000 000 000 000
0034 148 082 198 122 087 219 128 239
0035 136 105 193 139 095 191 138 236
0036 127 127 189 156 101 165 149 196
0037 104 157 156 184 124 137 183 164
0038 123 140 183 172 102 152 158 184
0039 124 143 181 174 107 154 156 185
0040 132 137 193 166 086 156 140 190
0041 048 158 100 189 165 134 217 163
0042 015 154 067 183 196 132 248 158
0043 197 131 249 158 010 152 061 182
0044 194 129 249 158 015 158 066 186
0045 016 158 069 187 195 130 250 160
0046 017 158 069 189 193 129 244 156
0047 191 131 246 159 017 159 067 190
0048 189 140 238 172 029 167 079 204
0049 179 164 227 206 054 192 102 236
0050 168 196 219 235 073 210 116 239
0051 086 224 123 239 000 000 000 000
