0009 106 188 148 236 000 000 000 000
0010 132 139 189 201 000 000 000 000
0011 161 111 233 173 000 000 000 000
0012 180 095 249 161 166 206 205 237
0013 194 091 252 154 166 205 205 237
0014 205 092 262 150 169 200 204 237
0015 209 096 270 151 000 000 000 000
0016 212 097 275 155 000 000 000 000
0017 212 099 277 154 000 000 000 000
0018 212 099 276 154 000 000 000 000
0019 211 099 277 153 000 000 000 000
0020 211 100 278 154 000 000 000 000
0021 210 100 277 154 000 000 000 000
0022 209 101 278 154 000 000 000 000
0023 212 100 277 155 000 000 000 000
0024 202 096 272 153 000 000 000 000
0025 189 100 260 154 000 000 000 000
0026 152 108 236 163 165 192 202 238
0027 135 130 188 193 162 192 202 239
0028 101 169 151 226 000 000 000 000
0037 160 194 200 236 000 000 000 000
0039 158 191 200 236 000 000 000 000
