0000 142 164 188 212 085 164 136 217
0001 086 168 135 222 157 144 189 201
0002 154 111 203 184 085 167 137 220
0003 161 096 206 175 088 163 139 216
0004 161 097 212 170 084 165 146 212
0005 086 161 145 208 160 096 212 169
0006 157 093 205 170 079 152 140 200
0007 160 092 212 164 069 145 132 189
0008 065 143 132 183 159 092 207 165
0009 068 143 133 183 159 090 207 164
0010 087 141 147 192 160 088 205 165
0011 103 141 158 195 158 090 205 163
0012 154 087 203 166 104 145 170 190
0013 157 090 208 159 104 138 174 175
0014 160 091 207 159 111 131 172 169
0015 118 129 175 170 166 091 204 164
0016 160 086 207 165 120 135 182 173
0017 125 133 182 170 162 085 206 158
0018 128 129 183 167 167 090 210 156
0019 136 124 195 169 164 092 205 164
0020 145 127 203 172 167 187 189 235
0021 149 132 208 176 166 089 215 153
0022 156 098 208 169 166 182 189 235
0023 158 124 222 166 171 087 218 151
0024 165 117 226 168 168 187 188 239
0025 172 120 228 170 000 000 000 000
0026 170 129 238 167 166 087 215 150
0027 178 131 238 170 165 085 215 150
0028 170 123 239 170 169 087 216 153
0029 179 129 238 170 166 089 220 154
0030 175 132 237 174 165 091 217 158
0031 165 136 227 182 167 092 216 164
0032 163 128 205 185 130 183 196 230
0033 156 204 197 238 000 000 000 000
