0000 114 167 139 198 193 221 215 238
0001 113 168 140 198 187 218 219 239
0002 161 204 198 236 122 152 151 178
0003 132 184 178 230 131 139 170 159
0004 105 147 148 180 152 113 190 142
0005 163 103 199 128 103 126 141 153
0006 172 097 208 125 113 105 147 133
0007 173 096 208 123 122 101 152 125
0008 173 105 209 132 120 111 147 137
0009 174 119 211 143 000 000 000 000
0010 174 124 210 149 000 000 000 000
0011 171 125 211 152 000 000 000 000
0012 173 115 207 139 000 000 000 000
0013 171 104 207 130 118 110 147 135
0014 173 101 205 130 122 104 152 132
0015 171 106 210 130 118 114 148 140
0016 174 121 210 145 120 131 148 159
0017 172 127 210 153 000 000 000 000
0018 158 134 199 163 124 164 160 201
0019 149 141 190 171 140 186 171 226
0020 163 203 199 239 135 158 167 185
0021 119 173 147 208 186 214 213 239
0022 109 182 136 223 187 213 213 239
0023 106 186 132 222 191 210 216 235
