0000 189 183 209 211 114 188 135 216
0001 103 183 127 214 190 181 210 211
0002 092 156 115 182 188 181 209 211
0003 189 181 210 212 093 107 118 130
0004 110 058 133 088 189 181 210 211
0005 118 058 142 084 188 180 208 209
0006 126 058 149 082 188 180 208 209
0007 131 061 152 085 188 180 208 209
0008 189 180 209 210 130 061 152 087
0009 189 180 209 210 130 060 152 086
0010 189 180 209 209 130 061 153 086
0011 188 180 209 210 128 060 149 081
0012 189 180 209 210 128 061 150 083
0013 189 180 209 210 130 061 152 084
0014 190 183 207 209 129 061 151 085
0015 189 180 209 210 128 060 149 082
0016 189 180 209 210 129 061 151 084
0017 191 183 209 210 128 062 150 084
0018 126 055 149 079 188 180 209 209
0019 105 052 127 082 189 181 210 210
0020 092 080 116 113 189 183 207 210
0021 093 124 115 147 189 181 210 210
0022 096 154 117 186 189 183 207 210
0023 110 182 132 214 189 184 207 210
0024 188 180 208 210 117 190 140 221
0025 120 188 145 219 189 181 208 210
0026 119 187 142 218 189 181 208 210
0027 119 187 141 219 189 181 209 211
0028 119 187 142 219 189 181 209 210
0029 187 182 210 211 120 187 142 218
0030 187 182 210 211 120 187 142 218
0031 185 180 209 210 119 187 143 218
