0000 108 192 128 223 186 192 204 222
0001 111 196 130 229 188 194 207 220
0002 186 191 204 223 113 198 132 227
0003 186 192 205 221 112 195 131 226
0004 114 192 131 222 183 191 202 221
0005 172 175 199 206 114 175 133 203
0006 113 149 144 179 163 149 194 176
0007 154 133 189 163 120 132 151 162
0008 141 111 174 146 000 000 000 000
0009 154 106 184 128 129 126 162 146
0010 161 103 190 125 121 125 155 142
0011 156 101 186 123 123 121 159 137
0012 136 125 173 141 148 098 181 119
0013 145 125 184 142 136 097 171 115
0014 153 122 184 144 135 095 164 118
0015 148 124 185 145 134 097 171 115
0016 134 126 169 142 152 095 187 115
0017 121 123 157 144 162 100 188 121
0018 129 125 163 141 152 097 183 120
0019 148 098 175 119 137 125 173 143
0020 132 101 163 124 151 126 188 145
0021 129 100 158 120 162 125 193 147
0022 129 097 160 120 160 125 192 149
0023 151 127 188 146 136 097 171 119
0024 133 126 173 146 155 099 185 122
0025 127 129 161 147 160 104 188 125
0026 129 126 160 145 157 100 185 124
0027 138 133 175 150 144 108 179 130
0028 158 141 195 163 128 117 162 145
0029 106 137 145 170 173 154 205 180
0030 104 166 128 192 191 174 215 199
0031 101 177 124 209 193 179 214 210
0032 191 193 211 227 105 196 124 227
0033 110 200 129 229 188 194 206 226
