0000 167 189 210 231 090 200 130 234
0001 163 189 206 228 091 193 131 234
0002 089 180 126 238 156 182 205 223
0003 084 171 118 234 143 174 185 215
0004 081 167 124 228 128 165 186 212
0005 082 156 125 221 117 156 179 206
0006 084 154 125 215 111 154 172 206
0007 108 158 170 208 081 153 119 213
0008 105 159 169 207 077 148 120 210
0009 080 148 122 210 104 160 168 209
0010 104 156 167 207 075 149 120 206
0011 071 140 124 202 107 160 177 207
0012 075 145 124 204 105 160 170 208
0013 105 158 168 207 076 147 123 202
0014 108 158 169 207 076 145 118 200
0015 076 145 124 204 109 161 173 208
0016 112 155 173 203 080 143 125 203
0017 111 156 174 204 080 145 126 199
0018 082 139 124 200 108 163 169 207
0019 109 158 173 207 087 141 127 205
0020 111 155 173 206 085 140 126 201
0021 117 160 181 205 087 145 122 203
0022 084 152 122 212 132 162 188 206
0023 144 158 195 202 079 164 127 214
0024 155 157 200 201 087 163 133 214
0025 085 165 131 215 157 157 207 201
0026 085 165 134 211 160 152 212 195
0027 083 163 131 209 173 148 220 193
0028 084 161 132 209 174 146 223 187
0029 083 161 133 209 175 141 218 182
0030 082 161 141 202 172 137 219 180
0031 086 162 141 205 175 137 222 181
0032 087 163 141 206 175 139 219 182
0033 088 165 142 207 174 140 219 184
0034 086 164 140 206 172 141 219 185
0035 085 169 139 208 167 151 212 191
0036 083 171 139 201 166 158 223 193
0037 163 159 210 195 080 172 139 204
0038 163 164 216 200 082 172 143 205
0039 169 158 221 198 087 172 139 201
0040 169 160 227 199 086 171 140 202
0041 080 168 144 202 173 152 225 198
0042 080 170 143 203 169 160 223 200
0043 079 173 138 202 168 164 220 201
0044 073 176 140 205 164 163 211 201
0045 075 176 138 212 162 170 224 204
0046 075 182 134 230 168 169 219 216
0047 077 190 126 237 164 179 215 238
0048 166 189 213 237 078 199 127 237
0049 168 199 210 239 077 210 124 238
0050 168 209 208 239 074 217 121 239
0051 075 218 116 239 000 000 000 000
0052 075 217 117 239 000 000 000 000
0053 072 222 119 239 000 000 000 000
0054 074 218 117 239 000 000 000 000
