0000 118 222 150 239 000 000 000 000
0001 093 217 124 237 000 000 000 000
0002 118 174 160 230 000 000 000 000
0003 150 104 189 174 000 000 000 000
0004 164 055 199 127 000 000 000 000
0005 157 035 196 102 000 000 000 000
0006 153 028 190 096 000 000 000 000
0007 151 032 184 100 000 000 000 000
0008 169 045 205 114 000 000 000 000
0009 175 047 216 113 000 000 000 000
0010 169 045 215 109 000 000 000 000
0011 158 037 195 103 000 000 000 000
0012 149 042 182 104 000 000 000 000
0013 149 044 182 117 000 000 000 000
0014 155 057 192 120 000 000 000 000
0015 162 065 208 128 000 000 000 000
0016 169 052 208 118 000 000 000 000
0017 161 048 202 114 000 000 000 000
0018 149 045 184 112 000 000 000 000
0019 150 052 186 121 000 000 000 000
0020 160 060 196 126 000 000 000 000
0021 160 059 203 121 000 000 000 000
0022 160 054 198 123 000 000 000 000
0023 155 056 190 124 000 000 000 000
0024 147 074 184 146 000 000 000 000
0025 140 100 178 170 000 000 000 000
0026 122 182 163 229 000 000 000 000
0027 109 219 142 239 000 000 000 000
