0000 095 200 115 231 163 197 183 228
0001 094 199 115 229 162 197 182 229
0002 092 201 112 234 161 200 180 231
0003 090 201 109 231 163 197 183 229
0004 089 201 111 233 163 195 183 229
0005 162 198 188 230 088 199 109 232
0006 177 183 203 223 086 199 109 232
0007 192 160 231 196 087 198 108 232
0008 207 132 250 159 087 198 107 230
0009 214 110 262 130 087 198 107 231
0010 214 089 262 109 087 199 106 230
0011 087 200 107 231 213 081 264 104
0012 212 073 265 096 087 199 106 230
0013 220 071 270 091 087 201 106 233
0014 219 077 268 098 084 200 106 231
0015 215 098 264 125 083 201 106 233
0016 205 126 242 153 084 202 106 234
0017 188 162 218 195 084 201 106 234
0018 175 182 197 218 085 201 106 234
0019 087 199 107 232 165 193 183 224
