0000 106 206 129 235 179 199 200 235
0001 107 206 129 236 179 198 200 235
0002 107 206 129 236 179 198 201 235
0003 107 206 129 236 179 198 201 236
0004 107 207 130 236 182 198 203 230
0005 107 207 130 236 179 198 201 235
0006 107 206 129 237 180 198 201 235
0007 106 206 129 236 180 198 201 235
0008 105 206 125 234 180 198 202 235
0009 101 204 122 234 180 198 202 235
0010 100 202 123 231 180 198 202 235
0011 106 196 133 224 180 198 202 235
0012 115 188 145 217 180 197 201 234
0013 179 197 201 233 134 169 164 197
0014 178 197 200 234 143 156 174 182
0015 178 197 200 234 149 146 179 173
0016 179 198 201 235 155 143 182 168
0017 179 197 201 234 155 144 181 168
0018 179 197 201 234 152 147 189 172
0019 178 196 201 234 161 146 190 174
0020 180 197 202 232 159 146 190 174
0021 179 197 201 234 160 144 188 172
0022 179 197 201 234 160 145 188 172
0023 179 197 201 234 156 145 184 170
0024 180 196 201 234 159 147 196 172
0025 180 196 201 234 162 143 190 170
0026 180 196 202 234 161 143 191 170
0027 180 196 202 233 156 148 185 179
0028 181 196 202 233 122 162 152 191
0029 182 195 203 231 087 163 109 188
0030 046 138 075 168 182 196 202 230
0031 037 129 069 158 183 197 203 230
0032 038 126 069 153 182 198 203 232
0033 040 126 068 154 182 197 204 234
0034 040 129 070 157 181 195 204 234
0035 041 131 071 159 181 195 204 234
0036 181 196 202 232 041 130 070 160
0037 044 132 074 160 181 196 202 232
0038 045 136 074 164 181 196 202 231
0039 048 145 077 171 181 196 204 234
0040 053 151 082 177 181 196 204 234
0041 181 196 204 234 061 157 083 180
0042 181 197 204 235 068 169 090 193
0043 181 196 204 235 077 171 101 201
0044 180 197 202 235 090 187 112 216
0045 094 191 117 223 180 197 202 235
0046 179 197 202 236 105 198 127 230
0047 179 197 202 236 104 200 128 234
0048 107 202 130 235 180 197 201 234
0049 108 204 130 237 180 198 201 234
0050 108 203 129 237 180 198 201 234
0051 108 204 130 238 180 198 201 234
