0005 022 214 099 239 000 000 000 000
0006 021 173 087 228 000 000 000 000
0007 026 139 090 198 000 000 000 000
0008 037 101 097 180 000 000 000 000
0009 054 088 108 169 000 000 000 000
0010 065 080 115 166 000 000 000 000
0011 066 077 114 164 000 000 000 000
0012 066 073 115 160 000 000 000 000
0013 062 071 115 158 000 000 000 000
0014 062 069 112 154 000 000 000 000
0015 062 067 115 154 000 000 000 000
0016 061 067 115 155 000 000 000 000
0017 061 066 113 154 000 000 000 000
0018 060 068 114 154 000 000 000 000
0019 060 066 113 155 000 000 000 000
0020 059 064 113 155 000 000 000 000
0021 059 065 111 153 000 000 000 000
0022 056 068 111 154 000 000 000 000
0023 056 061 110 155 000 000 000 000
0024 053 063 106 152 000 000 000 000
0025 053 068 104 159 000 000 000 000
0026 052 079 107 168 000 000 000 000
0027 049 102 107 184 000 000 000 000
0028 050 154 110 220 000 000 000 000
0029 049 216 117 238 000 000 000 000
