0000 103 142 145 190 183 205 220 238
0001 171 182 208 235 112 110 154 154
0002 155 153 201 204 114 103 154 146
0003 141 109 188 157 115 099 144 144
0004 140 107 181 150 119 099 145 144
0005 139 110 179 150 125 104 149 146
0006 143 112 181 153 124 106 147 149
0007 142 112 181 156 122 112 147 155
0008 139 112 178 155 121 110 146 153
0009 137 113 176 157 121 111 145 154
0010 136 113 179 158 121 114 147 152
0011 122 111 149 157 138 111 179 157
0012 122 109 151 155 139 114 178 155
0013 122 110 151 155 140 114 178 154
0014 123 110 151 156 140 114 178 155
0015 123 112 150 156 141 115 178 153
0016 123 116 147 152 145 117 179 158
0017 123 112 148 158 145 118 178 158
0018 122 114 149 158 145 117 176 157
0019 121 107 149 156 144 118 182 162
0020 117 106 146 155 145 122 182 163
0021 119 108 152 156 147 126 180 166
0022 116 104 156 152 149 128 181 162
0023 116 102 150 152 149 123 180 163
0024 116 102 149 151 146 122 183 160
0025 115 101 147 152 148 118 181 155
0026 110 099 145 148 144 110 183 148
0027 146 106 183 140 108 095 144 142
0028 144 105 181 136 107 092 144 139
0029 146 103 181 133 106 090 139 136
0030 145 103 181 134 103 093 143 141
0031 144 099 178 133 106 090 143 135
0032 142 099 177 134 106 092 141 136
0033 142 099 177 134 106 091 141 136
0034 142 102 176 135 105 092 140 136
0035 143 099 178 133 107 091 140 135
0036 144 100 178 134 101 093 142 139
0037 143 098 179 132 107 091 140 134
0038 141 094 180 132 104 092 144 138
0039 140 093 180 131 103 092 144 138
0040 140 094 179 132 105 090 139 137
0041 141 094 178 132 106 087 140 137
0042 144 096 173 134 109 087 139 132
0043 142 100 178 136 108 087 140 132
0044 142 097 180 135 109 088 141 132
0045 142 100 178 136 103 091 142 135
0046 142 100 179 136 103 089 141 133
0047 141 100 178 136 102 090 138 134
0048 144 094 181 132 107 088 139 131
0049 141 100 179 135 105 090 144 133
0050 142 105 183 142 100 094 147 140
0051 080 156 132 208 147 145 199 188
0052 169 187 206 239 073 190 117 237
0053 076 198 125 237 174 209 210 238
