0001 112 210 157 238 000 000 000 000
0002 114 170 164 213 000 000 000 000
0003 120 107 168 156 000 000 000 000
0004 129 066 168 123 000 000 000 000
0005 131 052 174 108 000 000 000 000
0006 133 046 178 106 000 000 000 000
0007 133 047 177 107 000 000 000 000
0008 132 048 177 107 000 000 000 000
0009 133 047 178 107 000 000 000 000
0010 133 047 178 107 000 000 000 000
0011 134 047 178 107 000 000 000 000
0012 135 047 179 106 000 000 000 000
0013 135 048 179 109 000 000 000 000
0014 135 049 179 109 000 000 000 000
0015 135 057 171 110 000 000 000 000
0016 126 096 171 143 000 000 000 000
0017 115 154 165 197 000 000 000 000
0018 113 188 157 237 000 000 000 000
0019 118 222 158 238 000 000 000 000
