0001 024 222 061 238 000 000 000 000
0002 021 219 058 237 000 000 000 000
0003 015 214 047 236 000 000 000 000
0004 087 211 130 239 028 207 055 235
0005 035 161 066 213 106 164 143 216
0006 118 126 163 171 040 132 093 180
0007 045 120 099 164 129 106 177 148
0008 046 111 100 151 135 103 181 138
0009 047 108 102 147 144 100 197 137
0010 052 106 108 146 149 105 201 140
0011 058 103 113 144 150 106 204 143
0012 059 106 116 144 148 106 206 141
0013 060 105 113 139 148 105 206 141
0014 060 105 113 140 147 105 207 141
0015 060 105 113 139 146 105 206 141
0016 149 106 204 143 057 105 117 146
0017 058 106 113 147 145 105 201 144
0018 057 107 112 149 145 106 202 145
0019 146 108 198 148 056 108 112 151
0020 063 116 109 163 136 118 174 172
0021 059 140 091 191 124 158 156 207
0022 109 204 145 236 040 187 070 232
0023 022 214 053 239 000 000 000 000
