0002 110 223 141 239 000 000 000 000
0003 103 205 147 238 000 000 000 000
0004 100 152 142 192 000 000 000 000
0005 103 102 144 150 000 000 000 000
0006 099 076 145 121 000 000 000 000
0007 110 067 142 109 000 000 000 000
0008 104 058 147 105 000 000 000 000
0009 113 057 153 101 000 000 000 000
0010 114 056 158 101 000 000 000 000
0011 121 054 169 100 000 000 000 000
0012 128 052 177 100 000 000 000 000
0013 138 054 187 099 000 000 000 000
0014 137 057 184 102 000 000 000 000
0015 130 077 173 121 000 000 000 000
0016 118 148 161 192 000 000 000 000
0017 115 206 162 237 000 000 000 000
0018 125 222 158 239 000 000 000 000
