0002 161 218 198 239 000 000 000 000
0003 160 182 189 226 000 000 000 000
0004 163 147 192 190 000 000 000 000
0005 169 117 207 172 000 000 000 000
0006 157 105 214 160 000 000 000 000
0007 143 104 203 154 000 000 000 000
0008 122 107 186 160 000 000 000 000
0009 104 116 165 163 000 000 000 000
0010 106 124 162 171 000 000 000 000
0011 114 131 165 180 000 000 000 000
0012 115 128 170 183 000 000 000 000
0013 106 116 168 178 000 000 000 000
0014 104 112 156 169 000 000 000 000
0015 093 107 146 164 000 000 000 000
0016 075 113 137 167 000 000 000 000
0017 060 121 128 177 000 000 000 000
0018 048 130 105 185 000 000 000 000
0019 046 134 093 189 000 000 000 000
0020 051 130 094 183 000 000 000 000
0021 055 132 093 185 000 000 000 000
0022 056 132 093 184 000 000 000 000
0023 055 131 097 178 000 000 000 000
0024 060 130 101 182 000 000 000 000
0025 071 141 114 190 000 000 000 000
0026 093 176 157 227 000 000 000 000
0027 131 207 182 239 000 000 000 000
0028 152 220 188 239 000 000 000 000
