0000 145 200 165 234 215 207 241 238
0001 140 203 160 236 215 207 241 239
0002 216 206 243 238 129 202 150 229
0003 112 197 137 230 222 207 249 238
0004 092 190 120 218 227 209 259 238
0005 082 186 113 213 231 213 262 239
0006 074 176 108 201 232 205 266 237
0007 067 175 103 199 227 199 263 236
0008 219 194 257 237 063 169 098 195
0009 063 170 098 196 207 189 246 232
0010 065 169 102 199 191 184 228 227
0011 072 170 110 201 175 183 214 224
0012 084 173 116 205 154 179 197 219
0013 135 173 181 212 102 171 131 204
0014 136 169 178 206 105 168 136 204
0015 126 170 168 208 115 166 143 201
0016 135 165 170 204 120 162 145 199
0017 118 163 145 199 138 168 167 201
0018 122 163 148 199 138 168 167 206
0019 137 169 168 204 119 162 144 197
0020 135 167 173 204 121 162 148 197
0021 140 174 174 204 116 163 145 198
0022 113 168 141 204 154 177 197 220
0023 117 174 141 209 166 194 202 228
0024 121 179 145 219 184 198 217 235
0025 199 208 229 239 128 182 152 225
0026 134 188 157 224 210 207 241 238
0027 137 191 159 228 216 207 244 238
0028 140 195 162 231 216 208 242 239
0029 144 198 164 231 215 207 242 239
0030 213 207 239 239 145 201 166 235
0031 211 209 237 239 147 201 167 233
0032 213 208 240 239 149 199 170 235
0033 148 199 169 234 214 209 241 239
0034 148 199 168 234 214 208 240 238
0035 148 199 168 234 214 208 239 238
0036 148 201 169 235 214 207 239 238
0037 148 201 169 235 214 208 239 239
0038 148 201 169 235 214 207 239 239
