0000 100 214 136 235 000 000 000 000
0001 101 219 131 239 000 000 000 000
0002 101 216 134 237 000 000 000 000
0003 102 214 131 236 000 000 000 000
0004 099 209 129 237 000 000 000 000
0005 092 205 124 237 000 000 000 000
0006 043 178 094 215 000 000 000 000
0007 038 160 102 198 000 000 000 000
0008 032 138 099 176 000 000 000 000
0009 034 133 100 171 000 000 000 000
0010 036 130 102 169 000 000 000 000
0011 035 131 101 168 000 000 000 000
0012 034 131 100 169 000 000 000 000
0013 039 136 100 172 000 000 000 000
0014 034 130 102 169 000 000 000 000
0015 034 132 102 167 000 000 000 000
0016 034 131 101 165 000 000 000 000
0017 033 128 101 165 000 000 000 000
0018 033 128 101 165 000 000 000 000
0019 034 128 101 165 000 000 000 000
0020 034 130 100 165 000 000 000 000
0021 058 136 100 176 000 000 000 000
0022 067 146 107 185 000 000 000 000
0023 088 187 121 236 000 000 000 000
0024 100 210 137 238 000 000 000 000
