0004 055 222 090 239 000 000 000 000
0005 060 202 104 238 000 000 000 000
0006 129 192 172 238 072 171 124 222
0007 135 167 180 222 080 154 134 203
0008 096 128 147 177 137 129 189 196
0009 145 108 194 181 107 109 159 156
0010 154 097 199 165 119 094 166 143
0011 157 077 201 154 120 083 172 130
0012 163 070 209 141 120 064 184 124
0013 161 062 210 137 130 058 179 118
0014 163 061 208 140 129 056 184 119
0015 162 060 206 141 124 057 184 116
0016 162 063 206 139 129 058 179 119
0017 161 065 205 140 124 062 185 119
0018 161 065 205 139 123 062 184 119
0019 161 064 205 139 127 058 180 119
0020 160 064 205 139 126 064 181 120
0021 160 064 206 139 123 061 185 119
0022 160 065 205 143 124 062 176 119
0023 160 065 205 139 126 064 181 120
0024 163 066 204 139 121 063 182 120
0025 159 072 201 145 119 076 175 126
0026 106 092 163 137 152 095 195 154
0027 143 128 185 180 092 115 142 160
0028 078 150 124 192 128 161 172 207
0029 115 194 161 236 067 189 106 229
0030 108 217 152 239 060 216 099 239
