0000 105 211 140 237 208 224 245 239
0001 105 212 140 237 000 000 000 000
0002 105 211 139 237 000 000 000 000
0003 100 205 139 237 212 214 251 237
0004 216 196 256 237 086 193 128 238
0005 069 169 118 209 218 172 262 212
0006 065 153 118 189 215 159 259 195
0007 204 150 250 190 067 139 119 171
0008 185 142 228 177 097 141 133 169
0009 172 146 225 183 084 136 137 168
0010 187 153 243 195 086 142 139 175
0011 111 150 151 188 167 160 229 194
0012 088 154 142 196 182 164 239 205
0013 174 167 234 208 114 162 158 207
0014 091 161 144 202 176 174 235 214
0015 183 175 236 216 109 163 148 212
0016 174 174 229 211 100 162 144 207
0017 062 159 125 204 190 175 259 223
0018 192 177 246 224 072 165 129 206
0019 181 177 234 219 079 166 131 220
0020 195 185 244 234 072 169 125 220
0021 200 188 247 239 081 171 132 227
0022 203 189 250 238 083 174 131 230
0023 206 194 251 238 087 174 129 236
0024 209 199 253 237 090 176 128 238
0025 210 208 251 239 093 184 130 234
0026 094 195 131 238 209 218 249 238
0027 095 204 129 239 210 220 247 239
0028 096 208 137 236 210 221 246 239
0029 096 210 138 237 210 222 245 239
0030 096 210 138 238 000 000 000 000
0031 098 210 137 237 210 223 245 239
0032 099 211 139 238 000 000 000 000
0033 099 211 140 238 000 000 000 000
0034 103 214 138 239 000 000 000 000
