0000 090 223 114 239 176 222 195 239
0001 090 223 113 239 000 000 000 000
0002 090 223 113 239 000 000 000 000
0003 090 224 114 239 000 000 000 000
0004 179 218 197 239 089 224 114 239
0005 194 174 217 226 089 224 113 239
0006 164 109 208 129 090 222 113 239
0007 147 086 190 106 092 223 114 239
0008 142 086 187 106 093 223 114 239
0009 142 082 182 106 090 222 113 239
0010 143 086 185 104 090 222 113 239
0011 140 085 183 102 090 222 113 239
0012 141 084 182 102 092 223 114 239
0013 142 085 183 103 091 222 114 239
0014 142 085 184 106 089 222 113 239
0015 136 084 183 104 089 223 113 239
0016 138 086 178 106 089 223 112 239
0017 137 086 179 105 088 220 109 236
0018 132 084 177 106 088 220 109 236
0019 132 084 178 107 088 223 112 239
0020 134 085 178 107 089 223 113 239
0021 134 084 180 103 090 224 113 239
0022 134 083 180 103 090 223 113 239
0023 137 084 181 103 090 224 113 239
0024 138 086 183 109 094 221 112 239
0025 149 117 185 145 096 223 117 239
0026 168 174 198 219 096 224 117 239
0027 178 221 198 239 094 224 115 239
0028 095 222 115 239 177 218 195 239
0029 096 223 116 239 175 208 194 237
0030 176 217 195 239 000 000 000 000
0031 174 220 194 237 000 000 000 000
0032 174 218 193 239 092 224 116 239
