0000 187 182 209 212 119 188 143 217
0001 119 188 144 217 187 183 209 212
0002 187 183 209 212 125 181 153 211
0003 149 157 177 178 186 183 209 212
0004 167 106 192 133 185 183 210 212
0005 187 186 207 212 168 084 193 109
0006 187 186 207 212 169 082 193 106
0007 187 185 207 212 163 081 189 106
0008 186 183 209 212 161 084 186 106
0009 189 187 210 213 160 085 186 106
0010 189 187 210 213 162 084 185 106
0011 188 182 210 211 161 084 185 106
0012 188 182 210 211 161 083 184 106
0013 188 182 210 211 161 083 184 106
0014 188 182 210 210 000 000 000 000
0015 188 182 210 211 159 082 185 105
0016 188 182 210 211 157 082 184 104
0017 188 182 210 211 153 083 180 105
0018 188 182 210 211 000 000 000 000
0019 188 182 211 211 141 093 170 113
0020 132 093 161 115 191 187 211 213
0021 191 186 211 213 130 092 160 115
0022 189 182 211 211 135 093 163 113
0023 187 183 209 212 132 093 160 116
0024 184 182 209 212 129 091 159 116
0025 184 182 209 212 129 091 159 116
0026 185 182 209 211 130 093 159 116
0027 188 188 210 213 130 093 159 116
0028 188 188 210 213 130 093 159 116
0029 186 182 209 211 132 093 158 115
0030 128 096 159 125 185 183 208 212
0031 125 122 154 154 188 185 207 212
0032 187 185 207 213 124 164 145 197
0033 186 188 209 214 124 182 144 215
0034 188 186 208 213 122 189 144 221
0035 186 183 209 212 121 189 143 220
0036 187 184 209 212 117 185 140 216
0037 187 183 209 212 120 188 143 217
0038 186 182 209 211 120 187 144 217
