0000 086 201 106 234 164 191 186 213
0001 087 200 107 234 164 189 185 213
0002 086 201 109 234 162 196 181 229
0003 088 200 110 234 162 200 182 232
0004 089 201 110 232 161 195 181 231
0005 150 168 172 209 088 201 109 233
0006 085 200 108 234 133 130 172 159
0007 085 201 106 233 129 092 157 118
0008 085 199 107 233 127 071 156 101
0009 124 063 152 095 084 201 105 233
0010 123 063 154 095 086 201 106 233
0011 121 061 156 095 087 200 108 233
0012 122 062 156 094 086 199 106 229
0013 122 064 158 094 087 199 108 233
0014 125 064 157 094 087 200 108 233
0015 087 201 108 234 127 071 154 100
0016 086 200 107 229 127 101 162 126
0017 086 200 107 229 126 128 161 150
0018 141 164 168 199 086 202 108 235
0019 151 194 174 229 086 202 108 235
0020 160 196 181 231 086 200 107 234
0021 086 201 108 234 162 194 183 228
