0009 082 208 124 239 000 000 000 000
0010 080 196 118 237 183 209 224 239
0011 069 179 110 225 193 195 237 238
0012 199 176 243 223 063 161 107 207
0013 061 143 106 187 201 156 245 203
0014 068 131 111 172 199 141 236 179
0015 086 122 126 163 184 128 223 171
0016 115 119 146 157 159 117 191 158
0017 151 115 183 157 122 118 152 156
0018 145 121 183 159 121 119 153 158
0019 151 124 181 162 124 121 153 160
0020 151 119 184 159 123 122 153 161
0021 146 123 182 163 123 123 152 162
0022 149 124 182 164 123 123 151 162
0023 146 122 185 160 123 124 151 162
0024 148 122 184 161 123 121 154 157
0025 150 123 181 161 124 123 154 159
0026 149 124 181 163 125 124 154 158
0027 149 124 182 165 122 124 152 160
0028 146 135 186 178 119 140 149 175
0029 115 179 150 228 151 169 188 227
0030 162 211 198 239 114 223 144 239
