0007 266 206 305 237 000 000 000 000
0008 250 156 296 210 000 000 000 000
0009 232 121 277 168 000 000 000 000
0010 220 101 263 149 000 000 000 000
0011 216 086 256 135 000 000 000 000
0012 208 074 249 120 000 000 000 000
0013 204 067 244 115 000 000 000 000
0014 200 062 241 108 000 000 000 000
0015 191 072 239 119 000 000 000 000
0016 188 112 228 182 000 000 000 000
0017 186 118 233 176 000 000 000 000
0018 185 113 225 175 000 000 000 000
0019 183 109 223 174 000 000 000 000
0020 183 112 227 172 000 000 000 000
0021 182 112 227 173 000 000 000 000
0022 182 113 227 173 000 000 000 000
0023 182 114 226 173 000 000 000 000
0024 178 116 223 174 000 000 000 000
0025 180 114 226 172 000 000 000 000
0026 184 106 227 156 000 000 000 000
0027 188 104 230 149 000 000 000 000
0028 194 089 236 137 000 000 000 000
0029 210 091 249 133 000 000 000 000
0030 235 104 269 145 000 000 000 000
0031 252 128 294 170 000 000 000 000
0032 289 175 319 223 000 000 000 000
0033 278 209 313 239 000 000 000 000
