0000 061 163 104 208 170 174 213 208
0001 061 163 105 208 170 174 212 209
0002 061 163 105 209 170 174 212 208
0003 061 163 104 208 170 174 212 208
0004 170 174 213 209 058 160 105 207
0005 061 163 104 208 173 173 215 208
0006 061 163 105 209 171 167 210 205
0007 062 164 107 208 173 142 208 191
0008 062 164 107 208 171 112 214 170
0009 062 164 106 208 177 074 214 149
0010 061 164 107 208 181 063 221 137
0011 062 164 107 208 183 045 223 118
0012 061 165 108 209 182 036 222 113
0013 061 165 107 209 183 035 221 114
0014 061 165 107 209 182 029 221 107
0015 183 026 223 104 063 161 101 204
0016 183 022 222 103 061 164 107 209
0017 184 022 224 100 061 165 107 209
0018 181 021 224 100 061 164 107 209
0019 183 019 225 100 061 165 108 209
0020 061 165 108 209 181 019 225 099
0021 061 165 108 209 181 019 225 100
0022 181 019 225 101 063 165 108 208
0023 181 019 225 101 063 166 108 208
0024 182 019 224 094 062 164 106 208
0025 062 165 106 208 185 019 228 095
0026 182 020 224 094 062 165 106 208
0027 062 165 106 208 185 021 229 098
0028 181 022 225 101 062 165 106 209
0029 062 163 106 208 184 031 226 107
0030 062 165 106 209 185 032 224 105
0031 061 165 106 209 184 068 230 122
0032 062 164 106 209 180 088 223 146
0033 061 165 106 208 178 112 220 157
0034 062 165 106 208 175 132 217 173
0035 062 165 106 208 176 154 218 201
0036 062 164 108 209 174 169 214 208
0037 062 165 108 209 174 172 213 208
0038 062 165 105 209 175 173 214 209
0039 062 164 108 209 175 173 213 208
0040 062 165 108 209 175 173 213 208
0041 062 164 108 209 175 173 213 208
