0000 112 200 132 231 182 197 203 229
0001 180 197 202 230 111 202 131 231
0002 178 196 201 232 113 201 133 229
0003 113 200 134 229 178 196 201 232
0004 178 194 202 230 111 193 132 226
0005 181 185 208 224 107 179 136 211
0006 173 160 205 194 109 154 137 184
0007 163 132 200 158 120 122 150 149
0008 135 100 164 122 156 116 187 139
0009 143 113 176 131 144 094 176 115
0010 154 093 182 113 128 113 164 131
0011 151 096 182 117 130 115 166 131
0012 143 115 178 132 145 094 176 113
0013 136 097 164 119 152 117 185 134
0014 134 101 164 119 150 116 187 136
0015 141 118 175 138 146 102 176 124
0016 130 120 165 135 156 101 184 121
0017 131 117 164 134 154 101 183 123
0018 137 115 176 134 147 101 177 122
0019 153 120 184 141 133 101 162 121
0020 163 125 192 146 130 100 159 120
0021 133 099 160 121 152 126 187 144
0022 138 126 176 144 145 100 175 120
0023 127 125 164 141 155 098 182 120
0024 121 119 157 136 153 099 182 123
0025 145 099 177 122 129 122 165 138
0026 137 128 176 146 130 105 163 127
0027 156 140 195 165 118 121 146 147
0028 176 167 205 198 110 146 135 178
0029 108 175 131 205 187 187 210 223
0030 109 189 131 223 189 197 209 230
