0004 089 214 122 234 000 000 000 000
0005 085 206 126 237 000 000 000 000
0006 080 187 119 237 188 202 242 239
0007 189 196 237 239 077 174 117 221
0008 076 163 117 203 171 172 218 219
0009 159 158 208 201 079 154 122 193
0010 139 148 196 190 086 152 132 190
0011 133 148 190 186 088 148 137 187
0012 131 144 183 182 086 144 128 184
0013 130 142 183 182 089 140 132 178
0014 138 142 187 180 089 138 131 177
0015 142 136 192 178 088 137 123 177
0016 151 132 196 173 081 132 119 175
0017 162 130 202 173 075 125 111 180
0018 173 129 211 174 071 129 103 175
0019 177 132 216 179 065 127 102 179
0020 178 132 217 179 067 128 102 178
0021 177 134 214 183 069 128 107 172
0022 171 136 214 185 075 129 113 176
0023 166 138 208 181 079 128 118 174
0024 159 138 204 180 082 130 125 175
0025 082 129 130 174 149 137 201 180
0026 091 125 131 170 146 137 195 178
0027 091 126 134 171 144 138 196 178
0028 086 128 131 170 143 136 193 176
0029 144 135 193 176 086 128 129 171
0030 142 132 195 174 085 127 128 170
0031 150 132 193 171 082 125 124 168
0032 152 132 194 171 082 128 126 170
0033 080 131 125 173 153 132 195 173
0034 078 138 121 182 159 134 196 176
0035 076 148 120 199 162 136 200 178
0036 076 158 122 223 163 134 207 176
0037 080 174 122 239 168 134 209 174
0038 083 186 125 239 168 131 211 172
0039 090 198 126 238 169 127 214 169
0040 170 124 215 167 090 204 124 236
0041 168 122 216 164 089 209 123 237
0042 164 122 216 161 089 212 123 237
0043 157 123 211 161 089 214 123 237
0044 153 124 210 164 089 214 122 236
0045 149 128 207 164 087 215 121 236
0046 144 132 206 167 086 217 120 237
0047 139 134 201 169 083 215 119 236
0048 131 138 197 174 083 218 122 236
0049 124 134 197 172 084 219 120 239
0050 131 119 194 164 084 220 119 239
0051 132 119 194 162 084 221 119 239
0052 132 116 194 153 084 222 119 239
0053 132 111 193 150 083 221 119 239
0054 130 112 192 151 083 222 119 239
0055 129 114 188 152 083 222 119 239
0056 121 118 186 157 083 222 119 239
0057 114 121 181 158 086 219 116 238
0058 111 126 175 166 000 000 000 000
0059 099 131 174 169 000 000 000 000
0060 092 126 168 170 000 000 000 000
0061 099 120 163 162 000 000 000 000
0062 103 117 165 155 000 000 000 000
0063 106 117 170 148 000 000 000 000
0064 117 113 175 148 000 000 000 000
0065 120 113 178 153 000 000 000 000
0066 111 121 172 161 000 000 000 000
0067 101 131 175 173 000 000 000 000
0068 095 134 166 176 000 000 000 000
0069 093 137 160 179 000 000 000 000
0070 091 140 154 181 000 000 000 000
0071 084 141 151 182 000 000 000 000
0072 086 135 151 181 000 000 000 000
0073 092 134 154 183 000 000 000 000
0074 112 135 171 182 000 000 000 000
0075 144 144 185 195 000 000 000 000
0076 166 167 212 225 000 000 000 000
0077 192 209 241 237 000 000 000 000
