0000 182 215 226 239 000 000 000 000
0001 182 215 226 239 000 000 000 000
0002 182 215 226 239 000 000 000 000
0003 181 216 225 239 000 000 000 000
0004 181 215 225 239 096 218 135 237
0005 181 214 225 239 101 222 138 239
0006 181 211 228 239 099 219 138 239
0007 181 210 228 239 099 216 135 239
0008 176 195 229 237 096 205 142 236
0009 176 183 227 229 092 191 145 235
0010 094 177 147 218 177 169 232 206
0011 181 160 235 193 096 171 151 204
0012 092 164 150 191 181 153 233 186
0013 188 147 238 183 084 158 144 188
0014 081 157 145 185 189 147 242 183
0015 093 158 150 183 182 150 241 183
0016 171 153 232 183 102 154 162 182
0017 073 149 138 186 197 147 267 182
0018 063 151 130 190 202 149 283 188
0019 098 158 159 195 177 161 254 195
0020 098 163 156 206 178 158 243 197
0021 206 157 286 195 064 165 132 202
0022 210 158 288 197 058 166 132 204
0023 090 167 161 210 178 162 250 194
0024 068 167 145 211 199 159 276 196
0025 062 160 136 199 204 157 295 195
0026 178 165 247 200 091 163 158 203
0027 078 163 147 204 191 158 256 192
0028 204 157 297 194 056 158 123 196
0029 094 170 161 209 176 161 253 196
0030 095 165 156 214 177 159 244 195
0031 057 166 130 210 212 161 292 208
0032 089 164 155 204 176 163 251 196
0033 069 162 138 200 220 174 274 219
0034 055 159 123 197 212 156 291 195
0035 093 162 158 205 179 159 249 191
0036 070 164 145 204 201 153 279 189
0037 062 160 129 198 199 149 289 189
0038 088 159 154 195 183 157 254 189
0039 192 153 255 188 074 158 144 197
0040 067 150 128 188 194 160 273 190
0041 175 162 246 201 100 161 155 201
0042 069 164 148 211 195 163 275 199
0043 096 179 156 224 190 170 258 204
0044 105 190 161 239 174 179 230 225
0045 179 197 229 237 098 201 151 238
0046 098 207 145 239 182 208 229 239
0047 096 207 139 239 193 224 226 239
0048 102 217 138 239 000 000 000 000
