0001 163 198 185 231 000 000 000 000
0003 168 221 203 239 000 000 000 000
0004 066 184 124 235 151 184 201 235
0005 061 162 120 216 121 186 190 228
0006 061 159 118 212 115 184 194 224
0007 061 159 118 212 115 180 191 224
0008 061 160 119 211 115 185 191 227
0009 115 186 191 227 065 160 122 211
0010 067 161 123 212 114 187 190 227
0011 115 187 188 225 063 161 119 215
0012 068 165 125 216 116 188 189 226
0013 070 173 127 221 116 187 188 226
0014 070 175 124 228 122 188 186 229
0015 070 177 126 228 115 192 185 231
0016 070 176 125 227 113 195 181 233
0017 071 169 130 217 112 198 185 235
0018 078 163 138 214 112 193 184 234
0019 085 168 142 215 113 196 183 232
0020 087 177 142 226 135 184 184 235
0021 088 182 142 229 130 185 180 237
0022 087 182 142 232 125 197 178 236
0023 089 180 145 226 117 208 183 238
0024 090 178 146 226 135 198 183 236
0025 094 175 155 222 110 207 181 237
0026 099 170 161 217 113 204 184 236
0027 116 203 186 235 108 168 163 213
0028 109 172 167 218 115 201 191 236
0029 110 174 168 220 117 204 187 234
0030 112 176 166 222 117 204 188 237
0031 112 176 168 220 115 201 184 235
0032 111 176 168 221 115 204 184 237
0033 111 177 167 223 115 203 185 238
0034 108 176 166 223 119 202 180 235
0035 106 178 165 224 117 206 178 238
0036 104 182 163 229 158 208 195 236
0037 099 189 158 238 000 000 000 000
0038 097 211 152 239 167 193 187 234
