0000 232 194 264 233 151 186 174 225
0001 232 193 264 233 131 188 157 225
0002 232 192 264 232 084 174 127 207
0003 231 191 265 232 063 152 108 182
0004 230 191 265 232 065 118 104 146
0005 228 190 265 230 094 069 128 115
0006 129 061 169 099 231 189 264 228
0007 137 068 180 099 231 190 265 228
0008 228 190 264 229 138 075 180 105
0009 231 190 265 231 123 081 163 117
0010 230 189 269 229 089 102 121 132
0011 232 190 271 230 065 122 104 147
0012 062 107 107 133 232 188 270 229
0013 232 189 270 228 082 071 119 114
0014 232 188 270 228 123 049 161 092
0015 141 058 183 100 231 188 269 229
0016 155 068 192 095 231 188 265 227
0017 156 069 192 099 231 190 265 228
0018 227 190 267 230 155 072 185 103
0019 230 190 265 229 150 082 178 120
0020 229 192 263 231 145 110 178 149
0021 230 191 264 230 141 145 166 174
0022 229 191 266 229 141 170 164 200
0023 231 190 269 229 146 178 164 209
0024 233 189 270 229 149 184 171 222
0025 234 190 270 228 161 192 179 228
0026 233 189 270 228 163 192 181 228
0027 233 193 265 228 161 187 185 229
0028 233 192 264 231 162 187 185 228
0029 231 193 264 232 163 189 183 230
