0000 086 153 152 202 123 099 179 147
0001 084 152 152 204 133 081 183 124
0002 079 153 149 207 140 065 195 108
0003 070 157 144 208 142 058 197 102
0004 150 056 203 099 069 165 136 220
0005 066 168 121 229 145 053 203 098
0006 059 166 107 239 143 055 201 097
0007 140 055 197 097 076 154 132 209
0008 076 130 153 171 148 056 202 102
0009 075 121 151 164 147 053 202 101
0010 143 055 201 097 072 133 142 190
0011 072 130 126 181 151 054 202 100
0012 066 119 127 170 152 053 202 100
0013 054 114 122 177 148 054 203 098
0014 150 054 203 097 039 106 102 164
0015 023 101 075 149 149 052 203 098
0016 007 095 047 147 152 051 205 096
0017 000 088 038 142 151 053 202 095
0018 155 052 206 100 000 083 038 134
0019 157 051 207 099 000 078 040 128
0020 000 075 044 129 154 052 207 099
0021 003 081 053 131 157 057 207 099
0022 022 085 072 132 151 059 203 102
0023 041 091 098 138 153 062 200 103
0024 058 101 118 148 145 066 193 110
0025 075 121 135 171 130 094 179 142
0026 132 158 183 216 070 165 132 225
0027 142 209 189 239 053 215 110 239
