0019 162 219 209 239 000 000 000 000
0020 174 209 226 238 000 000 000 000
0021 186 194 237 237 000 000 000 000
0022 190 184 243 234 000 000 000 000
0023 197 165 252 220 000 000 000 000
0024 202 153 257 202 000 000 000 000
0025 208 140 265 187 000 000 000 000
0026 208 131 265 178 000 000 000 000
0027 205 120 264 168 000 000 000 000
0028 205 119 262 164 000 000 000 000
0029 201 119 261 164 000 000 000 000
0030 203 119 260 164 000 000 000 000
0031 201 119 257 166 000 000 000 000
0032 197 121 257 164 000 000 000 000
0033 197 120 253 163 000 000 000 000
0034 195 119 253 164 000 000 000 000
0035 194 119 251 164 000 000 000 000
0036 194 120 250 164 000 000 000 000
0037 191 119 248 164 000 000 000 000
0038 190 119 246 164 000 000 000 000
0039 190 118 243 162 000 000 000 000
0040 182 126 239 169 000 000 000 000
0041 179 143 229 190 000 000 000 000
0042 168 170 209 218 000 000 000 000
0043 151 205 190 238 000 000 000 000
