0000 131 206 176 239 197 221 226 239
0001 131 205 176 239 194 223 225 239
0002 131 204 175 239 194 223 225 239
0003 131 205 175 239 195 223 225 239
0004 129 204 174 239 195 223 224 239
0005 124 203 169 239 194 223 224 239
0006 112 196 153 237 193 224 224 239
0007 090 188 124 228 190 221 222 239
0008 062 165 100 203 193 221 224 239
0009 035 133 086 179 000 000 000 000
0010 018 095 070 144 000 000 000 000
0011 016 083 068 130 000 000 000 000
0012 019 075 069 122 195 223 225 239
0013 023 069 068 116 191 221 223 239
0014 026 071 076 122 000 000 000 000
0015 027 068 073 121 195 223 225 239
0016 028 067 073 119 195 223 224 239
0017 032 070 075 121 000 000 000 000
0018 034 070 075 123 000 000 000 000
0019 034 071 076 122 195 223 224 239
0020 035 071 076 122 195 222 224 239
0021 036 071 078 120 195 222 224 239
0022 038 070 080 123 196 223 224 239
0023 040 070 080 121 195 223 224 239
0024 039 070 081 120 000 000 000 000
0025 040 070 079 120 000 000 000 000
0026 041 073 082 127 000 000 000 000
0027 041 073 081 124 000 000 000 000
0028 040 074 081 125 000 000 000 000
0029 039 075 082 129 000 000 000 000
0030 055 104 094 149 000 000 000 000
0031 079 153 118 191 000 000 000 000
0032 100 180 140 227 000 000 000 000
0033 111 196 151 238 000 000 000 000
0034 116 206 156 239 000 000 000 000
