0006 133 222 178 239 000 000 000 000
0007 138 163 197 213 000 000 000 000
0008 142 134 197 186 000 000 000 000
0009 146 099 201 153 000 000 000 000
0010 144 074 200 127 000 000 000 000
0011 141 058 197 113 000 000 000 000
0012 139 051 197 106 000 000 000 000
0013 134 043 193 105 000 000 000 000
0014 131 042 188 103 000 000 000 000
0015 129 042 188 105 000 000 000 000
0016 126 044 185 106 000 000 000 000
0017 125 042 182 107 000 000 000 000
0018 124 043 181 107 000 000 000 000
0019 125 044 181 105 000 000 000 000
0020 124 045 184 106 000 000 000 000
0021 125 045 181 107 000 000 000 000
0022 125 045 182 105 000 000 000 000
0023 120 055 184 106 000 000 000 000
0024 118 064 179 115 000 000 000 000
0025 117 099 167 145 000 000 000 000
0026 111 127 171 173 000 000 000 000
0027 105 164 153 214 000 000 000 000
0028 098 210 146 239 000 000 000 000
