0000 136 223 199 239 000 000 000 000
0001 143 223 195 239 000 000 000 000
0002 143 222 196 239 000 000 000 000
0003 141 217 201 239 000 000 000 000
0004 141 218 197 239 000 000 000 000
0005 142 217 198 239 000 000 000 000
0006 160 197 208 235 000 000 000 000
0007 181 174 222 216 000 000 000 000
0008 202 153 240 203 000 000 000 000
0009 211 139 264 202 000 000 000 000
0010 218 134 268 203 000 000 000 000
0011 221 116 266 190 000 000 000 000
0012 210 107 260 191 000 000 000 000
0013 209 109 257 196 000 000 000 000
0014 214 117 267 194 000 000 000 000
0015 213 125 270 197 000 000 000 000
0016 204 102 253 190 000 000 000 000
0017 195 102 249 192 000 000 000 000
0018 209 106 251 184 000 000 000 000
0019 208 126 264 194 000 000 000 000
0020 204 111 249 187 000 000 000 000
0021 194 109 252 188 000 000 000 000
0022 202 110 251 185 000 000 000 000
0023 215 136 268 201 000 000 000 000
0024 213 120 258 193 000 000 000 000
0025 198 115 256 189 000 000 000 000
0026 207 120 256 201 000 000 000 000
0027 221 165 280 220 000 000 000 000
0028 216 165 269 217 000 000 000 000
0029 202 173 249 220 000 000 000 000
0030 182 189 224 234 000 000 000 000
0031 171 202 213 237 000 000 000 000
0032 163 211 204 239 000 000 000 000
0036 165 224 202 239 000 000 000 000
0037 151 223 202 239 000 000 000 000
0038 143 219 200 239 000 000 000 000
0039 141 217 202 239 000 000 000 000
0040 143 223 197 239 000 000 000 000
0041 140 222 200 239 000 000 000 000
0042 143 221 195 239 000 000 000 000
0043 145 221 195 239 000 000 000 000
0044 144 221 193 238 000 000 000 000
0045 146 223 197 238 000 000 000 000
