0000 122 205 144 234 180 202 201 233
0001 122 205 144 234 180 202 201 233
0002 122 206 144 234 180 202 201 233
0003 122 205 144 234 180 202 201 233
0004 122 205 144 234 180 203 201 235
0005 122 205 144 234 180 202 201 233
0006 122 205 144 234 180 202 201 233
0007 122 205 145 234 180 202 200 233
0008 122 206 145 235 180 203 201 233
0009 122 206 144 234 180 203 201 233
0010 123 206 144 234 179 203 200 234
0011 121 207 142 234 179 203 200 234
0012 118 206 139 234 178 202 198 229
0013 118 206 139 236 179 203 200 234
0014 115 205 136 234 184 203 202 230
0015 108 206 130 235 193 202 214 230
0016 217 188 241 215 084 201 110 225
0017 053 173 079 202 245 143 269 166
0018 246 109 273 134 000 000 000 000
0019 241 090 267 113 016 119 051 144
0020 019 111 050 134 235 082 260 105
0021 231 075 258 097 018 106 047 126
0022 019 105 050 126 228 076 255 094
0023 019 099 046 120 220 060 248 081
0024 020 095 051 119 205 035 233 061
0025 022 097 051 120 175 025 201 061
0026 141 047 178 071 024 104 053 124
0027 136 059 176 078 023 103 051 125
0028 135 060 175 078 022 107 055 130
0029 137 052 176 072 025 111 055 132
0030 142 044 180 066 021 109 051 132
0031 020 108 051 132 153 035 186 058
0032 019 111 050 134 172 029 198 058
0033 017 112 048 135 191 027 215 065
0034 017 117 047 143 219 048 244 081
0035 015 120 046 142 231 063 258 096
0036 240 105 268 132 012 127 049 155
0037 024 150 060 180 234 153 258 186
0038 047 177 075 210 201 192 223 220
0039 077 199 101 226 182 202 199 230
0040 099 207 126 235 000 000 000 000
0041 114 207 135 234 178 206 194 233
