0006 034 191 079 230 000 000 000 000
0007 047 164 104 202 000 000 000 000
0008 065 150 133 181 000 000 000 000
0009 078 143 147 172 000 000 000 000
0010 087 139 160 168 000 000 000 000
0011 091 138 163 168 000 000 000 000
0012 127 195 169 236 092 139 164 167
0013 128 173 173 210 091 140 162 169
0014 123 154 164 191 091 139 164 167
0015 123 149 164 184 092 141 161 169
0016 091 139 161 166 127 152 168 188
0017 134 151 172 191 091 138 162 166
0018 145 138 180 178 091 140 172 169
0019 150 124 190 171 087 140 157 169
0020 158 130 199 164 089 137 161 167
0021 165 129 205 160 089 137 161 165
0022 163 111 209 155 089 136 162 164
0023 161 109 208 153 090 134 164 163
0024 157 120 208 155 092 135 162 163
0025 153 125 205 152 093 138 163 165
0026 142 121 197 150 091 140 165 167
0027 135 118 191 153 092 138 165 168
0028 124 118 184 146 094 138 172 168
0029 100 142 168 168 105 117 173 144
0030 100 143 171 169 102 115 160 142
0031 097 145 169 172 078 117 152 147
0032 076 120 148 147 095 149 161 176
0033 085 119 156 155 085 166 151 204
0034 105 137 162 179 070 186 123 236
0035 119 175 173 224 049 206 101 239
0036 130 209 173 239 046 220 091 237
