0000 183 195 211 231 121 199 141 233
0001 173 175 202 203 119 200 138 233
0002 120 203 138 234 163 143 194 171
0003 119 200 139 236 163 113 200 142
0004 157 099 199 125 114 201 141 235
0005 168 087 205 113 116 201 141 234
0006 170 087 205 111 119 199 140 230
0007 169 087 205 111 115 200 142 235
0008 169 087 206 110 120 206 138 235
0009 169 090 206 116 117 201 141 235
0010 167 101 205 130 120 202 141 235
0011 120 202 141 235 173 131 203 160
0012 182 169 210 204 118 202 142 235
0013 192 186 214 225 119 201 140 234
0014 115 205 138 236 199 195 216 229
0015 119 201 139 234 197 198 215 224
