0008 062 223 096 239 000 000 000 000
0009 045 214 083 239 000 000 000 000
0010 029 195 065 226 000 000 000 000
0011 014 170 047 194 000 000 000 000
0012 007 131 042 161 000 000 000 000
0013 012 087 046 119 000 000 000 000
0014 042 041 068 070 000 000 000 000
0015 059 006 092 050 000 000 000 000
0016 092 000 125 031 000 000 000 000
0017 111 005 142 038 000 000 000 000
0018 130 010 170 045 000 000 000 000
0019 152 040 201 077 000 000 000 000
0020 161 104 212 151 000 000 000 000
0021 158 155 203 208 000 000 000 000
0022 137 196 175 236 000 000 000 000
0023 117 213 146 236 000 000 000 000
0024 102 221 131 239 000 000 000 000
0027 193 222 217 239 000 000 000 000
0028 192 219 216 237 086 222 112 239
0029 189 219 214 239 000 000 000 000
