0000 074 210 109 236 144 210 188 238
0001 074 210 109 236 144 210 188 238
0002 072 211 109 236 144 211 188 238
0003 074 208 109 238 144 210 188 238
0004 072 209 108 237 140 209 194 236
0005 073 209 108 237 140 207 194 236
0006 073 209 109 237 142 202 190 237
0007 073 209 109 237 143 198 189 237
0008 139 188 191 234 073 208 109 238
0009 139 172 192 227 073 208 109 238
0010 138 163 194 212 073 208 109 238
0011 140 156 193 198 074 209 108 238
0012 138 146 193 184 074 208 108 237
0013 072 210 109 237 138 139 191 177
0014 073 208 109 238 141 131 198 166
0015 144 123 196 161 072 210 108 237
0016 144 116 196 157 074 209 109 238
0017 074 209 109 238 146 100 196 146
0018 074 209 109 238 144 090 195 135
0019 142 085 191 132 074 208 109 238
0020 141 083 191 130 074 209 109 238
0021 074 209 109 238 141 085 191 133
0022 074 209 109 238 141 089 191 137
0023 074 208 109 238 141 089 190 138
0024 074 209 108 237 142 088 191 138
0025 074 208 108 238 149 094 191 140
0026 074 209 108 237 149 094 192 142
0027 074 209 108 238 142 092 191 141
0028 140 095 191 145 075 208 109 237
0029 144 095 186 150 075 210 108 236
0030 139 100 190 152 074 208 108 237
0031 074 208 109 237 138 098 189 149
0032 138 099 190 152 074 210 107 236
0033 074 208 108 237 138 099 189 150
0034 074 209 108 236 143 100 190 152
0035 074 208 109 237 141 103 190 149
0036 142 103 189 148 074 209 109 237
0037 143 103 190 148 074 209 109 237
0038 143 098 184 150 074 209 109 237
0039 143 104 190 147 074 210 108 236
0040 074 208 109 238 138 098 189 144
0041 074 208 109 238 139 099 189 144
0042 074 208 109 238 138 099 190 145
0043 139 099 190 145 074 213 107 236
0044 140 099 190 145 074 211 108 237
0045 074 208 108 238 141 100 190 144
0046 140 099 191 146 074 208 109 238
0047 140 100 190 146 074 208 109 238
0048 140 100 190 146 074 209 109 237
0049 139 101 190 147 074 208 109 238
0050 140 103 190 147 073 208 109 238
0051 074 208 109 238 135 107 195 151
0052 073 208 108 238 139 114 193 154
0053 073 210 108 238 140 138 189 185
0054 073 209 108 238 138 167 186 228
0055 141 197 183 237 073 209 108 238
0056 073 209 108 238 142 208 186 237
