0006 239 189 281 236 000 000 000 000
0007 237 125 276 184 000 000 000 000
0008 230 081 269 147 000 000 000 000
0009 222 061 261 125 000 000 000 000
0010 216 050 253 111 000 000 000 000
0011 208 044 248 105 000 000 000 000
0012 205 044 241 101 000 000 000 000
0013 200 042 243 103 000 000 000 000
0014 203 041 241 099 000 000 000 000
0015 203 039 240 099 000 000 000 000
0016 203 040 240 100 000 000 000 000
0017 204 042 242 100 000 000 000 000
0018 203 042 242 100 000 000 000 000
0019 203 043 242 104 000 000 000 000
0020 203 044 242 104 000 000 000 000
0021 202 047 241 105 000 000 000 000
0022 203 047 241 105 000 000 000 000
0023 203 054 242 117 000 000 000 000
0024 209 080 246 145 000 000 000 000
0025 216 133 257 197 000 000 000 000
0026 220 215 260 239 000 000 000 000
