0009 166 220 209 239 000 000 000 000
0010 143 208 192 238 000 000 000 000
0011 137 188 192 224 000 000 000 000
0012 133 167 190 206 000 000 000 000
0013 136 150 189 196 000 000 000 000
0014 132 130 190 180 000 000 000 000
0015 131 115 189 167 000 000 000 000
0016 129 100 185 154 000 000 000 000
0017 129 092 184 148 000 000 000 000
0018 124 086 186 145 000 000 000 000
0019 117 082 192 144 000 000 000 000
0020 122 080 186 141 000 000 000 000
0021 122 082 185 143 000 000 000 000
0022 124 083 184 145 000 000 000 000
0023 123 082 186 144 000 000 000 000
0024 123 083 186 142 000 000 000 000
0025 124 081 185 142 000 000 000 000
0026 125 082 185 141 000 000 000 000
0027 125 081 186 141 000 000 000 000
0028 124 081 187 140 000 000 000 000
0029 124 082 187 141 000 000 000 000
0030 124 083 185 146 000 000 000 000
0031 125 083 185 145 000 000 000 000
0032 125 082 185 142 000 000 000 000
0033 125 082 184 142 000 000 000 000
0034 126 082 185 141 000 000 000 000
0035 126 085 186 143 000 000 000 000
0036 125 087 185 147 000 000 000 000
0037 132 100 182 159 000 000 000 000
0038 143 147 185 197 000 000 000 000
0039 138 211 186 239 000 000 000 000
