0000 133 179 160 219 047 194 075 234
0001 133 178 161 219 047 194 075 235
0002 133 178 161 219 047 194 075 235
0003 136 178 163 218 046 195 074 234
0004 136 178 163 218 045 195 073 234
0005 047 195 072 229 137 179 163 218
0006 139 179 165 219 044 192 071 232
0007 144 177 167 223 044 191 071 231
0008 044 192 071 234 150 172 172 221
0009 044 193 071 234 157 170 181 217
0010 171 159 196 205 042 192 070 226
0011 190 150 219 186 041 193 069 227
0012 213 119 257 147 040 194 067 233
0013 224 096 273 123 039 195 067 233
0014 229 075 280 106 035 193 064 232
0015 035 192 063 231 240 060 277 094
0016 237 057 281 092 035 193 063 230
0017 236 057 284 092 035 192 063 230
0018 234 057 284 094 035 195 062 232
0019 233 055 284 096 034 195 062 232
0020 232 055 283 096 034 194 061 231
0021 233 056 283 095 034 194 062 232
0022 237 055 274 092 035 195 063 232
0023 234 055 278 093 035 194 063 232
0024 035 195 061 232 237 048 272 083
0025 035 194 061 232 239 043 267 082
0026 035 193 062 230 236 048 271 084
0027 035 192 062 230 240 047 278 088
0028 034 192 061 230 236 052 281 090
0029 237 056 283 091 034 191 063 229
0030 236 054 283 091 033 192 061 228
0031 236 055 281 091 032 190 061 229
0032 031 190 061 229 238 049 279 090
0033 235 047 277 088 032 190 061 228
0034 032 190 061 228 236 045 276 088
0035 032 190 062 227 236 043 269 082
0036 034 192 063 229 242 043 275 077
0037 035 192 062 228 243 042 273 075
0038 035 192 062 228 237 047 272 084
0039 034 190 061 227 235 052 276 092
0040 235 067 273 101 035 193 062 230
0041 233 080 271 113 034 193 064 229
0042 040 193 067 229 223 111 258 148
0043 041 195 069 231 207 144 235 192
0044 175 179 197 219 047 194 075 231
0045 152 184 175 225 049 192 075 229
0046 049 193 076 230 140 188 160 225
0047 049 195 074 231 139 187 162 223
0048 046 195 074 232 141 181 165 222
0049 045 192 074 232 138 182 162 223
0050 047 194 075 233 138 181 161 223
0051 046 195 074 233 138 181 160 227
0052 048 195 077 234 138 180 161 227
0053 048 195 075 234 138 180 161 227
0054 047 193 075 235 138 180 161 226
0055 043 194 072 235 138 180 163 226
0056 046 195 071 229 138 180 163 226
0057 138 180 163 226 043 193 070 233
0058 045 194 073 234 138 180 163 226
0059 046 195 074 234 138 180 162 225
0060 046 194 073 234 139 179 164 218
0061 045 192 072 230 139 178 164 219
0062 042 195 069 234 139 181 160 224
0063 042 191 069 228 140 178 163 218
0064 040 193 067 230 140 178 164 218
