0006 103 213 146 239 000 000 000 000
0007 117 183 163 230 000 000 000 000
0008 144 161 184 199 000 000 000 000
0009 164 126 224 167 000 000 000 000
0010 190 099 242 142 000 000 000 000
0011 197 089 257 135 000 000 000 000
0012 205 084 262 128 000 000 000 000
0013 208 080 269 121 000 000 000 000
0014 210 080 273 122 000 000 000 000
0015 211 078 271 120 000 000 000 000
0016 212 078 269 119 000 000 000 000
0017 212 078 269 120 000 000 000 000
0018 211 078 270 121 000 000 000 000
0019 211 080 272 122 000 000 000 000
0020 210 077 272 121 000 000 000 000
0021 211 076 269 118 000 000 000 000
0022 204 076 269 118 000 000 000 000
0023 186 081 235 131 000 000 000 000
0024 172 092 211 150 000 000 000 000
0025 139 135 182 198 000 000 000 000
0026 114 175 168 227 000 000 000 000
0027 095 213 140 239 000 000 000 000
