0000 108 191 148 226 150 190 192 221
0001 108 191 148 227 150 190 192 221
0002 108 191 147 227 150 190 192 221
0003 108 191 146 227 149 189 192 221
0004 108 191 146 227 150 189 192 220
0005 108 191 146 227 153 190 192 219
0006 108 191 146 227 149 189 192 220
0007 108 188 141 227 150 187 193 221
0008 152 184 196 219 109 182 140 217
0009 160 169 204 208 111 170 149 203
0010 116 164 158 202 164 150 209 182
0011 159 139 210 168 118 160 162 198
0012 155 133 207 164 121 154 169 192
0013 152 131 209 166 125 157 168 197
0014 155 132 208 165 125 157 167 197
0015 156 127 207 164 125 155 167 197
0016 157 125 206 163 125 155 167 196
0017 157 124 205 160 126 154 167 195
0018 152 124 201 161 126 155 166 195
0019 153 121 203 161 126 153 166 196
0020 150 116 203 155 128 158 163 200
0021 121 157 160 197 168 111 214 152
0022 121 157 160 197 176 106 217 151
0023 163 101 209 140 127 158 162 200
0024 163 098 212 138 128 157 163 199
0025 180 096 223 142 121 158 160 199
0026 120 158 159 199 178 098 220 146
0027 167 093 213 134 127 159 160 199
0028 168 083 219 120 128 157 158 197
0029 194 080 232 119 127 157 159 198
0030 120 157 159 199 191 082 230 132
0031 170 082 213 121 126 157 159 199
0032 167 068 216 100 120 157 160 198
0033 121 158 159 198 189 061 230 094
0034 118 158 158 201 203 063 241 110
0035 120 158 159 200 194 069 231 106
0036 121 157 160 197 175 061 217 094
0037 120 156 160 198 176 052 225 082
0038 115 157 158 202 203 051 239 079
0039 115 158 158 204 219 061 253 103
0040 115 158 160 204 210 068 241 106
0041 117 158 161 204 191 064 228 099
0042 186 061 224 089 117 158 161 203
0043 117 158 160 203 190 052 228 080
0044 116 159 159 205 205 051 239 079
0045 116 159 159 204 216 057 247 087
0046 116 160 160 203 216 062 249 094
0047 116 160 160 204 214 064 247 097
0048 116 163 160 206 215 072 249 101
0049 113 166 160 209 215 078 247 106
0050 118 170 156 207 215 083 248 119
0051 113 179 152 211 211 103 243 143
0052 109 183 145 212 203 125 235 167
0053 188 150 227 191 109 186 144 218
0054 107 186 145 222 170 167 209 208
0055 108 186 148 224 158 180 196 214
0056 112 187 150 224 150 184 192 215
0057 112 189 150 225 153 187 191 218
0058 112 190 151 226 153 188 190 220
0059 111 190 150 226 153 188 190 220
