0000 129 187 148 216 201 178 222 208
0001 129 188 147 213 205 183 222 209
0002 129 191 149 212 207 183 226 206
0003 128 189 146 212 204 184 221 210
0004 130 191 149 214 203 184 220 211
0005 129 188 147 212 203 184 220 209
0006 132 188 151 218 203 183 220 210
0007 133 188 151 217 200 186 217 211
0008 202 186 220 212 137 188 155 217
0009 204 182 225 210 139 189 157 215
0010 204 178 223 200 144 176 166 202
0011 201 154 224 177 154 146 180 168
0012 157 111 181 145 200 122 227 150
0013 199 092 223 130 157 088 180 127
0014 196 075 220 113 156 074 178 114
0015 195 070 219 107 155 074 176 108
0016 151 073 174 101 196 069 220 107
0017 198 072 222 101 149 074 170 106
0018 198 068 222 106 145 070 168 101
0019 198 068 222 106 146 074 167 107
0020 198 072 222 102 147 074 167 106
0021 145 072 171 106 197 069 222 106
0022 147 077 167 109 197 068 222 106
0023 195 069 219 107 151 073 171 107
0024 192 072 216 105 150 072 174 104
0025 190 071 215 105 153 074 174 110
0026 188 071 214 108 152 071 175 107
0027 189 070 215 106 157 071 178 109
0028 189 070 215 107 156 071 179 109
0029 189 070 215 106 156 077 176 110
0030 189 070 215 106 158 071 179 107
0031 189 070 215 107 157 071 181 107
0032 189 070 215 106 157 073 180 108
0033 190 073 215 109 157 071 182 110
0034 153 085 178 122 192 085 215 121
0035 149 121 179 151 195 119 220 147
0036 144 158 172 189 202 145 223 174
0037 137 182 157 213 207 169 230 194
0038 130 188 149 218 206 182 228 209
0039 210 184 228 209 126 189 144 212
0040 205 184 225 206 133 187 151 211
0041 206 181 224 206 132 183 150 208
0042 132 186 151 210 205 180 223 205
0043 207 182 225 206 133 190 150 217
0044 132 190 153 218 205 182 223 209
0045 135 191 156 220 203 182 222 209
0046 138 193 159 222 203 183 222 210
0047 141 192 162 222 202 187 222 209
0048 206 186 225 208 143 190 165 223
0049 144 190 165 223 205 184 223 212
