0005 201 207 239 236 000 000 000 000
0006 202 205 256 238 000 000 000 000
0007 248 207 295 239 000 000 000 000
0008 239 171 298 232 000 000 000 000
0009 227 130 279 197 000 000 000 000
0010 214 118 269 196 000 000 000 000
0011 204 109 267 201 000 000 000 000
0012 210 103 267 215 000 000 000 000
0013 216 115 274 154 000 000 000 000
0014 214 093 267 140 000 000 000 000
0015 207 072 260 130 000 000 000 000
0016 197 066 247 120 000 000 000 000
0017 176 068 238 108 000 000 000 000
0018 178 069 228 113 000 000 000 000
0019 174 072 228 125 000 000 000 000
0020 168 077 230 140 000 000 000 000
0021 176 080 229 161 000 000 000 000
0022 175 082 235 176 000 000 000 000
0023 179 097 239 184 000 000 000 000
0024 186 102 249 183 000 000 000 000
0025 196 095 253 144 000 000 000 000
0026 198 073 252 126 000 000 000 000
0027 186 074 239 122 000 000 000 000
0028 176 078 234 121 000 000 000 000
0029 169 087 224 143 000 000 000 000
0030 173 105 228 177 000 000 000 000
0031 178 141 236 209 000 000 000 000
0032 186 180 237 237 000 000 000 000
0033 199 202 261 238 000 000 000 000
0035 168 089 211 130 000 000 000 000
