0000 088 210 128 239 164 202 198 234
0001 088 210 128 239 163 201 196 234
0002 088 210 128 239 163 201 196 234
0003 088 209 128 239 163 201 196 234
0004 090 204 129 238 164 202 199 235
0005 092 195 131 236 162 201 196 234
0006 087 148 126 185 163 201 195 234
0007 162 201 196 234 083 094 117 144
0008 080 059 110 112 161 201 196 235
0009 162 201 196 235 073 041 101 099
0010 074 043 102 101 162 201 196 235
0011 162 201 196 235 084 059 113 116
0012 099 146 145 207 163 201 199 235
0013 103 185 144 236 165 205 198 237
0014 100 198 145 236 165 204 197 236
0015 099 197 144 237 165 205 198 237
0016 099 198 141 234 165 204 198 236
0017 099 195 142 235 165 204 198 236
0018 099 194 141 235 165 205 198 237
0019 098 192 142 235 165 205 198 237
0020 099 186 137 234 164 205 198 237
0021 098 177 139 221 164 204 198 237
0022 098 169 137 207 162 201 199 234
0023 094 167 135 202 164 201 199 235
0024 093 170 133 206 163 203 199 234
0025 089 182 127 219 163 202 199 235
0026 088 192 122 225 163 202 199 235
0027 088 196 122 235 164 202 199 235
0028 085 207 123 238 164 202 199 235
0029 086 210 123 239 164 202 199 235
0030 085 209 125 239 162 200 196 234
0031 085 210 123 239 162 200 196 234
0032 085 211 124 239 163 201 199 234
0033 085 211 124 239 162 200 197 234
0034 086 211 124 239 163 201 199 234
0035 086 211 124 239 163 201 199 234
0036 086 212 125 239 162 202 195 235
0037 086 213 125 239 162 201 195 235
0038 086 213 125 239 161 201 195 235
