0005 162 194 204 238 000 000 000 000
0006 178 159 223 213 000 000 000 000
0007 185 127 242 187 000 000 000 000
0008 172 109 231 174 000 000 000 000
0009 126 109 174 186 000 000 000 000
0010 084 094 148 154 000 000 000 000
0011 090 095 149 153 000 000 000 000
0012 101 095 161 155 000 000 000 000
0013 125 110 174 167 000 000 000 000
0014 150 100 214 167 000 000 000 000
0015 161 094 226 162 000 000 000 000
0016 147 094 211 168 000 000 000 000
0017 138 102 185 166 000 000 000 000
0018 104 111 169 166 000 000 000 000
0019 117 100 171 164 000 000 000 000
0020 120 100 170 163 000 000 000 000
0021 121 107 178 169 000 000 000 000
0022 142 111 184 168 000 000 000 000
0023 156 108 215 172 000 000 000 000
0024 154 099 214 169 000 000 000 000
0025 142 098 198 165 000 000 000 000
0026 128 097 171 164 000 000 000 000
0027 111 099 171 162 000 000 000 000
0028 118 096 171 161 000 000 000 000
0029 118 104 175 165 000 000 000 000
0030 135 101 178 162 000 000 000 000
0031 139 106 183 175 000 000 000 000
0032 140 117 185 182 000 000 000 000
0033 142 128 184 192 000 000 000 000
0034 139 183 192 234 000 000 000 000
