0012 172 203 206 238 000 000 000 000
0014 175 202 205 235 000 000 000 000
0015 176 203 207 238 000 000 000 000
0016 191 207 267 239 000 000 000 000
0017 192 182 271 226 000 000 000 000
0018 203 159 281 213 000 000 000 000
0019 203 147 283 203 000 000 000 000
0020 208 136 287 188 000 000 000 000
0021 206 122 287 182 000 000 000 000
0022 208 115 286 175 000 000 000 000
0023 207 111 282 170 000 000 000 000
0024 203 111 280 167 000 000 000 000
0025 202 102 274 165 000 000 000 000
0026 196 106 272 165 000 000 000 000
0027 201 105 274 163 000 000 000 000
0028 196 099 277 166 000 000 000 000
0029 199 104 274 162 000 000 000 000
0030 199 104 274 161 000 000 000 000
0031 199 104 273 161 000 000 000 000
0032 199 104 272 161 000 000 000 000
0033 199 104 272 160 000 000 000 000
0034 199 100 272 159 000 000 000 000
0035 197 097 272 164 000 000 000 000
0036 197 107 275 164 000 000 000 000
0037 200 104 275 164 000 000 000 000
0038 194 112 274 169 000 000 000 000
0039 200 119 284 182 000 000 000 000
0040 210 134 287 193 000 000 000 000
0041 223 190 304 232 000 000 000 000
0042 231 217 294 239 000 000 000 000
