0002 174 213 207 237 000 000 000 000
0003 173 181 204 215 000 000 000 000
0004 168 158 205 200 000 000 000 000
0005 160 149 199 186 000 000 000 000
0006 176 149 214 190 000 000 000 000
0007 173 150 218 192 000 000 000 000
0008 175 151 219 192 000 000 000 000
0009 175 152 205 188 000 000 000 000
0010 162 151 207 189 000 000 000 000
0011 163 151 205 190 000 000 000 000
0012 161 150 208 192 000 000 000 000
0013 164 153 205 193 000 000 000 000
0014 156 164 199 204 000 000 000 000
0015 163 185 200 219 000 000 000 000
0016 164 216 202 238 000 000 000 000
