0002 082 176 105 213 000 000 000 000
0003 104 209 165 239 000 000 000 000
0004 117 206 180 236 000 000 000 000
0005 135 215 188 238 000 000 000 000
0006 148 217 197 236 000 000 000 000
0007 166 194 213 236 000 000 000 000
0008 168 159 221 204 000 000 000 000
0009 174 116 227 160 000 000 000 000
0010 174 084 225 127 000 000 000 000
0011 172 069 230 119 000 000 000 000
0012 175 061 228 113 000 000 000 000
0013 175 060 229 112 000 000 000 000
0014 175 058 229 114 000 000 000 000
0015 181 061 223 113 000 000 000 000
0016 176 059 228 111 000 000 000 000
0017 173 062 225 110 000 000 000 000
0018 175 060 228 114 000 000 000 000
0019 174 056 228 114 000 000 000 000
0020 173 061 226 113 000 000 000 000
0021 172 060 222 111 000 000 000 000
0022 169 059 222 112 000 000 000 000
0023 169 056 222 112 000 000 000 000
0024 169 059 221 112 000 000 000 000
0025 168 059 222 114 000 000 000 000
0026 170 061 220 116 000 000 000 000
0027 170 061 222 115 000 000 000 000
0028 165 061 220 115 000 000 000 000
0029 168 062 221 114 000 000 000 000
0030 170 062 222 114 000 000 000 000
0031 171 062 223 116 000 000 000 000
0032 170 063 222 115 000 000 000 000
0033 169 064 221 117 000 000 000 000
0034 166 068 221 116 000 000 000 000
0035 171 068 220 122 000 000 000 000
0036 167 073 216 123 000 000 000 000
0037 164 082 216 131 000 000 000 000
0038 151 125 213 177 000 000 000 000
0039 142 165 203 213 000 000 000 000
0040 132 213 192 238 000 000 000 000
