0001 137 218 188 239 000 000 000 000
0002 127 209 191 239 000 000 000 000
0003 123 210 189 238 000 000 000 000
0004 124 206 188 237 000 000 000 000
0005 124 202 191 234 000 000 000 000
0006 138 181 201 214 000 000 000 000
0007 157 155 208 194 000 000 000 000
0008 171 126 225 173 000 000 000 000
0009 188 095 242 153 000 000 000 000
0010 208 069 257 132 000 000 000 000
0011 221 054 269 115 000 000 000 000
0012 229 044 278 109 000 000 000 000
0013 235 040 283 102 000 000 000 000
0014 247 035 294 100 000 000 000 000
0015 253 033 300 099 000 000 000 000
0016 255 033 302 098 000 000 000 000
0017 253 032 302 097 000 000 000 000
0018 253 031 302 096 000 000 000 000
0019 257 031 302 097 000 000 000 000
0020 255 032 302 097 000 000 000 000
0021 255 034 302 099 000 000 000 000
0022 255 037 302 104 000 000 000 000
0023 255 040 302 103 000 000 000 000
0024 253 049 301 115 000 000 000 000
0025 254 074 303 135 000 000 000 000
0026 255 126 311 174 000 000 000 000
0027 254 192 311 239 000 000 000 000
0028 228 222 262 239 000 000 000 000
0034 081 224 113 239 000 000 000 000
0035 080 222 117 239 000 000 000 000
0036 081 222 118 239 000 000 000 000
0037 086 217 122 239 000 000 000 000
0038 082 217 118 236 000 000 000 000
0039 086 217 124 239 000 000 000 000
