0000 141 195 182 237 000 000 000 000
0001 135 147 177 181 000 000 000 000
0002 135 091 181 142 000 000 000 000
0003 130 067 182 124 000 000 000 000
0004 133 061 179 112 000 000 000 000
0005 133 061 179 109 000 000 000 000
0006 135 057 179 106 000 000 000 000
0007 134 056 179 107 000 000 000 000
0008 134 057 179 106 000 000 000 000
0009 135 057 180 106 000 000 000 000
0010 134 058 179 107 000 000 000 000
0011 129 059 177 104 000 000 000 000
0012 132 068 175 117 000 000 000 000
0013 140 100 187 149 074 212 115 239
0014 128 162 184 208 081 204 119 236
0015 137 190 181 237 085 205 126 237
0016 143 206 183 237 088 206 127 237
0017 090 206 126 236 144 207 182 237
0018 139 209 178 238 091 206 126 236
0019 091 207 126 237 143 210 181 237
0020 091 207 125 237 141 213 180 239
0021 089 208 125 236 143 211 183 237
0022 143 210 181 237 087 206 122 239
0023 142 210 181 239 083 210 115 238
0024 143 212 182 238 075 211 115 239
0025 140 214 179 238 067 211 120 236
0026 141 212 179 239 070 215 107 239
0027 140 213 178 239 068 212 109 239
0028 141 216 177 239 063 213 100 238
0029 064 215 097 239 143 218 177 239
0030 064 214 096 239 143 217 177 239
0031 062 212 101 235 142 218 177 239
0032 065 213 098 239 142 218 177 239
0033 066 213 098 239 142 218 177 239
0034 064 214 101 237 142 218 177 239
0035 067 213 098 239 141 218 176 239
0036 064 214 098 236 140 215 179 239
0037 065 210 098 239 140 215 179 239
0038 063 215 099 236 140 215 179 239
0039 063 214 099 236 141 214 179 239
0040 064 215 100 236 140 214 179 239
0041 068 217 099 239 140 214 179 239
0042 068 217 099 239 140 214 179 239
0043 068 217 099 239 140 214 179 239
0044 068 217 099 239 140 214 179 239
0045 065 215 102 236 140 213 179 239
0046 067 215 099 239 139 214 179 239
0047 139 215 179 239 065 212 101 239
0048 068 218 106 237 143 213 182 236
0049 071 215 107 239 143 213 182 236
0050 071 215 107 239 144 213 181 236
0051 070 215 110 239 144 213 181 236
0052 071 215 108 239 143 213 181 236
0053 067 219 107 237 143 213 181 236
0054 069 220 107 238 143 215 181 236
0055 069 218 109 239 139 215 179 239
0056 140 219 176 239 071 222 111 239
0057 143 216 178 239 000 000 000 000
0058 144 218 178 239 000 000 000 000
0059 140 215 178 239 000 000 000 000
0060 141 216 179 239 000 000 000 000
0061 141 216 178 239 000 000 000 000
0062 141 216 179 239 000 000 000 000
0063 142 216 178 239 000 000 000 000
0064 144 215 181 239 000 000 000 000
0065 144 215 181 239 000 000 000 000
0066 144 215 181 239 000 000 000 000
0067 144 215 181 239 000 000 000 000
0068 144 215 181 239 000 000 000 000
0069 144 216 181 239 000 000 000 000
0070 144 216 181 239 000 000 000 000
0071 141 216 179 239 000 000 000 000
0072 142 217 179 239 000 000 000 000
0073 142 216 179 239 000 000 000 000
0074 142 217 179 239 000 000 000 000
0075 142 216 179 239 000 000 000 000
0076 142 216 179 239 000 000 000 000
0077 142 217 179 239 000 000 000 000
0078 142 217 179 239 000 000 000 000
0079 147 215 177 235 000 000 000 000
0080 147 215 176 235 000 000 000 000
0081 147 216 177 235 000 000 000 000
0082 143 216 179 239 000 000 000 000
0083 141 215 179 239 000 000 000 000
0084 141 215 179 239 000 000 000 000
0085 141 215 179 239 000 000 000 000
0086 141 215 179 239 000 000 000 000
0087 141 216 179 239 000 000 000 000
