0003 063 223 092 239 000 000 000 000
0004 063 221 093 239 000 000 000 000
0005 063 223 095 239 125 221 162 239
0006 063 221 101 239 122 224 162 239
0007 065 219 106 239 123 222 161 238
0008 065 218 104 239 115 223 160 239
0009 067 220 102 239 106 223 151 239
0010 101 221 139 236 069 216 102 237
0011 078 209 111 239 098 211 131 238
0012 084 208 116 237 000 000 000 000
0013 079 203 109 238 000 000 000 000
0014 077 197 109 238 000 000 000 000
0015 077 188 107 237 000 000 000 000
0016 071 170 114 219 000 000 000 000
0017 072 149 118 203 000 000 000 000
0018 076 126 113 185 000 000 000 000
0019 078 111 116 173 000 000 000 000
0020 075 101 120 160 000 000 000 000
0021 080 085 113 152 000 000 000 000
0022 079 084 113 141 000 000 000 000
0023 084 080 120 141 000 000 000 000
0024 085 078 119 137 000 000 000 000
0025 081 074 115 135 000 000 000 000
0026 081 072 115 133 000 000 000 000
0027 081 072 115 133 000 000 000 000
0028 080 073 114 137 000 000 000 000
0029 084 081 117 136 073 075 098 142
0030 084 080 117 135 072 074 098 141
0031 081 070 116 134 000 000 000 000
0032 084 079 118 135 000 000 000 000
0033 084 079 118 136 000 000 000 000
0034 084 081 118 134 000 000 000 000
0035 080 072 118 136 000 000 000 000
0036 081 075 116 136 000 000 000 000
0037 085 084 118 135 071 081 096 145
0038 081 075 114 136 000 000 000 000
0039 084 084 118 136 071 081 096 145
0040 084 083 118 137 000 000 000 000
0041 081 074 113 136 000 000 000 000
0042 080 076 114 135 000 000 000 000
0043 080 080 115 136 000 000 000 000
0044 085 083 118 139 000 000 000 000
0045 088 104 117 157 074 101 096 161
0046 085 118 120 181 072 123 095 184
0047 075 161 130 213 000 000 000 000
0048 097 197 143 237 067 201 099 236
0049 062 212 098 239 109 216 149 238
0050 058 217 099 239 125 223 165 239
0051 063 221 100 239 124 222 164 239
0052 063 221 100 239 124 223 165 239
0053 063 221 100 239 000 000 000 000
0054 063 222 096 238 000 000 000 000
0055 063 221 097 239 000 000 000 000
0056 063 221 097 239 000 000 000 000
0058 066 223 098 239 000 000 000 000
0060 066 223 098 239 000 000 000 000
0061 062 221 095 238 000 000 000 000
0062 065 223 098 239 000 000 000 000
0063 065 223 098 239 000 000 000 000
