0000 116 194 137 223 195 199 214 225
0001 111 185 136 217 193 176 216 217
0002 113 177 136 208 190 168 211 204
0003 115 170 137 199 189 159 210 194
0004 182 149 204 178 120 155 140 184
0005 181 143 203 170 117 138 139 168
0006 188 129 211 156 115 131 139 157
0007 111 113 135 141 199 106 226 141
0008 203 097 227 133 106 102 130 130
0009 211 094 252 135 088 095 115 121
0010 051 096 085 118 241 089 296 116
0011 034 099 074 122 263 093 311 113
0012 274 091 315 111 019 099 056 121
0013 276 089 318 111 015 102 043 126
0014 017 120 043 144 276 106 312 128
0015 024 145 055 165 274 132 305 156
0016 052 172 080 194 250 155 285 190
0017 251 174 281 204 066 178 096 205
0018 063 176 094 203 248 156 281 191
0019 054 168 082 193 255 148 287 176
0020 052 146 081 171 242 124 285 151
0021 055 120 093 146 227 105 280 134
0022 066 104 106 129 218 094 266 132
0023 207 092 246 134 083 099 117 125
0024 091 102 123 125 206 089 235 131
0025 196 094 221 133 123 112 145 137
0026 192 090 222 133 124 112 148 138
0027 186 093 226 139 128 120 158 146
0028 185 124 207 154 127 137 150 166
0029 127 165 149 196 182 167 203 196
0030 185 193 205 229 128 185 147 219
0031 126 194 147 228 187 201 205 234
0032 126 195 147 229 187 201 206 234
