0003 135 213 175 239 039 225 078 239
0004 049 216 096 239 130 209 170 239
0005 055 218 108 239 124 209 165 239
0006 058 216 111 239 119 206 166 239
0007 122 187 168 234 066 206 119 236
0008 124 169 168 223 071 188 120 223
0009 070 164 120 207 126 149 176 210
0010 071 142 119 190 132 128 181 191
0011 067 122 118 175 133 108 183 176
0012 064 104 113 160 138 092 188 161
0013 060 087 108 148 143 079 192 146
0014 054 078 103 140 145 072 195 138
0015 047 070 100 132 151 061 201 128
0016 042 062 093 128 157 057 206 121
0017 036 059 087 124 164 054 213 116
0018 030 057 081 123 172 051 218 116
0019 025 055 077 124 176 051 222 114
0020 178 047 226 109 024 054 074 123
0021 024 054 075 122 183 047 222 114
0022 025 055 074 122 179 047 226 110
0023 025 057 074 123 179 048 227 111
0024 026 062 075 130 176 053 218 119
0025 035 091 078 150 172 076 216 132
0026 169 120 212 169 033 152 080 201
0027 034 199 077 236 164 171 202 222
0028 036 216 079 239 154 207 190 237
0029 037 222 075 237 000 000 000 000
0030 038 223 081 239 000 000 000 000
