0000 201 209 228 238 130 209 151 238
0001 201 209 228 238 126 206 153 237
0002 202 209 228 238 130 207 152 239
0003 201 209 227 239 129 207 153 238
0004 202 209 228 239 127 205 151 239
0005 120 207 145 239 201 209 227 239
0006 118 199 144 237 201 210 227 238
0007 115 190 145 228 200 210 227 239
0008 200 210 227 239 111 184 139 226
0009 106 182 137 225 200 209 227 239
0010 100 174 129 217 201 209 228 239
0011 091 173 122 217 202 208 228 239
0012 092 171 123 213 203 208 228 238
0013 103 172 130 212 203 208 229 239
0014 112 174 141 209 202 210 228 239
0015 121 173 152 213 201 210 227 239
0016 120 171 154 213 201 210 227 238
0017 111 168 143 211 200 209 227 238
0018 100 168 128 211 200 209 227 238
0019 085 168 122 213 200 209 228 238
0020 081 166 114 215 201 208 228 237
0021 091 172 120 213 201 209 227 237
0022 200 209 226 238 110 173 140 212
0023 199 209 226 238 120 169 149 208
0024 121 169 155 210 200 208 227 239
0025 121 165 154 209 196 208 224 237
0026 115 165 145 211 196 207 224 237
0027 104 165 132 213 197 207 224 237
0028 093 168 123 216 200 209 227 238
0029 092 171 121 220 200 209 227 238
0030 098 177 127 223 200 209 227 239
0031 101 181 129 224 200 209 227 239
0032 105 188 132 231 200 210 227 239
0033 114 194 138 231 200 209 227 239
0034 200 209 227 239 119 196 140 231
0035 121 201 144 238 201 209 227 238
0036 124 207 146 239 201 210 227 239
0037 200 210 227 239 123 205 149 237
0038 200 209 227 239 123 204 150 237
0039 200 209 227 239 126 206 148 238
0040 202 209 226 238 126 204 148 239
