0000 093 214 120 239 177 210 201 239
0001 092 209 119 236 177 210 200 239
0002 177 210 200 239 092 210 118 236
0003 092 210 119 237 177 210 200 239
0004 091 209 116 238 177 210 200 239
0005 090 209 116 239 177 212 200 239
0006 093 211 118 237 176 211 199 239
0007 092 210 119 237 174 215 196 239
0008 091 210 120 237 173 214 195 238
0009 094 212 121 239 174 211 199 237
0010 100 204 128 238 179 196 209 237
0011 172 166 213 216 109 190 136 226
0012 169 142 208 190 112 174 141 207
0013 116 143 146 177 158 112 197 139
0014 118 117 147 153 140 089 184 112
0015 123 099 149 139 132 079 170 101
0016 124 099 151 133 126 082 163 103
0017 122 084 162 104 126 094 151 132
0018 120 084 158 102 124 100 149 128
0019 120 087 161 105 122 098 152 133
0020 121 087 162 106 127 096 150 130
0021 127 099 153 126 120 083 158 101
0022 127 100 152 128 125 084 163 104
0023 127 099 152 127 120 082 158 101
0024 121 086 161 104 125 101 153 131
0025 121 085 161 104 125 101 153 132
0026 122 085 163 104 125 100 153 131
0027 119 082 158 101 124 096 152 134
0028 128 101 153 128 120 082 158 101
0029 125 103 157 140 122 093 168 111
0030 124 127 153 154 129 106 172 130
0031 159 160 191 209 111 172 140 203
0032 100 197 128 230 170 194 199 237
0033 094 208 120 237 170 208 197 238
0034 169 211 191 237 094 214 119 237
0035 170 211 193 237 093 212 117 238
0036 172 214 196 239 094 213 119 235
0037 171 213 196 239 094 213 119 236
0038 169 210 193 238 093 215 118 237
0039 170 211 192 238 095 210 121 239
0040 170 210 193 237 095 214 119 237
0041 170 210 193 238 095 214 119 237
