0000 145 222 177 239 000 000 000 000
0001 141 201 182 236 000 000 000 000
0002 136 146 180 207 000 000 000 000
0003 136 117 173 193 000 000 000 000
0004 134 099 174 179 000 000 000 000
0005 130 086 170 169 000 000 000 000
0006 130 083 170 163 000 000 000 000
0007 129 080 170 161 000 000 000 000
0008 131 075 169 157 000 000 000 000
0009 131 071 173 158 000 000 000 000
0010 131 071 170 159 000 000 000 000
0011 130 072 173 156 000 000 000 000
0012 130 075 169 157 000 000 000 000
0013 131 075 170 158 000 000 000 000
0014 130 077 172 159 000 000 000 000
0015 130 077 169 159 000 000 000 000
0016 130 077 169 158 000 000 000 000
0017 131 076 170 157 000 000 000 000
0018 131 077 170 157 000 000 000 000
0019 132 078 170 158 000 000 000 000
0020 132 077 170 158 000 000 000 000
0021 128 078 169 158 000 000 000 000
0022 128 077 169 157 000 000 000 000
0023 132 077 170 157 000 000 000 000
0024 131 077 170 158 000 000 000 000
0025 131 076 170 158 000 000 000 000
0026 130 076 170 157 000 000 000 000
0027 130 077 171 156 000 000 000 000
0028 132 079 170 158 000 000 000 000
0029 131 078 170 159 000 000 000 000
0030 132 078 172 157 000 000 000 000
0031 135 090 177 165 000 000 000 000
0032 142 122 183 188 000 000 000 000
0033 142 182 179 234 000 000 000 000
