0004 129 210 165 239 000 000 000 000
0005 146 167 193 221 000 000 000 000
0006 162 109 218 181 000 000 000 000
0007 171 079 229 157 000 000 000 000
0008 178 059 236 135 000 000 000 000
0009 179 049 240 130 000 000 000 000
0010 182 046 241 124 000 000 000 000
0011 188 041 246 117 000 000 000 000
0012 183 042 241 120 000 000 000 000
0013 182 044 241 123 000 000 000 000
0014 184 042 242 121 000 000 000 000
0015 184 042 241 120 000 000 000 000
0016 181 047 240 125 000 000 000 000
0017 177 038 239 124 000 000 000 000
0018 180 043 242 125 000 000 000 000
0019 178 050 238 128 000 000 000 000
0020 175 051 233 131 000 000 000 000
0021 164 060 221 139 000 000 000 000
0022 149 090 191 150 000 000 000 000
0023 128 136 163 192 000 000 000 000
0024 113 184 152 234 000 000 000 000
