0006 029 209 069 236 000 000 000 000
0007 029 181 066 230 000 000 000 000
0008 031 123 074 180 000 000 000 000
0009 035 089 074 158 000 000 000 000
0010 038 068 077 140 000 000 000 000
0011 039 056 085 127 000 000 000 000
0012 042 050 081 123 000 000 000 000
0013 044 045 082 117 000 000 000 000
0014 045 039 082 112 000 000 000 000
0015 045 039 082 108 000 000 000 000
0016 046 035 086 106 000 000 000 000
0017 045 034 082 104 000 000 000 000
0018 045 032 081 103 000 000 000 000
0019 042 033 077 102 000 000 000 000
0020 046 036 081 102 000 000 000 000
0021 049 037 089 106 000 000 000 000
0022 050 036 090 107 000 000 000 000
0023 051 037 090 108 000 000 000 000
0024 061 043 101 111 000 000 000 000
0025 057 041 095 110 000 000 000 000
0026 060 043 102 113 000 000 000 000
0027 067 048 107 114 000 000 000 000
0028 067 049 107 119 000 000 000 000
0029 075 065 119 125 000 000 000 000
0030 076 071 120 133 000 000 000 000
0031 081 085 129 143 000 000 000 000
0032 079 094 126 149 000 000 000 000
0033 074 104 126 154 000 000 000 000
0034 075 109 128 155 000 000 000 000
0035 073 107 124 156 000 000 000 000
0036 074 100 120 147 215 205 268 239
0037 072 084 118 134 215 164 273 220
0038 072 073 120 127 208 134 267 176
0039 073 070 119 123 201 112 257 149
0040 081 074 125 128 197 106 249 139
0041 196 108 248 145 084 086 137 138
0042 200 127 264 168 097 120 159 162
0043 204 144 272 189 102 139 159 185
0044 204 135 264 174 106 129 167 170
0045 204 137 267 179 107 125 167 168
0046 212 154 280 203 111 137 171 177
0047 204 146 270 192 109 134 172 180
0048 205 147 279 193 112 134 173 179
0049 114 142 175 190 213 157 282 213
0050 205 153 276 201 114 137 175 182
0051 212 159 280 211 113 138 177 182
0052 118 148 177 197 210 170 284 225
0053 214 169 279 226 112 144 175 194
0054 110 160 175 207 219 186 281 239
0055 107 168 174 221 214 188 271 239
0056 099 183 153 231 217 195 269 239
0057 095 197 145 238 216 220 254 239
0058 092 206 135 237 000 000 000 000
0059 090 207 132 236 000 000 000 000
0060 087 212 128 237 000 000 000 000
0061 091 212 132 236 000 000 000 000
0062 090 212 129 235 000 000 000 000
0063 087 214 126 236 000 000 000 000
0067 086 218 122 237 000 000 000 000
0068 086 221 121 238 000 000 000 000
0069 085 218 124 239 000 000 000 000
0071 084 221 123 239 000 000 000 000
0072 082 220 122 239 000 000 000 000
0073 081 221 124 237 000 000 000 000
0074 083 222 123 239 000 000 000 000
