0000 137 192 163 229 081 200 099 234
0001 137 193 163 229 081 201 100 235
0002 080 200 099 235 134 193 160 232
0003 079 199 099 231 128 189 159 224
0004 114 171 151 208 072 184 094 213
0005 097 128 136 161 058 131 083 160
0006 068 063 115 107 000 000 000 000
0007 074 050 111 074 102 060 136 085
0008 080 038 138 067 000 000 000 000
0009 085 031 126 055 000 000 000 000
0010 087 029 127 053 000 000 000 000
0011 086 030 127 054 000 000 000 000
0012 085 031 125 053 111 031 141 058
0013 080 036 120 059 119 036 152 058
0014 066 037 102 064 139 036 177 063
0015 157 039 193 072 055 039 096 068
0016 054 039 093 071 158 040 190 075
0017 051 054 088 084 150 067 178 096
0018 128 110 161 140 049 103 078 135
0019 123 160 155 194 058 156 079 189
0020 068 191 095 232 129 185 157 228
0021 081 204 101 238 131 195 159 234
0022 133 195 160 232 081 205 099 235
0023 131 194 159 232 080 204 100 237
