0000 098 214 132 237 000 000 000 000
0001 098 213 131 237 000 000 000 000
0002 095 211 133 237 000 000 000 000
0003 062 199 122 235 000 000 000 000
0004 052 170 108 218 000 000 000 000
0005 044 133 095 182 000 000 000 000
0006 046 096 092 150 000 000 000 000
0007 052 077 091 135 000 000 000 000
0008 048 072 093 128 000 000 000 000
0009 048 072 093 127 000 000 000 000
0010 048 074 095 129 000 000 000 000
0011 048 073 094 129 000 000 000 000
0012 045 077 091 130 000 000 000 000
0013 049 078 095 131 000 000 000 000
0014 050 078 094 131 000 000 000 000
0015 050 078 094 131 000 000 000 000
0016 046 079 092 133 000 000 000 000
0017 044 080 090 135 000 000 000 000
0018 054 103 096 151 000 000 000 000
0019 051 140 103 185 000 000 000 000
0020 076 179 123 231 000 000 000 000
0021 089 197 131 237 000 000 000 000
0022 103 214 140 238 000 000 000 000
0023 105 214 140 238 000 000 000 000
0024 104 211 140 237 000 000 000 000
0025 104 210 140 237 000 000 000 000
