0004 146 222 180 239 000 000 000 000
0005 151 219 187 239 000 000 000 000
0006 157 215 194 239 000 000 000 000
0007 165 206 209 239 000 000 000 000
0008 179 196 222 239 000 000 000 000
0009 194 172 239 223 000 000 000 000
0010 198 151 246 195 000 000 000 000
0011 199 132 248 174 000 000 000 000
0012 199 117 248 160 000 000 000 000
0013 198 106 247 151 000 000 000 000
0014 199 103 248 148 000 000 000 000
0015 201 102 254 148 000 000 000 000
0016 202 103 256 149 000 000 000 000
0017 207 105 260 147 000 000 000 000
0018 207 105 261 148 000 000 000 000
0019 207 106 261 148 000 000 000 000
0020 208 105 262 146 000 000 000 000
0021 208 107 264 147 000 000 000 000
0022 210 107 266 147 000 000 000 000
0023 209 105 265 147 000 000 000 000
0024 211 105 266 145 000 000 000 000
0025 208 104 265 147 000 000 000 000
0026 208 104 265 146 000 000 000 000
0027 209 106 264 146 000 000 000 000
0028 207 105 264 146 000 000 000 000
0029 207 109 263 149 000 000 000 000
0030 205 111 261 154 000 000 000 000
0031 197 131 250 176 000 000 000 000
0032 180 173 233 225 000 000 000 000
0033 152 213 191 239 000 000 000 000
