0000 124 142 150 161 185 213 209 238
0001 122 139 150 159 185 213 209 238
0002 124 142 150 161 185 213 209 238
0003 123 139 150 158 188 213 211 239
0004 123 139 150 158 188 213 211 239
0005 124 140 151 160 188 213 211 239
0006 124 139 150 160 188 213 212 239
0007 124 140 151 161 188 213 212 239
0008 123 140 151 162 188 212 212 239
0009 123 140 150 161 188 212 212 239
0010 124 140 150 161 188 212 211 239
0011 124 141 151 162 184 209 209 238
0012 176 188 202 223 123 142 149 162
0013 123 138 150 158 176 141 204 168
0014 124 142 150 161 174 091 205 119
0015 174 069 204 095 124 142 150 162
0016 124 141 147 162 173 068 204 093
0017 122 139 149 158 168 065 201 088
0018 122 140 149 159 169 063 199 085
0019 122 142 147 163 168 066 199 087
0020 122 140 150 160 167 066 199 087
0021 122 140 149 160 167 063 197 084
0022 122 139 149 159 168 065 199 087
0023 123 140 150 161 168 066 199 089
0024 125 139 147 160 169 067 199 088
0025 123 140 149 162 170 065 208 094
0026 178 085 210 117 122 140 149 159
0027 180 144 212 176 123 141 149 162
0028 183 197 209 236 122 141 149 160
0029 179 207 204 237 123 139 148 163
