0000 043 182 095 236 173 164 202 200
0001 073 187 127 234 168 157 198 193
0002 087 185 139 234 166 163 196 198
0003 152 177 189 218 090 190 142 230
0004 146 192 183 234 092 192 138 231
0005 089 188 134 232 146 196 178 229
0006 087 190 129 233 148 208 173 233
0007 087 192 129 235 145 213 168 237
0008 087 193 130 234 000 000 000 000
0009 088 193 132 236 148 207 169 234
0010 086 187 151 233 000 000 000 000
0011 093 177 155 227 000 000 000 000
0012 095 172 163 222 131 202 172 239
0013 106 154 161 202 139 180 175 231
0014 109 135 174 186 000 000 000 000
0015 108 126 180 174 000 000 000 000
0016 115 112 185 159 000 000 000 000
0017 116 098 181 148 140 142 184 197
0018 118 102 185 149 133 141 172 189
0019 116 096 186 145 141 131 181 182
0020 117 094 182 142 142 143 183 193
0021 133 133 172 185 117 094 183 142
0022 114 097 180 142 134 126 173 181
0023 112 096 180 143 146 135 179 187
0024 116 096 180 144 137 137 174 194
0025 114 098 180 143 135 134 171 181
0026 111 101 183 146 144 144 183 197
0027 111 102 180 148 134 139 172 195
0028 104 110 175 159 133 130 173 188
0029 113 118 166 163 140 146 176 197
0030 132 187 174 231 100 153 156 198
0031 091 193 146 232 000 000 000 000
0032 074 207 123 235 000 000 000 000
0033 072 212 118 239 000 000 000 000
