0002 111 223 141 239 000 000 000 000
0003 089 220 123 239 000 000 000 000
0004 054 178 100 234 000 000 000 000
0005 048 141 094 200 000 000 000 000
0006 049 113 095 178 000 000 000 000
0007 051 109 092 175 000 000 000 000
0008 051 109 092 176 000 000 000 000
0009 049 110 090 176 000 000 000 000
0010 048 108 090 174 000 000 000 000
0011 049 107 090 176 000 000 000 000
0012 049 105 089 174 000 000 000 000
0013 048 106 090 174 000 000 000 000
0014 050 106 090 172 000 000 000 000
0015 050 107 091 173 000 000 000 000
0016 049 107 091 173 000 000 000 000
0017 050 105 092 172 000 000 000 000
0018 053 108 098 173 000 000 000 000
0019 057 112 097 177 000 000 000 000
0020 073 141 114 197 000 000 000 000
0021 095 206 132 238 000 000 000 000
