0000 087 198 108 230 165 212 184 239
0001 087 199 105 228 170 205 202 236
0002 084 197 106 230 170 205 197 236
0003 162 168 188 218 083 198 106 231
0004 083 196 106 231 162 138 190 176
0005 085 197 107 230 164 107 197 132
0006 171 094 210 122 085 197 107 231
0007 188 099 241 131 086 197 107 230
0008 204 114 251 140 085 196 106 230
0009 204 116 254 145 084 197 104 229
0010 206 118 255 146 083 197 104 230
0011 083 198 104 230 208 118 255 147
0012 210 122 255 149 084 198 106 231
0013 085 198 107 232 207 132 253 159
0014 206 146 248 176 086 197 107 230
0015 086 198 107 229 203 166 239 198
0016 086 198 107 229 192 185 227 220
0017 086 199 106 231 171 211 195 238
0018 086 199 106 230 164 205 181 236
0019 086 201 105 233 158 200 177 232
