0001 124 215 164 239 177 213 220 239
0002 179 185 226 239 120 191 166 238
0003 179 154 226 226 121 165 172 232
0004 183 126 228 213 123 138 168 222
0005 126 128 176 220 181 113 225 208
0006 130 119 176 212 179 103 221 193
0007 128 109 174 207 176 096 217 195
0008 128 113 172 204 168 104 212 193
0009 129 113 175 208 165 111 211 197
0010 129 114 174 214 168 113 209 207
0011 125 117 172 210 167 113 210 207
0012 162 105 207 211 128 113 170 215
0013 164 108 207 213 130 114 170 211
0014 167 117 210 209 128 114 172 213
0015 127 115 173 205 167 111 210 203
0016 164 120 216 181 124 118 165 172
0017 170 145 218 198 122 137 161 194
0018 169 193 212 234 126 189 168 239
0019 170 216 208 239 000 000 000 000
