0007 149 224 188 239 000 000 000 000
0008 127 197 176 231 000 000 000 000
0009 114 176 163 215 000 000 000 000
0010 092 147 144 196 000 000 000 000
0011 085 153 138 198 000 000 000 000
0012 083 162 143 206 000 000 000 000
0013 094 169 156 208 000 000 000 000
0014 102 167 171 203 000 000 000 000
0015 130 147 182 199 118 179 159 206
0016 135 157 163 189 151 121 184 163
0017 151 100 185 146 142 142 164 172
0018 151 056 193 101 143 078 174 124
0019 157 037 208 074 000 000 000 000
0020 175 006 225 055 000 000 000 000
0021 197 003 240 057 000 000 000 000
0022 208 009 250 061 000 000 000 000
0023 207 014 251 067 000 000 000 000
0024 209 017 250 066 000 000 000 000
0025 207 017 251 066 000 000 000 000
0026 209 019 252 069 000 000 000 000
0027 208 019 252 071 000 000 000 000
0028 207 021 252 072 000 000 000 000
0029 207 021 252 071 000 000 000 000
