0000 191 196 229 234 119 211 157 239
0001 198 193 231 230 120 211 157 239
0002 119 209 158 239 199 183 234 213
0003 122 202 163 237 202 172 232 202
0004 124 194 166 237 203 168 238 205
0005 124 184 171 235 197 161 235 207
0006 130 173 175 226 192 152 231 200
0007 134 159 177 213 190 143 228 192
0008 138 144 177 203 189 131 223 193
0009 139 137 175 201 190 130 226 188
0010 138 131 176 196 191 128 230 188
0011 137 130 176 191 189 125 228 191
0012 136 126 178 192 190 125 229 191
0013 188 127 230 190 138 126 179 195
0014 140 129 178 190 186 130 228 193
0015 184 128 225 198 140 130 178 190
0016 142 130 178 195 186 134 228 199
0017 142 131 179 195 187 136 227 200
0018 144 132 179 194 187 136 227 199
0019 143 131 180 194 185 136 226 198
0020 143 132 181 195 185 136 226 199
0021 187 137 229 201 142 131 175 193
0022 132 130 170 199 193 135 232 199
0023 121 133 169 200 199 138 235 202
0024 124 132 163 197 197 138 240 202
0025 128 131 165 199 199 139 237 202
0026 131 137 170 203 195 140 236 202
0027 189 141 234 201 135 139 172 206
0028 131 142 174 198 188 145 232 199
0029 129 156 174 206 182 150 227 206
0030 133 168 177 220 182 156 227 215
0031 132 187 176 236 187 166 232 230
0032 196 186 239 239 127 207 164 237
0033 201 199 244 239 124 213 160 238
