0000 116 197 140 229 198 199 216 230
0001 115 198 138 229 201 200 220 234
0002 112 200 134 229 204 201 225 234
0003 102 202 127 231 219 205 237 235
0004 075 200 101 229 229 204 256 236
0005 061 196 099 227 236 198 260 233
0006 047 169 081 203 000 000 000 000
0007 041 132 078 164 202 109 237 145
0008 045 103 078 134 202 079 230 125
0009 047 091 083 125 201 068 230 114
0010 201 073 232 120 049 091 083 127
0011 051 106 083 139 206 091 234 130
0012 052 127 083 161 200 109 235 148
0013 060 155 095 189 216 155 242 192
0014 074 178 101 211 215 171 240 207
0015 093 188 116 226 209 182 227 215
0016 201 189 223 231 105 195 131 233
0017 112 196 134 229 200 195 221 234
0018 114 200 137 233 195 194 217 232
0019 115 200 138 233 193 198 211 234
