0000 189 193 215 229 115 196 136 228
0001 114 197 136 228 196 150 223 185
0002 115 196 136 229 202 098 230 135
0003 205 057 235 092 115 198 135 229
0004 204 048 235 080 114 197 135 228
0005 202 057 231 086 113 197 134 230
0006 202 073 231 098 114 200 134 231
0007 206 108 234 138 116 198 135 229
0008 205 108 233 138 116 195 138 227
0009 202 082 229 113 119 200 137 226
0010 201 056 228 086 120 196 138 227
0011 200 044 228 074 117 196 137 229
0012 201 046 229 075 118 194 137 229
0013 202 067 230 096 121 198 138 225
0014 121 197 139 223 202 086 229 115
0015 198 108 225 142 119 196 137 223
0016 119 196 138 227 197 132 224 162
0017 118 198 138 229 200 151 224 181
0018 119 195 140 227 200 188 223 213
0019 192 202 216 235 118 197 138 227
0020 120 200 138 226 189 207 215 234
0021 192 205 215 234 118 197 138 228
0022 193 207 216 236 119 197 140 228
0023 120 200 138 225 193 207 216 234
