0000 105 207 128 236 180 188 199 220
0001 105 207 127 237 178 190 198 221
0002 099 210 124 236 182 190 204 223
0003 072 205 095 235 217 178 240 206
0004 245 124 276 149 037 149 068 176
0005 051 070 080 106 229 059 257 093
0006 192 034 219 067 083 039 109 064
0007 158 042 190 069 101 042 129 066
0008 159 074 194 097 000 000 000 000
0009 160 072 189 094 000 000 000 000
0010 160 066 191 092 000 000 000 000
0011 160 066 192 092 000 000 000 000
0012 156 067 187 093 000 000 000 000
0013 156 067 187 093 000 000 000 000
0014 157 066 189 094 000 000 000 000
0015 157 064 185 088 101 067 133 088
0016 180 064 208 094 095 066 119 089
0017 068 124 093 151 212 122 241 151
0018 077 182 102 209 208 173 232 200
0019 091 200 114 231 195 186 215 224
0020 110 207 133 236 180 189 199 222
0021 107 207 131 237 179 188 199 222
0022 104 207 127 238 178 189 198 222
