0000 081 209 104 238 000 000 000 000
0001 083 206 105 235 180 201 195 228
0002 081 213 103 238 178 207 204 237
0003 185 211 210 238 080 217 104 239
0004 182 214 211 239 095 214 127 239
0005 117 200 158 236 174 214 206 238
0006 131 197 173 237 163 158 234 211
0007 093 182 146 233 192 136 248 180
0008 076 168 132 216 196 130 248 174
0009 069 164 125 213 199 131 245 174
0010 073 164 126 214 199 135 241 178
0011 074 166 129 214 197 135 239 177
0012 079 169 132 221 191 136 236 180
0013 084 171 135 222 196 142 238 185
0014 104 181 156 232 180 149 225 198
0015 130 193 170 235 153 165 200 213
0016 124 189 157 235 156 208 187 239
0017 088 208 125 237 170 208 195 235
0018 178 208 201 239 074 214 100 239
