0014 161 213 193 239 000 000 000 000
0015 178 190 217 232 000 000 000 000
0016 190 154 238 196 000 000 000 000
0017 197 138 247 177 000 000 000 000
0018 198 123 259 158 000 000 000 000
0019 198 110 256 144 000 000 000 000
0020 201 103 255 137 000 000 000 000
0021 196 094 255 127 000 000 000 000
0022 196 087 253 118 000 000 000 000
0023 198 084 255 117 000 000 000 000
0024 195 079 252 112 000 000 000 000
0025 192 077 252 111 000 000 000 000
0026 186 074 248 109 000 000 000 000
0027 184 073 244 107 000 000 000 000
0028 187 072 245 107 000 000 000 000
0029 186 071 246 104 000 000 000 000
0030 185 071 245 107 000 000 000 000
0031 183 069 242 105 000 000 000 000
0032 183 069 241 105 000 000 000 000
0033 180 071 237 107 000 000 000 000
0034 179 071 236 106 000 000 000 000
0035 179 070 236 106 000 000 000 000
0036 178 071 234 106 000 000 000 000
0037 177 072 241 107 000 000 000 000
0038 182 072 235 108 000 000 000 000
0039 182 072 235 109 000 000 000 000
0040 182 072 235 108 000 000 000 000
0041 177 073 235 108 000 000 000 000
0042 182 072 234 108 000 000 000 000
0043 182 071 234 107 000 000 000 000
0044 182 071 238 106 000 000 000 000
0045 180 070 238 106 000 000 000 000
0046 179 069 237 106 000 000 000 000
0047 180 068 237 106 000 000 000 000
0048 180 068 236 105 000 000 000 000
0049 180 068 235 105 000 000 000 000
0050 179 067 235 105 000 000 000 000
0051 180 068 234 105 000 000 000 000
0052 174 070 225 107 000 000 000 000
0053 165 098 198 150 000 000 000 000
0054 149 121 192 171 000 000 000 000
0055 119 172 167 224 000 000 000 000
0056 108 202 151 238 000 000 000 000
0057 101 215 141 239 000 000 000 000
