0000 129 215 158 238 218 221 241 238
0001 129 215 158 237 223 216 248 239
0002 130 216 153 239 234 216 260 239
0003 129 217 153 238 240 212 269 239
0004 251 203 280 236 129 219 157 239
0005 258 194 291 223 128 219 152 239
0006 262 188 298 218 130 216 156 239
0007 274 178 311 204 126 217 153 239
0008 282 165 318 189 125 223 149 239
0009 291 139 319 164 119 221 148 239
0010 114 221 142 238 271 108 314 135
0011 280 047 312 091 112 223 136 239
0012 245 015 273 061 109 221 134 238
0013 199 012 236 047 110 223 137 239
0014 182 015 220 049 108 221 135 239
0015 156 031 196 056 112 219 139 239
0016 152 036 192 061 110 223 134 239
0017 157 036 197 061 112 222 135 239
0018 172 037 208 064 106 221 135 239
0019 188 037 229 072 000 000 000 000
0020 212 047 247 085 000 000 000 000
0021 241 066 268 112 000 000 000 000
0022 255 085 286 133 000 000 000 000
0023 263 143 303 172 000 000 000 000
0024 261 170 299 196 000 000 000 000
0025 256 179 295 206 000 000 000 000
0026 264 173 295 197 000 000 000 000
0027 273 156 306 180 000 000 000 000
0028 257 122 315 150 000 000 000 000
0029 263 079 311 116 000 000 000 000
0030 262 048 298 086 000 000 000 000
0031 221 010 256 045 102 222 127 237
0032 175 009 211 043 099 224 123 239
0033 154 023 189 048 099 224 123 239
0034 143 031 182 056 102 224 127 239
0035 141 037 182 061 101 222 126 237
0036 145 041 183 062 100 222 127 239
0037 154 042 193 067 100 221 126 239
0038 162 047 198 073 100 224 123 239
0039 178 063 221 099 100 224 123 239
0040 196 087 229 123 098 222 128 239
0041 220 125 247 171 099 222 129 239
0042 209 182 247 224 101 223 127 239
0043 105 224 129 239 200 216 221 236
0044 101 219 131 239 196 215 215 237
0045 199 211 221 238 107 221 132 238
0046 200 210 222 237 102 219 131 239
0047 196 210 219 237 104 221 134 239
0048 107 222 137 239 192 211 219 239
