0011 230 207 268 237 000 000 000 000
0012 227 177 267 239 000 000 000 000
0013 229 152 271 217 000 000 000 000
0014 225 141 272 198 000 000 000 000
0015 218 131 261 190 000 000 000 000
0016 194 125 236 173 000 000 000 000
0017 157 119 209 164 000 000 000 000
0018 140 120 199 159 000 000 000 000
0019 141 119 199 160 000 000 000 000
0020 151 120 207 164 000 000 000 000
0021 172 124 211 175 000 000 000 000
0022 194 136 232 186 000 000 000 000
0023 215 142 251 200 000 000 000 000
0024 219 141 258 206 000 000 000 000
0025 207 129 247 187 000 000 000 000
0026 187 117 229 161 000 000 000 000
0027 165 112 215 152 000 000 000 000
0028 144 110 204 150 000 000 000 000
0029 138 117 205 156 000 000 000 000
0030 150 119 210 163 000 000 000 000
0031 165 127 214 180 000 000 000 000
0032 183 140 220 194 000 000 000 000
0033 182 152 227 195 000 000 000 000
0034 186 182 228 224 000 000 000 000
0035 189 209 229 238 000 000 000 000
