0000 154 202 205 237 055 223 100 239
0001 154 200 206 237 051 216 107 239
0002 053 201 107 239 141 183 198 232
0003 047 181 098 235 122 161 175 218
0004 036 174 086 229 105 149 167 191
0005 093 126 164 165 035 134 074 193
0006 105 111 170 152 043 107 083 160
0007 118 106 177 158 053 097 096 147
0008 133 118 192 170 068 107 122 155
0009 141 127 202 167 075 118 130 162
0010 089 126 139 176 145 129 209 161
0011 097 118 143 167 151 114 211 152
0012 102 109 152 157 156 108 214 148
0013 163 095 220 144 111 099 163 144
0014 118 094 171 139 172 098 224 154
0015 179 105 235 158 122 102 179 142
0016 183 108 239 162 124 107 184 146
0017 193 118 246 163 142 113 198 150
0018 144 111 213 157 201 116 254 155
0019 146 109 212 158 197 115 261 150
0020 147 110 208 160 200 111 264 152
0021 197 111 251 153 138 115 208 156
0022 189 111 241 157 130 113 191 157
0023 121 113 177 153 186 111 229 158
0024 099 129 165 163 167 123 226 165
0025 091 145 157 175 159 137 227 177
0026 084 156 148 190 152 154 224 189
0027 081 161 146 204 156 153 225 195
0028 078 158 145 207 151 149 225 191
0029 076 149 136 197 150 138 225 177
0030 076 137 139 182 158 129 227 164
0031 073 124 138 157 156 119 231 154
0032 072 115 139 147 154 108 224 147
0033 156 095 228 143 076 100 140 143
0034 158 090 228 144 076 100 140 145
0035 075 100 143 151 156 090 224 147
0036 073 106 139 156 156 096 223 150
0037 073 115 139 163 154 108 224 156
0038 072 138 140 176 150 125 225 169
0039 070 148 138 185 155 142 221 176
0040 067 160 132 194 157 151 230 184
0041 071 165 131 203 152 152 221 190
0042 073 169 133 213 150 156 222 198
0043 073 169 133 215 148 158 219 199
0044 072 166 132 215 147 154 214 202
0045 071 158 132 208 147 147 228 200
0046 070 145 138 191 147 141 229 185
0047 153 127 226 164 069 132 133 170
0048 072 122 135 157 150 123 224 153
0049 153 107 221 144 072 114 138 145
0050 157 096 228 143 074 099 139 140
0051 075 089 138 137 158 093 228 140
0052 074 083 136 135 154 085 224 143
0053 073 088 137 142 158 091 227 143
0054 071 111 134 153 154 108 222 153
0055 069 128 135 164 152 119 221 156
0056 069 137 135 174 150 135 228 168
0057 072 147 129 183 151 146 224 183
0058 071 155 130 199 156 144 222 189
0059 152 155 209 215 070 165 131 212
0060 071 169 128 224 140 165 196 226
0061 069 176 127 227 139 176 197 235
0062 139 183 197 237 070 186 126 235
0063 138 184 196 236 071 200 127 239
0064 136 186 195 236 069 208 126 239
0065 137 187 195 236 072 210 126 239
0066 131 189 193 239 075 217 132 239
0067 135 184 196 238 076 218 131 239
0068 135 186 196 237 074 216 132 239
0069 136 186 196 237 074 221 129 239
0070 135 188 194 239 074 217 132 239
0071 136 187 194 237 074 217 132 239
0072 136 187 194 237 075 218 131 239
0073 136 187 195 237 075 217 131 239
0074 137 187 195 237 075 217 132 239
0075 136 190 196 239 075 219 133 239
0076 135 190 196 239 078 219 133 239
0077 137 188 195 236 081 217 134 239
0078 136 190 197 239 081 216 134 239
0079 135 190 197 239 077 218 135 239
0080 135 190 197 239 075 221 133 239
0081 135 190 198 239 075 221 133 239
0082 135 190 197 239 080 216 133 239
0083 135 190 197 239 081 216 135 239
0084 135 191 197 239 078 217 133 239
0085 135 190 197 239 078 217 133 239
0086 132 191 191 239 081 216 135 239
0087 136 188 193 238 080 217 133 239
0088 141 189 195 239 080 217 133 239
0089 143 190 195 239 080 217 133 239
0090 147 182 201 238 079 216 134 239
0091 148 183 201 236 079 216 135 239
0092 153 183 201 234 079 217 135 239
0093 157 182 201 234 079 217 135 239
0094 161 183 199 239 079 217 134 239
0095 155 179 200 234 079 217 134 239
0096 157 184 201 236 079 217 134 239
0097 156 184 200 236 079 217 134 239
0098 156 184 200 236 079 217 133 239
0099 162 182 199 239 078 217 133 239
0100 157 183 201 237 078 217 134 239
