0006 120 185 167 233 000 000 000 000
0007 140 139 191 198 000 000 000 000
0008 160 104 218 169 000 000 000 000
0009 170 089 228 160 000 000 000 000
0010 175 091 238 155 000 000 000 000
0011 181 090 240 153 000 000 000 000
0012 186 096 242 152 000 000 000 000
0013 184 106 244 152 000 000 000 000
0014 190 103 252 152 000 000 000 000
0015 189 101 251 155 000 000 000 000
0016 190 096 251 151 000 000 000 000
0017 189 098 249 154 000 000 000 000
0018 191 099 255 154 000 000 000 000
0019 191 103 247 155 000 000 000 000
0020 194 104 256 153 000 000 000 000
0021 193 102 258 156 000 000 000 000
0022 192 104 261 154 000 000 000 000
0023 189 099 253 158 000 000 000 000
0024 194 095 249 156 000 000 000 000
0025 194 100 256 156 000 000 000 000
0026 195 103 253 156 000 000 000 000
0027 193 100 253 159 000 000 000 000
0028 193 101 253 158 000 000 000 000
0029 187 108 253 159 000 000 000 000
0030 188 104 248 160 000 000 000 000
0031 164 112 240 182 000 000 000 000
0032 133 164 193 216 000 000 000 000
0033 098 212 143 237 159 197 199 237
0034 161 199 199 237 000 000 000 000
