0009 055 200 094 237 000 000 000 000
0010 051 189 093 236 000 000 000 000
0011 046 147 088 210 000 000 000 000
0012 044 133 088 184 000 000 000 000
0013 045 124 088 178 000 000 000 000
0014 048 124 083 175 000 000 000 000
0015 046 125 089 178 000 000 000 000
0016 051 124 088 180 000 000 000 000
0017 047 124 089 179 000 000 000 000
0018 047 125 089 178 000 000 000 000
0019 046 125 089 178 000 000 000 000
0020 046 125 089 179 000 000 000 000
0021 046 126 089 179 000 000 000 000
0022 045 125 089 179 000 000 000 000
0023 045 125 090 178 000 000 000 000
0024 046 127 090 179 000 000 000 000
0025 046 131 090 185 000 000 000 000
0026 051 152 092 205 000 000 000 000
0027 059 174 101 228 000 000 000 000
0028 093 217 118 237 000 000 000 000
