0002 134 223 168 239 000 000 000 000
0003 130 213 164 237 000 000 000 000
0004 124 207 157 237 000 000 000 000
0005 106 202 144 238 000 000 000 000
0006 098 198 130 236 000 000 000 000
0007 073 197 114 238 000 000 000 000
0008 051 193 091 238 000 000 000 000
0009 032 190 071 231 000 000 000 000
0010 018 180 059 221 187 224 229 239
0011 013 175 050 213 187 224 229 239
0012 013 170 050 206 000 000 000 000
0013 013 167 048 203 000 000 000 000
0028 017 169 051 207 000 000 000 000
0030 019 164 060 209 000 000 000 000
0031 029 180 068 224 000 000 000 000
0032 062 190 096 237 000 000 000 000
0033 102 192 138 236 000 000 000 000
0034 115 198 152 238 000 000 000 000
0035 129 211 168 239 000 000 000 000
