0006 113 158 207 237 000 000 000 000
0007 108 138 195 236 000 000 000 000
0008 116 135 216 229 000 000 000 000
0009 112 138 216 228 000 000 000 000
0010 109 147 215 228 000 000 000 000
0011 114 132 218 232 000 000 000 000
0012 114 134 221 224 000 000 000 000
0013 110 133 224 229 000 000 000 000
0014 110 130 219 227 000 000 000 000
0015 108 126 217 222 000 000 000 000
0016 106 126 218 225 000 000 000 000
0017 106 130 215 227 000 000 000 000
0018 105 125 216 227 000 000 000 000
0019 108 131 215 228 000 000 000 000
0020 101 141 195 228 000 000 000 000
0021 092 165 169 239 000 000 000 000
