0003 094 215 120 236 219 221 242 239
0004 085 197 114 232 222 203 248 237
0005 085 156 112 198 208 156 243 196
0006 207 123 234 166 095 130 119 168
0007 204 116 228 155 099 122 121 157
0008 203 118 230 159 103 119 127 157
0009 101 125 126 164 205 125 229 164
0010 099 130 125 171 210 136 235 171
0011 099 133 127 171 208 137 232 171
0012 207 135 233 171 099 132 124 172
0013 098 132 124 167 207 129 231 171
0014 098 131 124 166 208 134 233 171
0015 099 131 125 172 207 130 230 170
0016 206 131 230 170 099 131 125 166
0017 100 132 125 172 208 135 233 171
0018 100 134 125 172 208 137 233 172
0019 100 146 126 183 207 144 233 180
0020 100 159 134 197 205 161 233 190
0021 211 195 236 226 100 193 123 228
0022 100 210 124 236 210 214 235 238
0023 108 221 130 239 000 000 000 000
0024 203 214 221 238 000 000 000 000
0025 116 211 135 234 198 215 224 235
0026 118 213 135 238 199 215 224 235
0027 202 218 221 239 000 000 000 000
0028 202 218 221 239 000 000 000 000
0030 118 211 136 234 000 000 000 000
0032 118 211 136 235 000 000 000 000
0033 118 210 136 234 000 000 000 000
0034 118 210 136 234 000 000 000 000
0035 118 211 136 234 000 000 000 000
0036 119 214 135 238 000 000 000 000
