0004 088 210 135 239 000 000 000 000
0005 079 197 134 237 166 207 204 239
0006 076 190 126 239 165 183 202 239
0007 170 171 203 233 070 208 103 239
0008 165 185 206 237 063 214 100 239
0009 077 185 123 237 159 170 203 239
0010 090 138 133 191 143 148 185 189
0011 091 072 134 126 142 070 186 124
0012 143 053 192 110 091 047 131 113
0013 151 065 204 111 087 055 127 119
0014 080 080 128 138 156 077 209 117
0015 082 094 130 160 151 090 205 134
0016 091 111 137 171 147 106 197 150
0017 127 134 185 178 106 149 145 188
0018 108 160 167 201 000 000 000 000
0019 099 171 152 222 000 000 000 000
0020 081 179 145 235 000 000 000 000
0021 072 185 133 236 000 000 000 000
0022 063 173 113 227 112 169 145 209
0023 065 159 114 206 000 000 000 000
0024 057 152 119 197 000 000 000 000
0025 058 163 112 203 000 000 000 000
0026 061 167 105 215 087 167 138 208
0027 063 170 113 211 092 170 140 213
0028 065 165 116 208 094 167 141 210
0029 072 159 119 201 000 000 000 000
0030 087 156 137 200 099 192 140 223
0031 110 177 156 232 000 000 000 000
0032 134 203 182 239 098 210 138 236
