0004 048 224 080 239 000 000 000 000
0005 048 224 080 239 000 000 000 000
0012 122 218 163 239 048 223 079 239
0013 123 172 176 213 048 223 079 239
0014 129 133 169 174 048 224 080 239
0015 125 097 177 150 047 224 080 239
0016 129 079 178 131 047 224 080 239
0017 129 067 182 123 048 224 080 239
0018 132 063 183 122 048 224 080 239
0019 135 061 183 120 048 224 080 239
0020 136 060 182 119 048 224 080 239
0021 137 060 186 121 048 224 080 239
0022 135 062 183 120 048 224 080 239
0023 134 062 183 120 048 223 080 239
0024 134 061 183 119 048 225 079 239
0025 135 061 182 118 048 223 079 239
0026 134 062 183 119 048 224 079 239
0027 133 063 183 119 048 224 080 239
0028 133 064 183 118 048 224 080 239
0029 133 064 182 118 048 224 080 239
0030 132 064 183 118 048 224 079 239
0031 132 065 183 120 048 224 080 239
0032 131 069 184 124 000 000 000 000
0033 132 095 180 145 000 000 000 000
0034 125 135 178 180 000 000 000 000
0035 113 187 167 230 000 000 000 000
0036 109 209 158 237 000 000 000 000
0037 113 222 156 239 048 222 079 239
0038 047 223 079 239 000 000 000 000
0039 047 224 079 239 000 000 000 000
0040 048 224 082 239 000 000 000 000
0041 047 224 079 239 000 000 000 000
0042 047 224 078 239 000 000 000 000
0043 047 224 079 239 000 000 000 000
0044 047 224 079 239 000 000 000 000
0045 047 224 078 239 000 000 000 000
0046 047 225 081 239 000 000 000 000
0047 048 223 079 239 000 000 000 000
0048 047 224 081 239 000 000 000 000
0049 048 223 079 239 000 000 000 000
0050 048 224 079 239 000 000 000 000
0053 047 225 078 239 000 000 000 000
0054 048 224 078 239 000 000 000 000
0055 047 224 078 239 000 000 000 000
0056 048 224 079 239 000 000 000 000
