0006 218 206 268 238 000 000 000 000
0007 218 154 257 199 000 000 000 000
0008 212 125 258 177 000 000 000 000
0009 206 096 256 156 000 000 000 000
0010 204 089 249 153 000 000 000 000
0011 205 089 252 156 000 000 000 000
0012 203 085 253 152 000 000 000 000
0013 204 083 254 149 000 000 000 000
0014 205 082 253 146 000 000 000 000
0015 207 083 255 146 000 000 000 000
0016 208 081 256 146 000 000 000 000
0017 208 082 257 147 000 000 000 000
0018 207 082 252 148 000 000 000 000
0019 206 079 258 144 000 000 000 000
0020 208 081 257 146 000 000 000 000
0021 208 082 253 148 000 000 000 000
0022 212 094 262 163 000 000 000 000
0023 213 116 256 175 000 000 000 000
0024 231 177 276 227 000 000 000 000
