0000 037 215 084 239 000 000 000 000
0001 037 215 084 239 000 000 000 000
0002 036 215 084 239 000 000 000 000
0003 037 215 084 239 000 000 000 000
0004 038 217 084 236 000 000 000 000
0005 140 207 185 237 038 217 084 236
0006 147 160 197 214 037 215 084 239
0007 153 111 214 177 035 220 087 239
0008 157 076 219 155 040 216 085 236
0009 163 064 224 137 037 215 086 239
0010 163 062 226 133 037 215 086 239
0011 163 065 227 139 037 215 085 239
0012 163 065 229 140 038 217 085 239
0013 163 065 227 141 039 216 085 239
0014 163 067 226 140 039 217 084 239
0015 163 067 226 141 039 217 084 239
0016 163 067 226 142 039 217 085 239
0017 163 066 226 139 039 217 085 239
0018 169 064 224 150 039 217 084 239
0019 163 067 228 142 039 217 084 239
0020 163 067 226 140 036 216 085 239
0021 163 068 228 141 036 216 085 239
0022 163 068 228 144 035 216 085 239
0023 158 067 221 146 038 219 082 237
0024 159 094 214 164 034 216 084 239
0025 153 153 198 204 035 216 085 239
0026 138 201 183 238 035 216 085 239
0027 035 216 084 239 141 217 174 237
0028 035 216 083 239 000 000 000 000
0029 035 215 084 238 000 000 000 000
0030 036 219 084 239 000 000 000 000
0031 035 216 084 239 000 000 000 000
0032 038 217 084 239 000 000 000 000
0033 039 217 084 239 000 000 000 000
