0005 157 206 209 239 194 214 240 238
0006 184 186 228 237 154 185 207 231
0007 185 180 231 233 158 177 199 228
0008 164 169 236 227 000 000 000 000
0009 161 165 248 216 176 143 234 192
0010 168 156 250 209 182 130 236 183
0011 159 148 247 199 179 120 233 179
0012 165 142 249 196 182 115 231 172
0013 162 138 248 188 178 103 225 163
0014 163 132 244 182 180 092 221 143
0015 166 125 248 176 182 093 221 146
0016 166 123 249 172 182 092 222 144
0017 163 120 250 170 182 090 221 143
0018 165 119 251 170 181 089 230 153
0019 166 118 252 169 000 000 000 000
0020 169 119 252 171 000 000 000 000
0021 168 120 253 173 178 091 223 155
0022 169 126 254 173 177 088 232 155
0023 168 127 255 175 183 090 224 147
0024 170 126 252 174 184 091 224 143
0025 171 126 253 175 184 090 224 143
0026 169 125 253 175 000 000 000 000
0027 169 125 254 177 000 000 000 000
0028 169 126 252 177 185 090 223 146
0029 169 126 253 177 185 090 223 144
0030 169 126 253 177 000 000 000 000
0031 169 125 253 178 000 000 000 000
0032 169 125 253 178 178 090 226 156
0033 169 125 253 178 000 000 000 000
0034 168 125 253 178 000 000 000 000
0035 169 125 253 177 185 091 223 146
0036 170 128 252 177 185 092 226 144
0037 171 129 253 179 183 094 231 163
0038 170 126 254 177 178 094 227 161
0039 168 125 255 174 000 000 000 000
0040 169 130 253 182 174 094 232 163
0041 165 119 254 193 177 094 222 164
0042 167 146 247 219 000 000 000 000
0043 186 169 235 228 155 197 228 237
0044 185 196 235 235 000 000 000 000
0050 180 093 217 136 000 000 000 000
0051 182 093 221 136 000 000 000 000
0055 183 094 221 136 000 000 000 000
