0000 113 201 150 236 000 000 000 000
0001 114 201 150 236 000 000 000 000
0002 113 201 149 236 000 000 000 000
0003 112 201 150 236 000 000 000 000
0004 110 200 143 236 000 000 000 000
0005 100 195 137 234 000 000 000 000
0006 069 185 113 221 000 000 000 000
0007 052 151 108 189 000 000 000 000
0008 053 120 101 168 187 220 218 239
0009 066 095 111 150 184 219 217 239
0010 076 086 113 145 000 000 000 000
0011 085 081 119 142 188 217 220 239
0012 083 084 118 145 000 000 000 000
0013 084 087 118 146 187 220 218 239
0014 077 093 113 151 187 221 218 239
0015 061 099 113 150 184 217 221 236
0016 067 094 113 146 000 000 000 000
0017 088 087 120 145 000 000 000 000
0018 086 097 130 151 000 000 000 000
0019 078 101 117 150 000 000 000 000
0020 071 102 112 149 000 000 000 000
0021 066 093 114 149 000 000 000 000
0022 085 087 118 149 000 000 000 000
0023 094 095 131 150 000 000 000 000
0024 086 112 123 152 000 000 000 000
0025 066 102 113 153 000 000 000 000
0026 078 089 114 150 000 000 000 000
0027 093 091 127 150 000 000 000 000
0028 094 104 127 152 000 000 000 000
0029 086 106 116 153 000 000 000 000
0030 075 098 116 152 000 000 000 000
0031 085 090 119 150 000 000 000 000
0032 088 090 122 151 000 000 000 000
0033 086 092 120 153 000 000 000 000
0034 088 094 121 153 000 000 000 000
0035 086 099 122 155 000 000 000 000
0036 090 115 128 162 000 000 000 000
0037 098 134 130 172 000 000 000 000
0038 106 160 144 195 000 000 000 000
0039 109 177 147 225 000 000 000 000
0040 113 195 152 237 189 215 221 239
0041 113 204 154 237 000 000 000 000
0042 114 207 154 237 183 214 222 239
0043 114 207 154 238 184 219 217 239
0044 114 208 154 238 184 219 216 239
0045 114 207 154 238 000 000 000 000
0046 114 207 153 238 184 219 217 239
0047 114 207 153 237 184 219 216 239
0048 114 208 154 238 184 220 216 239
0049 114 208 154 237 184 219 216 239
0050 114 208 154 237 184 220 216 239
0051 114 208 154 238 184 220 216 239
0052 114 208 154 237 184 219 216 239
0053 114 208 154 238 000 000 000 000
