0005 105 213 138 236 000 000 000 000
0006 080 196 121 236 000 000 000 000
0007 051 172 107 220 000 000 000 000
0008 025 165 094 206 000 000 000 000
0009 002 156 076 195 000 000 000 000
0010 000 152 063 189 000 000 000 000
0011 000 143 062 178 000 000 000 000
0012 000 134 066 175 000 000 000 000
0013 001 132 072 179 000 000 000 000
0014 010 142 072 186 000 000 000 000
0015 002 155 066 203 000 000 000 000
0016 000 159 066 204 000 000 000 000
0017 000 157 062 193 000 000 000 000
0018 000 150 063 187 000 000 000 000
0019 008 138 075 180 000 000 000 000
0020 023 149 078 189 000 000 000 000
0021 019 161 085 206 000 000 000 000
0022 006 163 081 209 000 000 000 000
0023 001 157 075 194 000 000 000 000
0024 005 144 080 185 000 000 000 000
0025 026 130 088 178 000 000 000 000
0026 048 149 100 192 000 000 000 000
0027 041 163 098 208 000 000 000 000
0028 014 168 088 215 000 000 000 000
0029 007 155 084 197 000 000 000 000
0030 023 141 089 187 000 000 000 000
0031 045 143 103 189 000 000 000 000
0032 052 153 106 195 000 000 000 000
0033 044 168 102 210 000 000 000 000
0034 021 175 092 216 000 000 000 000
0035 012 158 087 198 000 000 000 000
0036 039 144 099 192 000 000 000 000
0037 054 153 107 198 000 000 000 000
0038 057 172 108 212 000 000 000 000
0039 049 182 107 226 000 000 000 000
0040 049 183 104 226 000 000 000 000
0041 052 184 107 227 000 000 000 000
0042 057 186 107 232 000 000 000 000
0043 076 201 119 236 000 000 000 000
0044 094 220 131 239 000 000 000 000
