0004 139 224 176 239 000 000 000 000
0005 133 193 171 232 000 000 000 000
0006 136 171 176 217 000 000 000 000
0007 141 140 175 194 000 000 000 000
0008 140 122 182 176 000 000 000 000
0009 143 107 177 163 000 000 000 000
0010 144 094 175 149 000 000 000 000
0011 142 082 175 138 000 000 000 000
0012 143 075 176 127 000 000 000 000
0013 140 065 173 127 000 000 000 000
0014 139 063 171 124 000 000 000 000
0015 138 062 170 124 000 000 000 000
0016 137 066 170 125 000 000 000 000
0017 136 068 169 124 000 000 000 000
0018 138 067 169 124 000 000 000 000
0019 138 067 170 118 000 000 000 000
0020 138 067 170 119 000 000 000 000
0021 138 069 170 123 000 000 000 000
0022 138 065 171 122 000 000 000 000
0023 139 069 170 122 000 000 000 000
0024 139 069 170 122 000 000 000 000
0025 138 070 170 122 000 000 000 000
0026 138 065 171 120 000 000 000 000
0027 139 069 170 120 000 000 000 000
0028 138 067 170 121 000 000 000 000
0029 138 067 170 122 000 000 000 000
0030 138 067 170 121 000 000 000 000
0031 139 068 170 119 000 000 000 000
0032 140 069 173 126 000 000 000 000
0033 143 083 175 124 000 000 000 000
0034 140 100 175 145 000 000 000 000
0035 136 118 169 175 000 000 000 000
0036 135 176 175 225 000 000 000 000
0037 127 204 173 239 000 000 000 000
