0011 049 221 077 239 000 000 000 000
0012 051 222 075 239 000 000 000 000
0013 050 223 077 239 135 224 171 239
0014 051 222 078 239 137 222 171 238
0015 046 219 077 239 133 222 178 239
0016 048 221 073 239 132 222 177 239
0017 051 224 078 239 136 224 173 239
0018 049 223 076 239 133 222 177 239
0019 052 222 081 239 139 223 173 239
0020 052 221 086 239 000 000 000 000
0021 049 219 090 239 000 000 000 000
0022 049 215 094 239 000 000 000 000
0023 052 206 099 238 000 000 000 000
0024 058 196 109 235 084 204 131 239
0025 059 187 119 235 000 000 000 000
0026 051 177 118 229 000 000 000 000
0027 047 164 107 216 000 000 000 000
0028 044 143 107 199 000 000 000 000
0029 039 133 102 192 000 000 000 000
0030 038 122 110 174 000 000 000 000
0031 035 112 105 162 000 000 000 000
0032 035 105 105 157 000 000 000 000
0033 039 097 108 156 000 000 000 000
0034 042 092 108 151 000 000 000 000
0035 042 091 110 147 000 000 000 000
0036 042 090 110 146 000 000 000 000
0037 041 091 108 146 000 000 000 000
0038 037 087 097 141 000 000 000 000
0039 040 086 103 143 000 000 000 000
0040 042 087 105 141 000 000 000 000
0041 041 085 107 140 000 000 000 000
0042 041 085 105 140 000 000 000 000
0043 041 085 105 140 000 000 000 000
0044 041 082 105 138 000 000 000 000
0045 034 092 106 142 000 000 000 000
0046 040 086 106 140 000 000 000 000
0047 040 086 107 141 000 000 000 000
0048 041 086 107 140 000 000 000 000
0049 041 086 108 140 000 000 000 000
0050 042 088 107 140 000 000 000 000
0051 041 087 107 140 000 000 000 000
0052 041 087 108 140 000 000 000 000
0053 042 088 107 140 000 000 000 000
0054 042 087 106 140 000 000 000 000
0055 040 087 105 140 000 000 000 000
0056 040 086 105 140 000 000 000 000
0057 040 087 105 140 000 000 000 000
0058 042 090 107 143 000 000 000 000
0059 042 097 108 150 000 000 000 000
0060 053 111 110 166 000 000 000 000
0061 060 157 127 213 000 000 000 000
0062 074 188 124 237 060 187 102 214
0063 054 207 093 237 098 212 146 239
0064 049 209 095 236 121 221 164 239
0065 053 214 087 237 131 224 165 239
0066 052 217 079 239 000 000 000 000
0067 052 219 079 237 000 000 000 000
0068 054 222 079 239 000 000 000 000
0069 054 222 078 239 000 000 000 000
0071 133 222 166 239 000 000 000 000
0072 054 223 091 239 000 000 000 000
0073 112 224 150 239 055 223 092 239
0074 113 223 152 239 056 222 093 239
0075 110 224 154 238 000 000 000 000
0077 112 224 150 239 000 000 000 000
0078 109 222 151 239 000 000 000 000
0079 107 224 149 238 000 000 000 000
0080 053 222 092 239 109 221 149 239
