0000 195 158 233 196 000 000 000 000
0001 196 158 233 196 000 000 000 000
0002 197 158 233 196 000 000 000 000
0003 197 157 234 195 000 000 000 000
0004 197 161 231 195 000 000 000 000
0005 196 158 231 195 000 000 000 000
0006 196 158 232 195 000 000 000 000
0007 197 162 231 197 000 000 000 000
0008 196 157 233 195 000 000 000 000
0009 196 158 233 196 000 000 000 000
0010 196 158 233 197 000 000 000 000
0011 197 159 233 197 126 220 161 239
0012 131 206 168 237 198 159 237 200
0013 124 184 174 231 199 158 237 199
0014 117 170 175 213 199 162 233 200
0015 116 150 171 196 198 162 233 200
0016 117 145 172 187 196 163 234 199
0017 113 136 167 178 200 158 237 199
0018 199 158 237 200 113 124 167 165
0019 199 158 238 200 109 114 167 157
0020 198 157 238 200 112 094 160 140
0021 109 080 157 130 198 158 238 199
0022 109 070 158 118 199 161 233 200
0023 109 062 163 111 199 161 233 199
0024 115 065 170 113 199 159 237 199
0025 112 062 167 107 199 158 237 199
0026 114 061 164 105 199 158 238 199
0027 116 061 165 104 199 159 238 199
0028 115 055 167 105 198 158 238 199
0029 116 049 166 102 199 157 238 200
0030 120 055 160 097 199 157 238 200
0031 119 055 164 099 198 158 238 200
0032 118 052 167 099 199 157 238 200
0033 117 053 167 101 199 157 238 200
0034 118 056 166 099 199 157 238 200
0035 119 066 166 112 199 157 238 200
0036 125 100 167 144 200 157 238 200
0037 122 166 179 216 199 157 237 199
0038 125 199 168 238 197 158 233 197
0039 197 158 233 196 123 222 155 239
0040 197 157 232 196 000 000 000 000
0041 196 156 234 194 000 000 000 000
