0003 092 211 133 236 000 000 000 000
0004 080 201 122 238 155 219 187 238
0005 134 192 177 234 068 191 104 229
0006 109 162 154 194 061 172 099 203
0007 098 148 146 183 057 166 099 200
0008 085 145 142 178 055 156 105 190
0009 080 143 132 175 053 151 099 183
0010 074 130 131 164 049 138 080 167
0011 077 120 130 159 049 125 084 156
0012 087 115 133 157 058 114 086 144
0013 091 125 139 162 065 113 096 148
0014 088 142 142 173 066 118 099 158
0015 070 128 100 177 094 154 143 184
0016 072 136 105 189 101 153 150 190
0017 104 146 156 189 078 144 111 190
0018 093 134 154 173 000 000 000 000
0019 114 111 164 144 092 126 125 158
0020 126 094 169 132 099 108 135 143
0021 129 101 177 146 109 101 147 138
0022 105 112 149 143 139 120 176 159
0023 139 149 180 183 106 124 144 166
0024 146 159 188 196 118 143 149 194
0025 127 146 160 193 160 151 202 189
0026 167 133 206 174 130 142 171 170
0027 173 111 205 148 137 124 178 153
0028 146 094 187 134 181 089 215 133
0029 150 086 192 129 191 095 223 140
0030 156 097 200 134 191 125 224 159
0031 157 113 201 151 186 145 222 180
0032 154 128 200 174 191 166 227 196
0033 160 140 203 191 195 166 231 209
0034 162 146 214 196 200 160 242 201
0035 206 139 240 173 164 134 217 167
0036 208 113 245 150 166 117 215 149
0037 214 095 250 143 168 098 220 144
0038 217 112 263 155 162 115 223 154
0039 216 129 262 165 166 126 226 162
0040 216 126 258 165 160 124 223 159
0041 215 127 257 165 156 127 219 162
0042 211 152 256 184 141 142 189 171
0043 122 165 170 207 198 179 251 229
0044 117 193 157 238 200 209 232 238
0045 108 212 146 239 000 000 000 000
0046 112 220 145 239 000 000 000 000
