0000 163 201 205 236 106 209 148 238
0001 164 202 205 236 106 209 148 237
0002 108 208 152 237 164 202 205 236
0003 108 208 152 237 165 201 205 235
0004 169 198 209 236 106 209 149 239
0005 106 209 148 237 200 182 231 224
0006 222 141 273 191 108 208 151 237
0007 243 106 295 159 108 208 151 237
0008 252 078 301 131 106 208 148 237
0009 262 054 303 116 109 208 152 237
0010 265 045 308 108 110 209 153 238
0011 261 044 308 103 110 209 153 237
0012 265 039 304 102 110 208 153 238
0013 260 036 299 100 110 207 153 238
0014 256 030 296 094 109 209 153 238
0015 246 028 283 089 109 209 153 238
0016 221 025 263 093 109 210 153 238
0017 215 030 255 093 109 207 153 237
0018 214 030 255 093 109 210 153 237
0019 215 029 256 092 109 209 153 237
0020 216 029 256 093 109 208 153 237
0021 216 029 256 092 109 208 153 237
0022 216 029 257 093 109 208 153 237
0023 221 031 257 088 109 208 153 237
0024 217 036 259 091 109 208 153 238
0025 220 054 255 103 109 207 153 237
0026 217 073 254 123 109 209 153 238
0027 109 210 153 238 205 103 245 154
0028 109 210 153 238 201 130 236 175
0029 109 208 152 237 185 163 220 201
0030 173 186 208 224 109 208 154 237
0031 165 199 203 236 108 210 154 237
0032 160 202 202 236 110 207 152 237
0033 161 203 202 236 109 207 152 237
0034 109 209 153 237 161 203 202 235
0035 161 203 202 235 110 208 153 237
