0000 066 191 133 237 000 000 000 000
0001 070 197 137 239 149 209 193 239
0002 138 195 189 239 075 187 137 238
0003 138 176 185 237 073 179 133 236
0004 076 166 132 232 136 165 180 237
0005 078 150 132 222 133 147 178 222
0006 081 142 134 211 132 139 178 205
0007 082 140 135 206 129 137 176 206
0008 131 140 173 215 087 139 138 216
0009 083 140 129 223 127 145 176 216
0010 129 143 172 221 087 145 134 227
0011 130 146 171 222 088 146 135 230
0012 130 144 172 222 089 144 136 227
0013 131 145 171 229 089 140 134 229
0014 130 146 172 222 088 146 135 231
0015 088 141 136 227 130 146 172 222
0016 089 143 136 227 130 146 172 223
0017 135 153 171 227 089 146 138 230
0018 131 148 172 228 092 149 136 233
0019 137 158 179 230 089 158 137 233
0020 088 170 138 239 133 182 181 238
0021 089 180 142 238 147 206 192 237
0022 092 184 146 239 151 218 191 239
0023 091 187 145 239 153 218 188 239
0024 083 189 144 239 149 219 188 237
0025 081 188 143 239 149 222 192 239
