0010 043 211 114 239 000 000 000 000
0011 042 174 107 232 000 000 000 000
0012 038 149 105 214 000 000 000 000
0013 039 122 100 191 000 000 000 000
0014 042 107 099 178 000 000 000 000
0015 043 095 102 170 000 000 000 000
0016 044 082 102 163 000 000 000 000
0017 047 078 105 160 000 000 000 000
0018 049 075 105 159 000 000 000 000
0019 050 074 109 158 000 000 000 000
0020 052 073 110 160 000 000 000 000
0021 054 069 112 166 000 000 000 000
0022 054 076 110 161 000 000 000 000
0023 055 074 109 160 000 000 000 000
0024 057 076 108 163 000 000 000 000
0025 057 073 110 165 000 000 000 000
0026 057 071 112 163 000 000 000 000
0027 057 070 111 161 000 000 000 000
0028 057 073 113 161 000 000 000 000
0029 057 073 112 159 000 000 000 000
0030 058 073 113 161 000 000 000 000
0031 057 073 112 161 000 000 000 000
0032 055 075 111 158 000 000 000 000
0033 055 079 112 163 000 000 000 000
0034 055 095 112 171 000 000 000 000
0035 054 110 121 191 000 000 000 000
0036 062 157 129 216 000 000 000 000
0037 092 196 137 238 000 000 000 000
0038 101 214 144 239 000 000 000 000
