0000 197 211 226 237 113 209 136 238
0001 198 211 226 237 115 211 139 239
0002 198 211 226 237 115 211 139 239
0003 198 211 226 237 115 211 139 239
0004 198 211 226 237 112 213 139 239
0005 198 212 226 237 112 213 139 239
0006 198 212 226 237 112 213 139 239
0007 199 212 226 238 113 213 139 239
0008 200 211 227 238 111 209 137 237
0009 105 201 135 236 194 207 224 239
0010 101 196 137 227 191 199 226 233
0011 103 184 144 211 186 188 218 220
0012 175 172 214 205 105 170 147 196
0013 169 162 206 195 110 164 150 189
0014 165 162 200 192 111 161 150 184
0015 164 161 202 193 111 163 151 187
0016 165 164 202 194 108 163 151 189
0017 096 164 142 191 172 160 214 192
0018 088 162 133 190 179 158 221 189
0019 076 155 125 183 186 153 227 184
0020 068 148 112 178 202 146 246 183
0021 060 139 104 170 214 144 256 177
0022 226 137 266 171 054 131 094 161
0023 229 133 272 168 048 126 087 154
0024 045 118 081 147 232 132 272 164
0025 046 114 079 141 238 129 279 163
0026 239 131 279 164 042 115 079 143
0027 043 119 081 148 236 133 274 166
0028 232 136 273 172 050 127 086 158
0029 232 149 262 191 056 138 094 176
0030 070 161 101 201 224 173 251 219
0031 086 190 111 228 214 201 240 236
0032 208 213 237 239 094 205 125 237
0033 105 214 130 237 207 216 239 238
0034 104 211 128 239 208 215 239 238
0035 207 210 239 239 107 213 133 239
0036 111 212 134 239 205 210 237 239
0037 111 214 135 239 205 214 232 239
0038 106 209 137 239 201 211 234 239
0039 198 211 231 239 112 211 134 238
0040 198 211 231 239 112 211 134 238
0041 107 209 137 239 198 211 231 239
