0000 111 210 149 239 050 201 088 234
0001 113 206 149 236 050 200 090 231
0002 107 189 150 227 054 194 092 224
0003 099 162 147 196 058 182 100 215
0004 094 137 147 170 069 165 103 207
0005 092 120 143 151 074 153 109 198
0006 081 108 139 139 081 146 116 199
0007 082 106 134 132 081 140 114 197
0008 085 132 117 192 081 106 136 132
0009 081 108 137 132 088 131 121 184
0010 078 109 136 133 086 125 116 183
0011 078 110 134 133 087 131 117 179
0012 077 107 130 130 089 127 118 176
0013 076 108 126 132 085 125 117 176
0014 075 110 128 132 089 125 118 176
0015 074 111 133 135 089 131 119 177
0016 074 113 131 135 086 126 115 178
0017 074 113 130 134 088 129 119 175
0018 075 107 134 133 088 130 119 176
0019 073 112 131 134 087 127 116 179
0020 073 108 130 133 084 128 119 182
0021 082 125 115 182 075 109 134 134
0022 078 108 132 138 077 129 111 186
0023 092 106 137 148 070 135 104 190
0024 101 124 139 163 067 155 093 194
0025 105 144 147 182 058 155 088 198
0026 109 170 149 196 048 176 074 204
0027 116 183 155 215 035 186 068 217
0028 112 194 150 228 042 189 068 223
0029 112 205 147 236 042 200 068 235
0030 112 209 148 239 045 205 071 234
0031 111 209 147 239 045 207 072 235
0032 111 208 148 239 041 203 070 235
0033 111 209 148 239 041 204 069 234
0034 111 210 147 239 043 207 069 237
0035 112 210 147 239 044 208 073 237
0036 112 211 147 238 041 203 069 234
0037 112 211 147 238 043 207 071 236
