0000 134 214 173 239 000 000 000 000
0001 135 207 177 236 000 000 000 000
0002 136 194 176 234 000 000 000 000
0003 140 157 177 193 000 000 000 000
0004 146 114 189 153 000 000 000 000
0005 149 078 197 128 000 000 000 000
0006 155 060 200 111 000 000 000 000
0007 156 045 203 095 000 000 000 000
0008 155 043 200 093 000 000 000 000
0009 155 040 203 090 000 000 000 000
0010 154 038 201 086 000 000 000 000
0011 154 038 202 089 000 000 000 000
0012 154 038 202 087 000 000 000 000
0013 154 039 201 086 000 000 000 000
0014 150 041 198 089 000 000 000 000
0015 148 051 196 098 000 000 000 000
0016 131 084 181 129 000 000 000 000
0017 125 122 171 160 000 000 000 000
0018 118 144 164 186 000 000 000 000
0019 115 170 162 216 000 000 000 000
0020 110 193 157 235 000 000 000 000
0021 112 208 153 237 000 000 000 000
0022 111 208 156 239 000 000 000 000
0023 113 211 158 239 000 000 000 000
0024 111 209 155 239 000 000 000 000
0025 113 211 157 239 000 000 000 000
