0008 035 201 101 239 000 000 000 000
0009 037 181 100 233 000 000 000 000
0010 043 156 110 208 000 000 000 000
0011 047 139 111 190 000 000 000 000
0012 043 127 111 178 000 000 000 000
0013 043 121 112 173 000 000 000 000
0014 045 119 113 171 000 000 000 000
0015 047 120 115 174 000 000 000 000
0016 043 122 111 177 000 000 000 000
0017 043 127 111 177 000 000 000 000
0018 041 126 117 175 000 000 000 000
0019 041 126 117 175 000 000 000 000
0020 047 126 115 176 000 000 000 000
0021 043 128 116 182 000 000 000 000
0022 047 124 114 178 000 000 000 000
0023 046 126 116 180 000 000 000 000
0024 045 132 116 182 000 000 000 000
0025 047 140 113 193 000 000 000 000
0026 042 172 111 222 000 000 000 000
0027 049 207 107 239 000 000 000 000
