0000 053 216 104 238 000 000 000 000
0001 055 216 104 238 000 000 000 000
0002 053 214 104 239 000 000 000 000
0003 053 214 104 239 000 000 000 000
0004 052 214 104 239 000 000 000 000
0005 052 214 103 239 000 000 000 000
0006 052 214 103 239 000 000 000 000
0007 052 214 104 239 000 000 000 000
0008 053 214 104 239 000 000 000 000
0009 053 213 104 239 000 000 000 000
0010 054 214 104 238 000 000 000 000
0011 054 213 104 239 000 000 000 000
0012 052 212 105 239 000 000 000 000
0013 052 213 105 239 000 000 000 000
0014 053 213 104 239 176 222 211 239
0015 052 213 105 239 173 209 215 236
0016 162 192 223 235 051 213 104 239
0017 169 172 220 228 052 214 104 239
0018 168 164 230 214 053 213 104 239
0019 165 147 230 207 053 213 104 239
0020 172 141 227 196 053 213 104 239
0021 173 137 229 190 053 213 105 239
0022 175 138 229 190 053 213 104 239
0023 168 140 224 190 054 214 105 239
0024 176 138 229 191 053 214 105 239
0025 175 135 230 194 054 214 106 239
0026 171 136 232 190 054 213 106 239
0027 175 136 227 192 054 214 106 239
0028 179 135 229 190 056 213 105 239
0029 178 135 230 187 055 213 105 239
0030 179 132 231 189 055 213 105 239
0031 175 129 233 189 055 213 105 239
0032 175 134 233 190 055 214 105 239
0033 174 131 233 189 054 214 105 239
0034 173 126 229 184 054 213 105 238
0035 176 126 228 181 054 214 105 238
0036 175 122 228 181 053 214 105 239
0037 174 126 227 180 053 215 105 239
0038 179 118 225 179 052 214 105 239
0039 170 119 226 177 054 216 103 237
0040 055 214 105 239 174 120 225 175
0041 173 119 225 177 055 214 105 239
0042 175 119 225 177 056 214 105 239
0043 179 115 230 176 056 214 106 239
0044 180 114 229 172 056 214 106 239
0045 177 114 229 174 056 214 106 239
0046 177 111 224 175 055 213 106 239
0047 178 111 224 169 055 214 105 239
0048 180 110 224 174 057 214 105 239
0049 179 106 228 167 057 214 105 239
0050 177 105 224 167 056 214 106 239
0051 178 105 225 167 056 214 106 239
0052 178 104 224 166 056 215 106 239
0053 180 099 224 164 056 215 106 239
0054 176 101 227 167 056 216 106 239
0055 177 099 221 170 056 216 105 239
0056 176 101 227 168 056 216 105 239
0057 175 103 222 168 055 215 105 239
0058 176 104 224 167 056 215 105 239
0059 177 100 225 165 056 216 105 239
0060 178 100 225 163 054 215 106 239
0061 178 103 225 165 054 215 106 239
0062 180 096 232 160 054 215 105 239
0063 179 095 232 155 053 215 106 239
0064 177 093 232 156 054 215 106 239
0065 176 092 231 157 054 215 106 239
0066 173 088 227 155 054 216 105 239
0067 173 088 227 154 054 216 105 239
0068 177 091 226 155 054 216 106 239
0069 177 091 226 155 054 215 106 239
0070 176 091 226 155 055 215 106 239
0071 176 091 226 155 056 214 106 239
0072 176 092 230 155 052 214 105 238
0073 177 096 226 159 052 213 105 238
0074 175 097 229 160 054 213 105 238
0075 176 112 225 173 055 215 105 238
0076 170 142 225 203 056 215 106 239
0077 164 198 214 238 059 212 102 237
0078 056 216 108 239 000 000 000 000
0079 057 213 107 238 000 000 000 000
0080 058 215 108 239 000 000 000 000
