0000 201 184 221 214 145 188 169 221
0001 201 185 221 214 145 189 169 220
0002 201 185 221 214 144 189 166 216
0003 143 186 168 222 202 188 223 211
0004 143 188 170 218 202 187 223 210
0005 148 180 177 209 202 184 221 215
0006 151 160 185 192 202 183 221 214
0007 158 129 197 155 202 184 221 215
0008 169 099 207 124 201 185 221 216
0009 174 080 218 105 201 185 220 216
0010 180 073 222 093 201 184 220 216
0011 180 067 221 088 199 184 219 215
0012 196 186 217 212 183 068 221 087
0013 184 070 222 091 199 185 219 215
0014 183 071 222 093 199 185 219 215
0015 182 071 222 094 198 186 218 216
0016 182 072 223 093 197 186 218 216
0017 182 072 223 094 198 185 218 215
0018 183 071 223 093 198 185 218 215
0019 184 072 223 094 197 185 218 216
0020 183 072 222 093 198 185 218 215
0021 184 072 222 094 198 185 218 218
0022 182 072 221 092 197 186 218 216
0023 168 074 213 101 198 185 218 215
0024 155 103 192 124 200 185 220 215
0025 201 189 222 211 150 131 182 152
0026 138 156 169 191 202 186 223 215
0027 141 176 162 203 201 184 221 212
0028 137 180 157 217 204 189 224 211
0029 140 185 160 218 202 186 223 215
