0006 013 223 047 239 000 000 000 000
0007 105 207 143 239 011 207 053 239
0008 100 179 135 233 016 186 062 237
0009 023 170 071 224 092 162 137 219
0010 086 153 131 203 035 158 079 208
0011 079 149 125 199 040 158 084 204
0012 041 157 085 202 079 154 124 203
0013 045 158 088 204 080 151 124 205
0014 081 151 124 204 046 158 086 204
0015 082 151 124 207 047 156 087 204
0016 047 157 087 206 084 152 122 206
0017 049 159 088 210 085 152 123 211
0018 084 152 120 214 048 159 089 212
0019 085 151 124 210 049 157 091 210
0020 047 156 092 208 086 150 124 209
0021 086 150 125 209 050 157 092 208
0022 050 154 093 204 088 150 126 207
0023 088 148 127 208 051 153 092 203
0024 088 148 126 206 052 154 094 203
0025 089 148 126 204 053 154 095 206
0026 053 154 094 203 089 148 126 204
0027 051 154 094 203 089 149 126 205
0028 090 149 126 206 052 155 094 204
0029 053 156 089 205 090 150 127 207
0030 052 157 090 206 090 151 127 208
0031 051 157 094 211 090 153 127 212
0032 090 153 125 213 051 158 094 212
0033 052 157 095 212 090 152 127 213
0034 091 151 125 213 052 155 095 212
0035 092 150 125 212 053 153 097 210
0036 053 156 098 212 088 155 130 209
0037 088 156 129 208 054 156 098 213
0038 087 156 129 208 054 156 098 213
0039 088 156 129 209 054 156 098 212
0040 059 156 095 214 087 152 126 208
0041 051 163 094 216 088 156 127 216
0042 081 176 121 238 042 182 090 235
0043 097 210 137 239 016 208 062 239
