0000 114 221 136 238 000 000 000 000
0001 110 223 133 239 000 000 000 000
0002 112 223 132 239 000 000 000 000
0003 114 223 134 239 000 000 000 000
0004 114 215 134 236 206 222 227 239
0005 111 210 139 234 201 216 224 239
0006 189 210 222 238 108 208 140 239
0007 182 201 220 235 106 202 142 239
0008 177 194 217 235 105 194 143 234
0009 174 196 216 235 105 194 143 234
0010 175 194 217 235 104 196 144 235
0011 179 192 216 234 103 195 145 234
0012 103 196 144 234 174 192 218 236
0013 103 196 145 235 175 190 217 231
0014 175 191 215 229 104 195 144 234
0015 176 198 215 234 108 195 144 236
0016 183 204 220 236 103 201 143 234
0017 184 206 221 237 102 203 141 234
0018 181 201 220 237 100 203 136 238
0019 096 195 137 235 180 193 215 232
0020 172 183 214 222 091 184 136 225
0021 168 173 213 211 090 177 133 214
0022 089 171 134 209 164 169 210 210
0023 166 163 211 206 090 172 134 208
0024 092 170 135 208 162 170 209 209
0025 091 170 136 209 162 170 209 210
0026 091 171 135 208 166 170 204 211
0027 089 171 134 209 162 169 208 209
0028 091 183 130 219 169 183 198 221
0029 093 202 127 238 177 203 207 235
0030 098 220 126 239 000 000 000 000
0031 106 222 126 239 000 000 000 000
0032 107 220 131 237 000 000 000 000
0033 110 215 131 238 000 000 000 000
0034 106 220 128 239 000 000 000 000
