0000 118 192 140 227 184 192 201 225
0001 117 195 139 227 187 194 203 225
0002 117 195 139 227 186 195 202 224
0003 117 194 139 227 186 195 202 224
0004 117 195 139 227 186 194 202 225
0005 117 195 138 227 184 193 202 224
0006 117 194 138 227 185 194 202 225
0007 117 194 138 227 185 194 202 225
0008 117 195 138 228 189 193 205 225
0009 116 193 138 227 189 193 207 222
0010 117 193 138 227 190 174 209 204
0011 180 136 208 164 117 194 137 227
0012 174 086 199 121 119 195 140 226
0013 170 067 196 107 119 194 138 225
0014 170 066 196 095 121 195 140 225
0015 168 064 197 100 121 193 141 223
0016 169 064 198 099 121 191 142 223
0017 170 065 199 097 122 192 142 224
0018 168 065 199 097 124 192 143 223
0019 172 063 203 097 126 195 144 226
0020 173 066 203 097 126 195 144 226
0021 169 066 200 097 125 192 144 223
0022 168 066 198 097 124 192 144 225
0023 167 066 198 098 123 192 143 224
0024 173 065 204 097 122 194 141 224
0025 174 067 211 100 120 195 139 224
0026 118 193 137 224 178 073 206 096
0027 118 195 138 225 202 101 228 128
0028 117 194 137 225 215 135 237 164
0029 117 194 136 225 210 161 231 198
0030 203 179 225 216 117 193 135 224
0031 192 191 211 223 117 193 135 224
0032 117 194 134 225 189 195 206 225
0033 117 195 135 225 185 191 201 222
0034 116 192 134 226 185 188 200 219
0035 116 193 135 226 184 189 200 219
