0010 106 223 156 239 000 000 000 000
0011 097 200 144 236 057 201 096 238
0012 100 181 144 221 065 183 102 222
0013 102 163 144 203 074 164 110 200
0014 103 151 146 192 071 152 113 189
0015 104 150 143 189 076 152 108 189
0016 102 150 142 188 076 153 107 189
0017 098 149 144 189 075 154 107 191
0018 099 151 143 191 076 155 106 191
0019 100 154 143 192 076 155 108 189
0020 102 157 143 196 072 161 107 194
0021 102 156 142 195 076 158 108 195
0022 099 155 142 196 076 157 108 190
0023 101 155 140 194 076 158 108 193
0024 101 155 141 194 075 157 107 191
0025 098 155 141 196 075 158 107 192
0026 098 156 141 196 075 161 107 196
0027 100 156 141 196 073 160 103 196
0028 099 157 141 196 074 161 103 196
0029 100 158 142 197 070 161 102 194
0030 098 159 141 198 077 161 106 197
0031 099 160 141 198 071 163 106 198
0032 099 160 141 198 075 162 101 196
0033 099 160 141 198 076 164 106 200
0034 098 159 141 198 076 163 106 197
0035 097 158 141 198 076 163 100 196
0036 098 159 141 198 077 162 106 199
0037 098 160 140 198 073 163 101 196
0038 098 164 140 202 077 165 104 201
0039 098 166 141 202 072 167 102 204
0040 098 171 141 209 075 170 102 208
0041 096 177 141 215 074 177 101 216
0042 097 184 141 222 069 181 101 223
0043 093 195 140 235 063 188 098 236
0044 092 209 138 239 056 207 095 235
