0000 177 201 199 237 107 206 126 236
0001 176 201 199 237 105 206 127 238
0002 095 203 123 236 176 201 199 237
0003 082 200 106 235 176 202 199 237
0004 176 202 199 237 056 170 091 197
0005 036 117 077 144 177 202 199 237
0006 050 065 085 116 176 201 199 237
0007 063 047 093 095 176 202 200 238
0008 067 043 104 089 176 201 200 237
0009 072 042 105 090 177 201 200 237
0010 073 042 106 091 177 202 200 237
0011 072 041 107 092 177 201 200 236
0012 073 040 107 091 176 201 200 237
0013 072 041 107 092 176 201 200 237
0014 069 044 103 095 176 201 200 237
0015 056 067 090 118 176 203 200 238
0016 177 202 201 238 050 136 087 162
0017 074 173 099 211 176 201 200 237
0018 176 201 200 237 092 195 111 235
0019 098 197 120 235 177 201 200 237
0020 176 201 201 237 106 206 126 238
0021 177 202 200 237 109 205 130 237
0022 177 201 200 237 107 207 128 237
0023 177 202 200 237 107 206 128 237
0024 177 202 200 237 107 205 127 237
0025 177 202 200 237 107 208 128 238
0026 177 202 200 237 107 207 127 238
0027 177 202 200 237 108 208 128 238
0028 177 203 200 237 108 208 128 238
0029 177 203 200 237 107 208 128 238
0030 177 203 200 238 107 207 128 238
0031 177 202 200 237 107 207 128 238
0032 176 203 200 238 107 207 128 238
