0000 197 217 220 239 104 211 129 238
0001 197 216 220 239 105 211 128 238
0002 197 217 221 239 104 212 128 238
0003 197 217 220 239 103 212 127 239
0004 197 216 220 239 103 213 128 239
0005 197 216 220 239 103 212 128 239
0006 197 216 220 239 106 213 129 239
0007 107 208 130 239 199 217 222 238
0008 112 187 139 220 200 206 231 238
0009 197 188 225 229 122 159 151 188
0010 124 124 159 148 180 128 219 172
0011 160 079 205 113 128 092 163 122
0012 150 050 200 083 133 071 168 098
0013 140 055 175 078 153 035 192 058
0014 141 043 168 067 155 023 187 047
0015 142 036 166 063 157 023 187 048
0016 143 029 170 058 161 019 189 045
0017 140 027 167 060 162 020 187 045
0018 158 021 185 048 142 025 167 056
0019 148 023 177 054 165 018 185 046
0020 145 028 178 050 164 019 186 048
0021 145 023 182 055 000 000 000 000
0022 142 026 169 062 157 023 178 047
0023 141 025 175 059 000 000 000 000
0024 141 024 176 058 000 000 000 000
0025 141 025 176 059 000 000 000 000
0026 141 024 175 058 000 000 000 000
0027 149 026 175 055 000 000 000 000
0028 144 028 172 060 000 000 000 000
0029 144 028 172 061 152 023 181 045
0030 145 023 180 054 000 000 000 000
0031 140 024 175 058 000 000 000 000
0032 148 024 177 055 000 000 000 000
0033 148 024 176 053 138 028 163 064
0034 141 021 180 047 133 031 158 069
0035 151 029 192 061 128 054 155 085
0036 167 069 208 105 104 094 144 132
0037 181 131 221 177 103 143 131 183
0038 106 200 131 238 194 202 223 239
0039 195 212 221 239 104 215 127 237
