0000 210 213 240 238 121 221 165 239
0001 210 213 240 238 123 217 175 239
0002 134 202 181 236 207 213 239 239
0003 130 178 182 215 207 213 239 239
0004 140 147 189 185 208 215 240 239
0005 143 126 192 164 209 212 240 238
0006 149 118 196 154 207 214 239 239
0007 149 114 196 150 207 212 239 239
0008 150 110 195 146 207 212 239 239
0009 152 111 198 146 207 212 240 239
0010 149 110 198 145 206 210 242 239
0011 152 112 199 146 206 211 242 239
0012 150 110 197 146 208 211 244 239
0013 151 112 198 147 208 211 244 239
0014 150 114 197 150 208 211 244 239
0015 151 116 196 150 208 211 244 239
0016 151 118 197 153 207 211 244 239
0017 153 118 197 153 207 211 244 239
0018 152 118 197 153 207 211 244 239
0019 151 118 196 154 207 211 244 239
0020 151 119 196 155 208 211 244 239
0021 148 119 198 155 208 213 239 239
0022 151 119 197 156 208 213 239 239
0023 149 118 196 156 208 212 239 239
0024 145 130 196 170 208 213 239 239
0025 144 164 195 206 207 212 239 239
0026 143 187 195 230 209 215 240 238
0027 208 212 239 239 129 217 175 239
0028 211 213 240 234 000 000 000 000
0029 208 213 238 239 000 000 000 000
0030 209 213 239 238 000 000 000 000
0031 209 213 239 238 000 000 000 000
0032 208 213 239 239 000 000 000 000
0033 208 214 239 239 000 000 000 000
0034 208 214 239 239 000 000 000 000
0035 207 217 239 239 000 000 000 000
