0000 180 217 203 238 116 218 138 237
0001 177 216 201 238 118 218 138 237
0002 177 216 202 237 117 221 136 239
0003 180 215 203 238 114 216 136 238
0004 102 214 125 238 194 209 215 237
0005 082 202 117 232 208 199 234 229
0006 063 178 098 201 226 174 254 204
0007 053 144 084 171 237 142 268 170
0008 239 116 267 144 053 115 081 144
0009 058 096 085 130 238 104 262 128
0010 234 087 257 115 062 084 086 117
0011 069 086 095 112 228 084 254 117
0012 225 089 248 119 072 085 097 118
0013 070 086 095 119 226 089 249 118
0014 069 084 095 117 226 089 251 119
0015 069 084 094 117 226 085 254 119
0016 068 084 093 117 226 089 251 118
0017 068 082 093 117 230 090 256 116
0018 228 086 254 118 068 083 093 118
0019 230 089 258 116 068 083 094 118
0020 067 085 092 119 230 092 260 119
0021 067 085 090 116 231 091 261 119
0022 067 085 091 115 232 092 262 119
0023 067 086 094 119 231 093 262 120
0024 232 097 263 122 067 086 093 119
0025 232 093 264 121 066 087 090 115
0026 062 088 089 123 234 096 264 123
0027 061 099 088 128 239 107 274 133
0028 051 117 079 144 246 135 275 162
0029 047 161 083 183 237 190 262 219
0030 056 177 088 202 220 208 243 235
0031 076 201 104 226 000 000 000 000
0032 093 211 116 235 175 215 198 235
0033 105 216 131 239 179 215 203 239
0034 109 213 131 238 185 216 212 239
0035 108 212 136 239 194 222 216 239
0036 113 214 133 235 195 221 216 239
0037 113 219 132 239 186 219 208 238
0038 112 215 135 239 185 219 206 239
0039 114 217 136 239 183 219 203 239
0040 116 218 137 239 183 216 205 239
