0003 152 216 190 239 000 000 000 000
0004 142 174 176 218 000 000 000 000
0005 125 107 162 170 000 000 000 000
0006 110 072 149 139 000 000 000 000
0007 102 070 147 129 000 000 000 000
0008 101 068 147 131 000 000 000 000
0009 102 068 148 127 000 000 000 000
0010 102 068 148 125 082 218 120 239
0011 104 068 149 126 087 197 133 237
0012 086 157 137 200 106 069 146 134
0013 085 131 135 173 101 087 141 139
0014 091 119 144 165 000 000 000 000
0015 087 135 139 175 000 000 000 000
0016 088 142 135 184 000 000 000 000
0017 088 142 134 184 000 000 000 000
0018 084 140 128 184 000 000 000 000
0019 089 145 141 186 000 000 000 000
0020 088 144 135 187 000 000 000 000
0021 081 142 132 190 000 000 000 000
0022 085 148 138 191 000 000 000 000
0023 080 155 130 195 000 000 000 000
0024 083 164 140 207 000 000 000 000
0025 105 177 151 219 081 190 120 234
0026 119 200 162 236 080 212 118 239
0027 125 212 170 239 000 000 000 000
