0000 169 202 194 239 060 213 089 239
0001 171 202 195 238 063 216 091 237
0002 171 201 195 237 063 212 092 239
0003 172 200 195 236 066 211 092 239
0004 173 200 196 235 067 210 093 239
0005 176 195 201 237 068 209 095 237
0006 176 191 203 237 067 215 096 239
0007 184 189 211 235 067 210 096 235
0008 190 180 218 225 068 211 099 238
0009 198 162 229 205 070 210 098 235
0010 200 141 242 180 069 209 098 239
0011 207 125 247 152 070 209 099 235
0012 211 093 249 126 069 213 100 239
0013 212 070 247 110 068 210 097 239
0014 213 055 251 098 068 210 097 239
0015 215 040 250 091 068 210 097 239
0016 220 029 257 076 068 210 098 239
0017 225 023 258 074 070 209 100 238
0018 230 022 265 071 069 211 098 239
0019 237 024 271 067 069 209 098 239
0020 233 028 269 073 069 209 098 239
0021 221 024 264 074 068 210 097 239
0022 210 024 247 068 067 210 097 238
0023 192 027 222 068 068 210 098 238
0024 169 028 210 068 066 213 097 239
0025 166 030 207 068 065 214 096 239
0026 175 028 211 068 065 214 096 239
0027 189 027 219 068 065 213 095 239
0028 220 028 247 072 065 214 095 239
0029 064 209 094 238 242 037 272 078
0030 063 209 093 239 255 048 289 082
0031 267 066 307 091 062 209 090 238
0032 269 066 315 093 061 209 090 238
0033 261 058 312 091 062 207 090 238
0034 240 043 287 082 061 208 091 238
0035 063 209 094 238 214 032 242 070
0036 175 029 213 064 066 206 095 237
0037 171 034 208 067 067 206 095 237
0038 066 209 095 237 180 034 212 063
0039 065 207 094 236 195 035 227 063
0040 225 032 252 069 064 207 093 236
0041 249 044 280 085 061 206 097 237
0042 064 208 094 238 268 061 305 093
0043 275 071 318 100 064 207 094 237
0044 271 067 319 100 064 205 095 237
0045 255 063 304 100 063 203 093 239
0046 232 055 274 093 062 203 098 236
0047 067 207 095 237 194 047 225 086
0048 161 043 204 079 068 207 096 237
0049 171 042 206 075 067 208 097 237
0050 181 044 216 074 068 207 098 237
0051 069 209 098 238 199 043 228 073
0052 067 208 098 238 227 039 256 073
0053 252 044 281 083 067 206 096 238
0054 066 209 096 239 266 054 304 091
0055 067 207 096 238 281 075 319 104
0056 064 205 099 238 285 089 318 116
0057 064 204 099 237 285 092 316 116
0058 267 084 318 116 067 208 095 238
0059 240 075 284 107 067 205 095 238
0060 182 049 223 087 068 204 095 237
0061 067 206 097 237 161 040 203 080
0062 067 207 097 237 162 041 201 078
0063 068 208 098 237 174 047 205 074
0064 067 207 098 237 181 048 215 075
0065 068 208 097 239 202 044 234 075
0066 222 040 250 080 067 207 097 238
0067 247 043 273 085 068 207 097 237
0068 269 062 305 099 066 206 096 237
0069 062 204 098 237 279 078 319 112
0070 064 208 093 238 284 089 313 120
0071 064 207 094 238 283 101 314 126
0072 264 105 315 138 064 204 094 237
0073 228 099 272 135 064 204 094 237
0074 177 080 223 117 064 203 094 237
0075 065 203 093 235 150 057 198 098
0076 152 040 190 073 067 207 094 237
0077 169 039 198 069 068 204 096 236
0078 067 205 098 239 175 042 205 067
0079 063 203 093 238 186 041 217 068
0080 063 206 097 238 195 040 232 073
0081 061 206 097 237 226 037 253 076
0082 251 044 277 087 063 209 094 239
0083 265 066 304 104 064 206 094 237
0084 269 108 311 140 068 208 097 237
0085 262 140 301 175 071 210 101 238
0086 257 161 289 205 071 213 101 239
0087 234 188 263 234 075 210 102 238
0088 076 209 104 239 210 202 234 238
0089 191 206 214 238 079 209 106 238
0090 079 212 109 239 182 202 206 236
0091 079 213 109 239 183 200 205 234
0092 182 202 205 235 081 212 109 239
0093 081 212 110 239 180 203 205 239
0094 079 212 110 239 180 203 206 239
0095 080 208 111 235 182 200 205 238
