0000 107 194 158 236 000 000 000 000
0001 105 193 155 237 000 000 000 000
0002 108 194 155 238 000 000 000 000
0003 105 191 152 238 000 000 000 000
0004 094 180 134 237 000 000 000 000
0005 062 159 122 211 000 000 000 000
0006 045 117 101 177 000 000 000 000
0007 043 081 098 151 000 000 000 000
0008 048 049 098 125 000 000 000 000
0009 050 040 098 121 000 000 000 000
0010 051 030 099 114 000 000 000 000
0011 052 031 099 114 000 000 000 000
0012 051 034 100 112 000 000 000 000
0013 050 034 101 114 000 000 000 000
0014 051 035 100 116 000 000 000 000
0015 052 034 102 118 000 000 000 000
0016 052 033 102 118 000 000 000 000
0017 050 036 102 113 000 000 000 000
0018 051 035 103 112 000 000 000 000
0019 051 034 104 113 000 000 000 000
0020 054 033 105 116 000 000 000 000
0021 055 034 107 112 000 000 000 000
0022 069 042 115 121 000 000 000 000
0023 087 082 134 134 000 000 000 000
0024 102 132 152 187 000 000 000 000
0025 110 157 159 213 000 000 000 000
0026 116 190 160 239 000 000 000 000
0027 114 194 161 239 000 000 000 000
0028 111 195 159 239 000 000 000 000
