0000 183 207 214 239 104 215 142 239
0001 185 206 215 236 105 214 141 239
0002 184 205 215 236 106 214 143 239
0003 185 200 217 238 109 210 148 239
0004 126 194 188 239 190 159 222 209
0005 141 155 200 197 190 122 229 165
0006 189 091 232 136 157 106 208 164
0007 176 062 228 110 167 083 207 147
0008 170 066 205 134 168 051 225 097
0009 164 045 218 086 169 061 204 126
0010 168 043 220 084 168 057 202 120
0011 170 043 220 081 168 060 202 116
0012 168 043 219 080 171 057 202 118
0013 170 057 203 115 168 043 220 081
0014 171 057 200 116 168 040 218 076
0015 170 039 219 076 165 057 201 110
0016 169 043 220 079 170 058 203 120
0017 169 047 221 086 166 061 202 123
0018 177 060 221 108 157 098 197 142
0019 144 136 189 178 188 101 224 151
0020 136 168 183 204 196 159 226 197
0021 131 188 183 224 196 193 225 228
0022 131 192 184 232 193 199 223 234
0023 134 198 184 237 191 204 218 237
0024 133 198 184 239 191 202 218 237
0025 136 198 188 237 190 205 217 237
0026 137 199 188 236 188 207 216 238
0027 137 198 191 235 192 208 221 239
