0000 102 204 135 236 146 210 184 236
0001 060 183 105 224 113 186 166 227
0002 030 151 088 193 107 169 161 198
0003 019 124 080 168 090 147 146 182
0004 015 108 078 153 070 133 127 171
0005 015 102 077 148 068 134 137 169
0006 016 099 077 145 065 122 131 163
0007 015 102 075 147 062 121 124 163
0008 017 104 074 147 057 114 121 157
0009 014 104 073 147 049 114 116 152
0010 018 102 072 148 046 107 100 154
0011 016 102 076 145 000 000 000 000
0012 015 105 063 143 038 103 088 149
0013 016 104 071 144 000 000 000 000
0014 012 111 103 161 000 000 000 000
0015 014 109 071 149 052 133 113 174
0016 024 136 085 170 076 157 134 188
0017 040 154 095 190 102 170 151 200
0018 079 181 116 223 111 192 161 230
0019 095 201 134 237 134 206 179 235
0020 105 210 144 239 151 215 191 237
0021 109 215 141 237 156 216 195 239
0022 154 222 191 238 110 218 141 238
0023 157 222 196 239 109 215 142 238
0024 106 210 143 237 160 217 196 239
0025 102 181 148 236 152 189 198 237
0026 101 153 142 202 155 160 202 210
0027 158 129 213 165 097 132 143 170
0028 100 105 145 142 161 104 207 133
0029 159 090 205 122 102 088 144 129
0030 159 077 206 116 102 076 150 117
0031 162 072 208 112 106 074 150 116
0032 161 075 208 116 107 073 151 117
0033 161 080 208 119 107 082 153 122
0034 160 083 206 119 107 086 146 121
0035 159 084 204 119 107 084 147 119
0036 161 086 202 118 106 088 144 121
0037 160 090 202 124 107 091 143 121
0038 104 119 146 151 163 122 209 152
0039 100 142 142 171 158 151 205 181
0040 105 184 148 236 152 201 192 239
0041 107 202 144 236 157 207 196 235
0042 157 221 195 237 108 216 143 239
0043 159 220 196 237 000 000 000 000
0044 154 218 198 239 000 000 000 000
0045 156 219 198 239 000 000 000 000
0046 163 221 200 237 000 000 000 000
0047 159 221 199 239 000 000 000 000
