0000 119 212 156 236 000 000 000 000
0001 119 212 156 236 000 000 000 000
0002 118 212 156 236 000 000 000 000
0003 117 208 157 236 000 000 000 000
0004 123 205 156 236 000 000 000 000
0005 129 187 157 228 000 000 000 000
0006 124 162 156 202 000 000 000 000
0007 130 135 155 178 000 000 000 000
0008 127 123 159 171 000 000 000 000
0009 122 112 160 157 000 000 000 000
0010 122 106 153 154 000 000 000 000
0011 116 110 151 155 000 000 000 000
0012 113 109 152 156 000 000 000 000
0013 118 104 157 154 000 000 000 000
0014 122 102 154 148 000 000 000 000
0015 115 106 148 152 000 000 000 000
0016 125 106 151 148 000 000 000 000
0017 123 104 160 148 000 000 000 000
0018 119 105 150 145 000 000 000 000
0019 119 113 154 159 000 000 000 000
0020 124 107 151 151 000 000 000 000
0021 122 111 157 159 000 000 000 000
0022 121 108 151 159 000 000 000 000
0023 117 106 149 162 000 000 000 000
0024 121 117 155 164 000 000 000 000
0025 121 117 151 164 000 000 000 000
0026 123 121 153 169 000 000 000 000
0027 130 132 157 182 000 000 000 000
0028 131 145 158 194 000 000 000 000
0029 123 172 163 215 000 000 000 000
0030 125 194 162 235 000 000 000 000
0031 125 207 158 239 000 000 000 000
0032 127 210 155 237 000 000 000 000
0033 124 211 157 237 000 000 000 000
0034 124 212 155 236 000 000 000 000
0035 124 211 155 236 000 000 000 000
0036 122 213 157 236 000 000 000 000
0037 122 213 157 236 000 000 000 000
0038 122 212 158 237 000 000 000 000
