0000 081 222 103 239 172 221 192 239
0001 081 222 103 239 172 221 192 239
0002 081 222 103 239 173 218 196 239
0003 081 222 103 239 175 220 195 239
0004 081 222 103 239 176 218 197 239
0005 080 221 100 239 199 218 221 239
0006 235 193 260 224 080 215 100 239
0007 079 217 103 239 233 131 258 154
0008 206 053 236 085 078 220 100 239
0009 186 034 216 075 077 220 100 239
0010 160 039 196 072 076 216 101 239
0011 155 053 184 082 077 221 101 239
0012 160 065 186 090 076 221 097 239
0013 160 067 187 089 076 220 099 239
0014 155 067 185 091 074 217 098 238
0015 156 067 184 092 074 216 098 237
0016 155 066 184 091 073 216 097 237
0017 155 066 183 091 073 216 097 237
0018 155 066 184 091 074 216 097 236
0019 155 066 184 091 074 216 097 237
0020 155 066 184 092 073 215 098 236
0021 155 067 184 091 073 215 097 239
0022 160 066 190 090 069 217 092 239
0023 191 066 222 103 070 217 094 238
0024 219 124 250 153 072 217 098 238
0025 075 217 100 238 220 168 255 191
0026 205 207 228 238 080 219 103 239
0027 082 220 106 239 185 216 206 237
0028 085 220 106 239 176 218 196 238
0029 087 215 108 239 174 219 195 238
0030 086 221 106 239 171 218 195 239
0031 085 221 105 239 173 218 196 239
