0000 133 188 153 218 201 187 219 211
0001 130 194 153 215 204 186 222 208
0002 131 188 150 218 208 186 227 208
0003 132 190 150 219 206 185 223 208
0004 133 190 151 219 208 187 227 209
0005 131 191 149 217 210 183 227 207
0006 128 189 148 219 215 183 234 209
0007 114 189 134 216 231 175 253 199
0008 096 183 118 211 248 166 272 190
0009 077 170 101 197 262 153 287 177
0010 273 141 299 161 060 153 087 175
0011 277 124 305 144 047 127 078 152
0012 041 106 075 129 280 109 307 127
0013 040 087 075 114 279 099 308 117
0014 040 076 072 104 279 094 308 112
0015 039 073 079 100 278 095 307 115
0016 036 069 073 100 278 094 306 113
0017 036 068 074 100 280 096 308 116
0018 039 071 077 102 284 096 309 117
0019 049 077 082 106 286 094 314 115
0020 284 096 309 116 072 085 100 113
0021 271 090 304 115 094 085 121 113
0022 109 077 145 104 258 081 290 109
0023 132 074 165 104 235 076 259 107
0024 141 060 168 095 210 064 233 099
0025 203 058 228 095 137 060 162 095
0026 130 059 154 094 208 057 230 093
0027 121 061 145 094 221 062 243 092
0028 112 067 137 102 234 068 259 100
0029 107 073 134 114 243 075 273 108
0030 244 080 277 112 111 082 136 118
0031 124 092 149 125 236 091 271 120
0032 137 096 170 127 226 091 254 125
0033 150 092 180 122 208 091 233 124
0034 149 080 179 109 190 079 216 106
0035 149 073 181 102 190 069 216 102
0036 138 063 165 092 199 063 222 096
0037 130 059 156 089 209 064 228 095
0038 125 061 149 089 214 065 234 099
0039 223 066 248 103 116 061 139 095
0040 112 060 135 094 235 067 263 102
0041 114 059 139 094 239 069 269 101
0042 234 073 264 107 125 062 150 097
0043 223 075 248 109 136 066 165 100
0044 141 073 173 106 211 075 234 108
0045 198 074 223 104 138 067 171 103
0046 136 068 166 099 198 069 222 102
0047 126 067 152 101 203 071 227 103
0048 123 066 149 099 208 078 230 104
0049 125 067 150 100 206 076 228 109
0050 129 072 152 103 205 082 228 115
0051 131 089 157 122 202 102 227 126
0052 136 119 164 145 204 124 226 151
0053 137 152 160 177 206 162 226 185
0054 137 166 159 195 205 173 227 197
0055 131 180 151 209 206 182 223 203
0056 126 190 143 216 203 179 221 203
0057 124 188 144 216 201 180 219 204
0058 125 189 145 216 199 181 216 208
0059 127 189 145 216 199 181 216 208
0060 129 187 148 217 202 177 219 203
0061 130 190 150 220 201 181 219 209
0062 131 188 152 220 202 181 219 209
0063 131 188 152 220 204 181 221 207
