0000 192 191 215 233 079 209 107 237
0001 190 185 214 231 079 209 107 237
0002 187 181 211 222 079 210 107 237
0003 171 157 202 194 083 213 109 239
0004 152 136 194 166 082 214 109 239
0005 136 118 184 144 081 213 110 238
0006 124 106 173 129 083 217 107 239
0007 122 099 163 119 079 210 108 237
0008 116 092 159 114 077 211 107 238
0009 113 089 158 114 081 210 107 237
0010 114 088 159 113 080 210 108 237
0011 116 089 161 113 080 212 106 236
0012 141 087 176 110 077 209 105 238
0013 074 208 102 239 154 081 210 107
0014 180 081 223 112 071 210 100 237
0015 184 086 222 114 068 207 093 237
0016 183 087 221 114 066 210 094 237
0017 183 086 222 113 066 208 094 237
0018 183 084 221 112 066 210 095 239
0019 183 084 222 111 072 212 101 239
0020 181 086 221 113 072 207 103 238
0021 182 089 223 117 074 211 103 239
0022 079 209 105 238 178 092 220 122
0023 075 206 104 238 179 100 220 129
0024 181 107 222 143 077 213 106 239
0025 181 125 222 161 077 208 105 238
0026 184 150 218 191 080 213 106 239
0027 189 182 216 229 081 213 107 239
0028 182 198 210 237 080 208 107 236
0029 175 200 205 235 081 213 108 239
0030 177 201 203 236 077 209 110 239
0031 181 196 208 235 077 208 110 239
0032 184 195 210 234 080 214 107 239
