0000 122 183 142 206 000 000 000 000
0001 125 182 144 208 000 000 000 000
0002 123 186 141 209 000 000 000 000
0003 125 188 142 211 000 000 000 000
0004 122 184 140 215 190 184 208 217
0005 198 187 219 211 109 180 126 213
0006 078 180 100 210 223 184 243 207
0007 046 159 084 199 259 144 282 166
0008 035 129 065 153 265 129 290 151
0009 029 124 064 148 270 120 296 139
0010 033 123 064 146 266 118 295 136
0011 032 123 062 145 265 115 295 132
0012 029 111 059 135 265 118 293 137
0013 032 067 059 095 264 114 294 132
0014 045 032 077 062 264 113 292 131
0015 076 003 105 034 267 113 296 129
0016 124 000 146 030 261 113 299 131
0017 145 003 168 029 262 113 293 130
0018 261 113 295 131 166 022 194 046
0019 173 039 204 058 265 113 298 129
0020 179 037 209 059 263 119 296 135
0021 175 029 203 052 263 120 295 137
0022 153 011 179 038 262 119 295 136
0023 133 002 157 032 263 121 295 138
0024 111 009 129 039 263 124 294 141
0025 264 126 292 142 088 014 108 041
0026 263 126 291 144 060 026 083 050
0027 040 045 065 072 262 126 287 143
0028 035 066 062 089 259 125 287 142
0029 033 078 061 100 263 127 291 146
0030 264 133 294 151 034 094 070 120
0031 251 144 283 168 034 126 074 153
0032 061 155 091 185 235 176 263 197
0033 086 167 107 199 211 178 230 205
0034 114 178 132 203 191 182 208 215
