0002 165 218 217 239 000 000 000 000
0003 164 203 215 238 000 000 000 000
0004 160 185 219 231 000 000 000 000
0005 156 171 216 212 000 000 000 000
0006 152 163 214 197 000 000 000 000
0007 150 152 213 185 000 000 000 000
0008 147 144 216 174 000 000 000 000
0009 150 140 213 171 000 000 000 000
0010 150 138 214 168 000 000 000 000
0011 150 135 215 165 000 000 000 000
0012 152 133 211 160 000 000 000 000
0013 152 132 216 162 000 000 000 000
0014 151 131 217 161 000 000 000 000
0015 151 132 215 161 000 000 000 000
0016 147 133 216 162 000 000 000 000
0017 149 133 214 163 000 000 000 000
0018 148 134 214 164 000 000 000 000
0019 148 134 214 165 000 000 000 000
0020 149 135 214 165 000 000 000 000
0021 149 135 214 165 000 000 000 000
0022 149 135 215 165 000 000 000 000
0023 149 135 213 164 000 000 000 000
0024 149 135 214 164 000 000 000 000
0025 149 135 213 164 000 000 000 000
0026 148 135 213 165 000 000 000 000
0027 149 136 214 165 000 000 000 000
0028 148 137 214 167 000 000 000 000
0029 147 138 212 167 000 000 000 000
0030 147 138 212 168 000 000 000 000
0031 147 139 214 168 000 000 000 000
0032 150 138 207 165 000 000 000 000
0033 149 140 215 169 000 000 000 000
0034 149 137 214 168 000 000 000 000
0035 147 140 215 169 000 000 000 000
0036 147 137 214 168 000 000 000 000
0037 147 139 214 169 000 000 000 000
0038 146 139 214 169 000 000 000 000
0039 147 138 214 169 000 000 000 000
0040 145 137 215 169 000 000 000 000
0041 145 138 215 168 000 000 000 000
0042 146 139 215 169 000 000 000 000
0043 145 139 215 169 000 000 000 000
0044 145 139 214 169 000 000 000 000
0045 149 139 214 170 000 000 000 000
0046 148 146 215 180 000 000 000 000
0047 150 163 216 199 000 000 000 000
0048 151 183 215 231 000 000 000 000
0049 162 209 211 239 000 000 000 000
