0003 177 224 216 239 000 000 000 000
0004 163 217 206 239 000 000 000 000
0005 160 201 207 236 000 000 000 000
0006 157 185 205 224 000 000 000 000
0007 151 171 201 210 000 000 000 000
0008 149 164 196 203 000 000 000 000
0009 142 156 194 193 000 000 000 000
0010 142 150 189 187 000 000 000 000
0011 140 145 188 182 000 000 000 000
0012 138 139 189 176 000 000 000 000
0013 138 140 189 177 000 000 000 000
0014 140 142 188 178 000 000 000 000
0015 141 143 189 179 000 000 000 000
0016 141 142 189 179 000 000 000 000
0017 139 140 188 177 000 000 000 000
0018 139 140 188 177 000 000 000 000
0019 139 140 187 177 000 000 000 000
0020 139 139 188 177 000 000 000 000
0021 139 139 187 176 000 000 000 000
0022 139 138 187 175 000 000 000 000
0023 140 138 187 176 000 000 000 000
0024 139 139 187 177 000 000 000 000
0025 139 140 187 178 000 000 000 000
0026 140 141 187 178 000 000 000 000
0027 139 142 187 179 000 000 000 000
0028 138 143 187 181 000 000 000 000
0029 137 145 186 183 000 000 000 000
0030 138 144 186 182 000 000 000 000
0031 138 144 186 183 000 000 000 000
0032 138 145 186 184 000 000 000 000
0033 138 146 186 185 000 000 000 000
0034 138 145 186 184 000 000 000 000
0035 139 145 186 184 000 000 000 000
0036 138 145 186 184 000 000 000 000
0037 138 145 186 184 000 000 000 000
0038 138 145 187 184 000 000 000 000
0039 138 145 186 184 000 000 000 000
0040 138 145 186 184 000 000 000 000
0041 138 146 186 184 000 000 000 000
0042 138 145 186 184 000 000 000 000
0043 138 145 186 184 000 000 000 000
0044 138 145 186 184 000 000 000 000
0045 138 145 186 184 000 000 000 000
0046 138 145 186 184 000 000 000 000
0047 138 145 186 184 000 000 000 000
0048 137 145 185 183 000 000 000 000
0049 137 145 185 183 000 000 000 000
0050 137 145 186 184 000 000 000 000
0051 138 145 185 183 000 000 000 000
0052 138 145 185 183 000 000 000 000
0053 137 145 185 183 000 000 000 000
0054 137 144 185 183 000 000 000 000
0055 137 145 185 183 000 000 000 000
0056 137 146 185 185 000 000 000 000
0057 138 144 185 183 000 000 000 000
0058 138 146 185 185 000 000 000 000
0059 139 144 186 184 000 000 000 000
0060 138 155 188 196 000 000 000 000
0061 144 175 196 221 000 000 000 000
0062 151 208 200 239 000 000 000 000
