0006 216 157 267 205 000 000 000 000
0007 203 096 254 163 000 000 000 000
0008 187 074 234 143 000 000 000 000
0009 176 067 223 133 000 000 000 000
0010 169 059 212 132 000 000 000 000
0011 164 060 212 125 000 000 000 000
0012 169 056 208 129 000 000 000 000
0013 165 060 213 126 000 000 000 000
0014 165 061 214 127 000 000 000 000
0015 165 061 214 127 000 000 000 000
0016 165 061 215 127 000 000 000 000
0017 168 060 211 130 000 000 000 000
0018 168 060 211 131 000 000 000 000
0019 170 060 211 131 000 000 000 000
0020 167 059 210 130 000 000 000 000
0021 168 061 211 131 000 000 000 000
0022 171 061 216 132 000 000 000 000
0023 176 072 218 143 000 000 000 000
0024 192 101 237 174 000 000 000 000
0025 195 170 253 228 000 000 000 000
