0000 108 203 137 236 196 221 222 239
0001 106 195 129 230 196 220 219 238
0002 102 180 127 210 190 216 219 239
0003 104 164 134 196 193 220 218 239
0004 111 148 148 175 193 221 219 239
0005 116 137 153 165 194 215 219 239
0006 124 137 161 161 195 218 222 239
0007 127 135 164 159 197 217 224 238
0008 130 138 161 161 198 220 223 238
0009 127 135 161 160 198 221 223 238
0010 131 136 163 160 197 220 223 237
0011 131 136 163 159 201 219 226 239
0012 130 138 160 162 196 219 221 237
0013 131 136 162 160 200 219 224 239
0014 130 138 161 162 196 217 224 239
0015 130 137 161 162 201 218 227 239
0016 130 138 161 162 197 220 224 237
0017 130 135 160 158 197 219 224 237
0018 130 141 162 167 198 219 224 237
0019 126 146 164 171 197 216 224 239
0020 125 162 164 189 195 220 222 237
0021 128 183 160 214 193 215 219 237
0022 126 203 150 237 187 219 216 239
0023 187 219 216 239 120 209 142 238
0024 189 215 217 239 115 214 137 236
0025 189 213 217 239 116 212 137 236
0026 192 212 218 235 113 209 138 239
0027 191 212 218 236 113 214 136 239
0028 188 212 216 239 112 210 136 239
