0010 101 220 137 237 000 000 000 000
0011 094 181 132 208 000 000 000 000
0012 076 155 129 182 000 000 000 000
0013 061 146 116 170 000 000 000 000
0014 059 136 110 160 000 000 000 000
0015 078 128 121 152 000 000 000 000
0016 092 127 137 152 000 000 000 000
0017 120 124 159 151 000 000 000 000
0018 110 124 154 150 000 000 000 000
0019 093 132 143 157 000 000 000 000
0020 071 138 131 165 000 000 000 000
0021 043 144 103 171 000 000 000 000
0022 048 138 100 167 000 000 000 000
0023 080 125 135 156 000 000 000 000
0024 099 125 148 153 000 000 000 000
0025 126 131 168 154 000 000 000 000
0026 109 122 162 153 000 000 000 000
0027 096 131 139 152 000 000 000 000
0028 063 128 122 158 000 000 000 000
0029 058 132 112 163 000 000 000 000
0030 078 150 120 180 000 000 000 000
0031 088 166 132 202 000 000 000 000
0032 080 155 130 188 000 000 000 000
0033 065 107 109 142 000 000 000 000
0034 062 074 104 120 000 000 000 000
0035 071 041 112 092 000 000 000 000
0036 094 032 133 087 000 000 000 000
0037 097 038 135 092 000 000 000 000
0038 100 072 133 116 000 000 000 000
0039 107 103 143 151 000 000 000 000
0040 131 184 159 232 000 000 000 000
0047 145 220 178 239 000 000 000 000
