0000 087 208 125 239 158 181 198 221
0001 161 181 201 222 087 208 125 239
0002 161 174 201 211 087 208 125 239
0003 086 207 125 239 157 165 196 203
0004 141 156 185 196 086 206 124 239
0005 121 160 167 209 082 204 119 239
0006 081 203 114 238 110 162 160 216
0007 105 165 148 231 065 197 102 235
0008 105 168 147 236 055 197 090 239
0009 104 168 147 237 048 199 087 237
0010 103 170 146 237 049 205 086 236
0011 104 171 151 232 064 205 097 239
0012 112 168 149 236 069 202 104 237
0013 107 173 148 238 053 200 096 238
0014 110 170 150 234 073 198 108 238
0015 112 170 150 235 071 192 103 236
0016 108 174 148 238 057 192 099 238
0017 111 172 151 236 070 193 099 236
0018 112 169 150 235 071 206 099 239
0019 108 173 146 236 070 193 100 238
0020 112 170 149 232 080 202 114 237
0021 112 169 151 234 079 200 120 237
0022 112 169 150 232 080 201 116 236
0023 112 169 150 233 081 203 118 237
0024 111 171 151 235 081 199 119 236
0025 113 170 150 235 079 201 114 236
0026 081 201 121 238 113 172 150 234
0027 083 201 125 238 113 172 151 233
0028 079 200 118 237 112 173 150 234
0029 080 197 119 238 113 172 151 235
0030 112 172 151 233 079 199 118 237
0031 080 198 118 237 111 172 150 233
0032 082 200 122 238 113 174 151 232
0033 111 170 152 233 082 198 116 237
0034 080 197 116 237 113 169 155 232
0035 117 172 162 225 081 193 116 234
0036 138 171 179 214 081 191 116 232
0037 151 172 185 210 081 189 118 231
0038 086 195 121 233 159 176 196 216
0039 088 198 124 235 165 184 198 223
0040 091 200 127 236 165 187 197 225
0041 091 200 128 236 163 188 199 224
0042 091 201 129 237 161 187 194 224
0043 091 202 129 237 160 188 194 224
0044 092 201 130 237 160 189 194 224
0045 091 202 130 237 158 191 196 226
0046 091 202 130 237 160 191 193 224
