0000 094 199 112 229 181 201 200 230
0001 095 198 115 229 178 200 198 235
0002 094 200 112 229 179 201 199 233
0003 088 185 109 217 191 181 216 217
0004 057 155 083 191 000 000 000 000
0005 031 129 067 158 240 116 288 140
0006 256 093 303 119 010 107 044 128
0007 272 078 317 104 001 088 042 112
0008 271 071 319 095 002 086 034 106
0009 281 071 316 093 002 080 030 102
0010 278 069 318 092 000 081 030 104
0011 274 071 315 098 000 080 028 104
0012 280 076 314 097 000 083 028 105
0013 277 076 318 099 000 079 027 105
0014 277 071 319 098 002 081 029 103
0015 279 076 315 099 002 080 029 103
0016 279 077 314 099 000 080 029 105
0017 279 088 313 111 004 092 028 113
0018 003 107 027 131 269 106 309 135
0019 005 148 042 174 257 144 287 192
0020 243 161 272 209 027 168 051 192
0021 238 164 268 216 029 166 057 198
0022 239 166 270 216 027 164 055 199
0023 239 165 271 215 029 163 058 199
0024 239 163 271 214 028 165 056 198
0025 239 162 271 214 028 166 055 199
0026 240 161 271 210 027 165 056 198
0027 027 167 055 199 243 163 274 214
0028 240 165 270 214 026 167 055 199
0029 239 162 269 215 026 166 056 198
0030 234 173 262 216 030 171 057 201
0031 225 180 255 224 039 180 062 210
0032 208 190 234 233 055 189 079 221
0033 072 198 094 229 194 196 218 238
0034 085 200 107 230 186 201 207 237
0035 092 199 116 229 176 206 196 239
0036 175 203 195 236 094 198 119 229
0037 174 203 194 236 096 199 119 231
