0004 199 223 231 239 000 000 000 000
0005 205 214 244 239 000 000 000 000
0006 210 211 255 239 000 000 000 000
0007 223 204 271 237 000 000 000 000
0008 232 195 286 234 000 000 000 000
0009 230 185 292 221 000 000 000 000
0010 232 158 287 193 000 000 000 000
0011 223 118 261 162 000 000 000 000
0012 208 107 241 161 000 000 000 000
0013 192 121 223 175 000 000 000 000
0014 187 151 218 205 000 000 000 000
0015 190 178 227 217 000 000 000 000
0016 196 189 249 234 000 000 000 000
0017 213 188 261 230 000 000 000 000
0018 223 176 274 211 000 000 000 000
0019 222 150 273 185 000 000 000 000
0020 210 122 252 168 000 000 000 000
0021 191 120 226 169 000 000 000 000
0022 169 139 207 188 000 000 000 000
0023 163 176 202 215 000 000 000 000
0024 181 198 220 239 000 000 000 000
0025 198 204 235 236 000 000 000 000
0026 215 190 256 235 000 000 000 000
0027 228 163 280 197 000 000 000 000
0028 223 139 270 176 000 000 000 000
0029 211 113 245 159 000 000 000 000
0030 185 117 220 166 000 000 000 000
0031 168 137 208 188 000 000 000 000
0032 170 172 209 209 000 000 000 000
0033 187 189 221 223 000 000 000 000
0034 204 194 244 239 000 000 000 000
0035 219 183 268 226 000 000 000 000
0036 231 167 281 203 000 000 000 000
0037 229 145 275 179 000 000 000 000
0038 218 119 253 164 000 000 000 000
0039 196 116 230 163 000 000 000 000
0040 169 132 211 180 000 000 000 000
0041 164 154 205 198 000 000 000 000
0042 174 188 214 227 000 000 000 000
0043 202 204 238 237 000 000 000 000
0044 216 196 258 239 000 000 000 000
0045 228 178 274 221 000 000 000 000
0046 228 156 275 190 000 000 000 000
0047 221 129 258 169 000 000 000 000
0048 202 114 236 162 000 000 000 000
0049 181 117 221 163 000 000 000 000
0050 163 132 205 180 000 000 000 000
0051 163 164 206 204 000 000 000 000
0052 184 176 218 218 000 000 000 000
0053 205 175 245 219 000 000 000 000
0054 218 165 265 205 000 000 000 000
0055 226 150 277 187 000 000 000 000
0056 228 129 277 166 000 000 000 000
0057 223 111 266 156 000 000 000 000
0058 210 093 247 144 000 000 000 000
0059 185 095 219 150 000 000 000 000
0060 162 110 211 161 000 000 000 000
0061 151 131 207 174 000 000 000 000
0062 157 152 210 195 000 000 000 000
0063 174 163 219 205 000 000 000 000
0064 190 161 229 207 000 000 000 000
0065 213 158 242 202 000 000 000 000
0066 220 146 265 191 000 000 000 000
0067 226 129 280 167 000 000 000 000
0068 223 106 276 151 000 000 000 000
0069 212 084 257 135 000 000 000 000
0070 205 076 233 128 000 000 000 000
0071 188 076 218 136 000 000 000 000
0072 174 088 207 148 000 000 000 000
0073 170 105 203 159 000 000 000 000
0074 169 131 201 178 000 000 000 000
0075 183 169 220 210 000 000 000 000
0076 198 175 239 219 000 000 000 000
0077 215 171 263 212 000 000 000 000
0078 223 159 275 196 000 000 000 000
0079 229 143 282 179 000 000 000 000
0080 225 122 283 161 000 000 000 000
0081 225 108 275 151 000 000 000 000
0082 217 090 251 141 000 000 000 000
0083 197 082 224 138 000 000 000 000
0084 177 092 212 149 000 000 000 000
0085 169 114 211 166 000 000 000 000
0086 177 151 206 196 000 000 000 000
0087 184 184 215 232 000 000 000 000
0088 186 209 217 239 000 000 000 000
0089 186 217 217 239 000 000 000 000
