0004 159 209 196 239 000 000 000 000
0005 155 197 193 239 125 213 164 239
0006 140 195 195 236 000 000 000 000
0007 151 184 206 236 000 000 000 000
0008 161 164 220 215 000 000 000 000
0009 168 157 231 207 000 000 000 000
0010 173 153 245 195 000 000 000 000
0011 195 149 255 190 166 146 221 190
0012 198 145 259 189 171 143 226 180
0013 199 143 262 185 170 142 218 178
0014 207 141 259 183 170 139 223 176
0015 202 140 259 183 172 141 220 177
0016 182 140 251 182 000 000 000 000
0017 184 138 253 181 000 000 000 000
0018 187 138 248 184 000 000 000 000
0019 192 139 249 182 000 000 000 000
0020 189 140 256 184 000 000 000 000
0021 195 143 251 182 000 000 000 000
0022 193 134 257 181 000 000 000 000
0023 189 133 251 175 000 000 000 000
0024 187 134 251 173 000 000 000 000
0025 184 134 261 176 000 000 000 000
0026 204 130 266 172 180 134 231 171
0027 216 131 271 173 180 131 229 167
0028 216 131 274 171 179 132 228 168
0029 216 131 276 171 180 132 228 168
0030 217 132 273 171 186 133 234 169
0031 210 132 270 173 182 134 237 172
0032 195 133 265 176 000 000 000 000
0033 193 132 262 175 000 000 000 000
0034 198 134 261 177 000 000 000 000
0035 201 135 265 179 000 000 000 000
0036 201 135 264 177 000 000 000 000
0037 198 134 265 176 000 000 000 000
0038 201 133 263 176 000 000 000 000
0039 197 133 261 177 000 000 000 000
0040 196 132 268 173 000 000 000 000
0041 212 133 270 175 000 000 000 000
0042 221 131 279 174 188 132 241 170
0043 226 133 285 175 182 130 235 167
0044 226 133 286 175 180 132 237 166
0045 224 132 285 176 182 132 234 167
0046 221 133 278 176 186 133 236 170
0047 206 135 272 176 000 000 000 000
0048 198 132 266 177 000 000 000 000
0049 195 135 260 179 000 000 000 000
0050 197 137 260 182 000 000 000 000
0051 196 135 265 180 000 000 000 000
0052 196 134 266 180 000 000 000 000
0053 198 140 265 184 000 000 000 000
0054 194 139 262 182 000 000 000 000
0055 191 144 256 190 000 000 000 000
0056 181 156 251 198 000 000 000 000
0057 173 164 250 206 000 000 000 000
0058 158 188 222 230 203 174 250 235
0059 140 211 201 237 203 202 241 237
