0010 177 221 220 239 000 000 000 000
0011 114 212 170 239 000 000 000 000
0012 089 193 144 233 000 000 000 000
0013 086 187 143 227 000 000 000 000
0014 083 183 136 218 000 000 000 000
0015 079 179 133 213 000 000 000 000
0016 078 174 130 208 000 000 000 000
0017 078 170 130 207 000 000 000 000
0018 075 173 128 205 000 000 000 000
0019 075 170 124 202 000 000 000 000
0020 073 173 119 205 000 000 000 000
0021 073 171 122 205 000 000 000 000
0022 073 169 121 202 000 000 000 000
0023 073 172 122 203 000 000 000 000
0024 073 169 115 204 000 000 000 000
0025 073 170 118 206 000 000 000 000
0026 072 175 117 210 000 000 000 000
0027 073 176 116 210 000 000 000 000
0028 073 178 128 212 000 000 000 000
0029 079 174 143 215 000 000 000 000
0030 102 176 161 222 000 000 000 000
0031 128 182 186 227 000 000 000 000
0032 157 195 208 237 000 000 000 000
0033 194 198 242 237 000 000 000 000
0034 220 208 268 239 000 000 000 000
0035 260 220 298 237 000 000 000 000
0036 255 204 304 235 272 221 310 239
0037 268 212 316 237 000 000 000 000
0038 270 211 319 236 000 000 000 000
0039 276 210 319 235 000 000 000 000
0040 283 204 319 235 000 000 000 000
0041 289 197 319 235 000 000 000 000
0042 285 201 319 234 000 000 000 000
0043 286 207 319 235 000 000 000 000
0044 284 209 319 235 000 000 000 000
0045 284 210 319 234 000 000 000 000
0046 282 213 319 234 000 000 000 000
0047 281 215 319 234 000 000 000 000
0048 277 211 319 238 000 000 000 000
0049 277 212 319 238 000 000 000 000
0050 280 214 316 238 000 000 000 000
0051 265 209 317 234 000 000 000 000
