0005 172 205 224 237 000 000 000 000
0006 155 175 212 212 000 000 000 000
0007 134 158 190 187 000 000 000 000
0008 105 148 171 178 000 000 000 000
0009 077 142 151 172 000 000 000 000
0010 058 136 127 162 000 000 000 000
0011 051 133 120 160 000 000 000 000
0012 043 125 115 157 000 000 000 000
0013 042 124 112 153 000 000 000 000
0014 043 123 112 152 000 000 000 000
0015 048 126 118 154 000 000 000 000
0016 062 129 130 158 000 000 000 000
0017 079 132 152 161 000 000 000 000
0018 117 137 181 165 000 000 000 000
0019 140 133 194 166 000 000 000 000
0020 158 136 222 165 000 000 000 000
0021 178 131 245 162 000 000 000 000
0022 189 133 255 164 000 000 000 000
0023 195 127 263 158 000 000 000 000
0024 192 132 260 163 000 000 000 000
0025 186 134 250 163 000 000 000 000
0026 166 139 231 167 000 000 000 000
0027 145 139 207 171 000 000 000 000
0028 125 139 187 171 000 000 000 000
0029 101 140 160 173 000 000 000 000
0030 077 136 150 166 000 000 000 000
0031 064 133 136 162 000 000 000 000
0032 060 128 127 157 000 000 000 000
0033 053 124 120 153 000 000 000 000
0034 050 121 116 150 000 000 000 000
0035 050 122 120 151 000 000 000 000
0036 054 126 123 154 000 000 000 000
0037 064 128 131 157 000 000 000 000
0038 082 132 150 161 000 000 000 000
0039 105 136 167 168 000 000 000 000
0040 136 134 194 166 000 000 000 000
0041 164 138 222 169 000 000 000 000
0042 182 137 245 169 000 000 000 000
0043 193 136 258 170 000 000 000 000
0044 198 135 260 170 000 000 000 000
0045 198 145 259 186 000 000 000 000
0046 194 163 247 210 000 000 000 000
0047 186 192 231 235 000 000 000 000
0048 182 223 221 239 000 000 000 000
