0000 190 218 216 237 116 219 140 239
0001 115 216 140 239 189 223 214 239
0002 118 217 142 239 189 221 214 239
0003 117 215 139 237 192 221 219 239
0004 199 214 228 239 114 216 140 239
0005 199 200 229 239 113 216 140 239
0006 188 182 226 221 118 217 142 239
0007 173 171 221 202 114 215 140 238
0008 152 160 207 189 114 216 140 238
0009 129 157 182 182 117 220 142 239
0010 114 151 162 175 117 216 139 237
0011 106 147 153 174 118 220 145 239
0012 092 140 154 165 114 214 141 237
0013 091 139 143 163 112 214 141 238
0014 093 138 143 162 114 211 138 239
0015 096 139 144 164 111 215 141 239
0016 113 212 142 238 093 138 145 166
0017 112 214 142 239 094 140 141 163
0018 112 214 142 239 091 139 140 162
0019 113 209 140 239 093 137 134 162
0020 115 213 143 239 092 138 146 163
0021 115 212 143 239 088 137 141 161
0022 115 212 144 239 089 139 142 163
0023 115 212 143 239 088 138 144 162
0024 115 211 143 239 088 138 144 162
0025 115 211 143 239 089 136 142 161
0026 115 211 144 239 089 138 144 163
0027 115 211 144 239 088 138 143 162
0028 115 211 144 239 090 139 144 162
0029 115 211 144 239 095 139 151 164
0030 101 144 154 166 114 208 140 238
0031 109 159 166 183 115 209 141 239
0032 135 182 186 223 116 215 144 239
0033 115 218 145 239 000 000 000 000
0034 114 220 139 238 219 218 242 237
0035 115 215 138 237 223 216 248 239
0036 226 212 249 239 114 215 136 236
0037 113 218 135 238 216 213 239 239
0038 113 221 139 238 203 220 223 239
