0002 152 203 187 237 000 000 000 000
0003 154 127 205 191 000 000 000 000
0004 160 099 208 160 000 000 000 000
0005 161 093 205 147 000 000 000 000
0006 159 080 208 144 000 000 000 000
0007 165 072 206 143 000 000 000 000
0008 167 070 207 139 000 000 000 000
0009 162 074 215 139 000 000 000 000
0010 162 069 217 142 000 000 000 000
0011 163 071 204 143 000 000 000 000
0012 164 070 204 139 000 000 000 000
0013 159 077 208 138 000 000 000 000
0014 161 083 209 139 000 000 000 000
0015 164 079 211 138 000 000 000 000
0016 164 076 215 139 000 000 000 000
0017 160 073 212 144 000 000 000 000
0018 161 070 205 141 000 000 000 000
0019 161 079 206 146 000 000 000 000
0020 161 085 213 152 000 000 000 000
0021 161 107 212 172 000 000 000 000
0022 165 130 214 191 000 000 000 000
0023 164 154 216 206 000 000 000 000
0024 172 179 215 224 000 000 000 000
0025 170 213 208 239 000 000 000 000
