0007 128 207 181 239 000 000 000 000
0008 119 145 175 193 000 000 000 000
0009 124 106 172 145 000 000 000 000
0010 131 096 165 124 000 000 000 000
0011 138 082 174 120 000 000 000 000
0012 126 071 176 111 000 000 000 000
0013 126 083 180 132 000 000 000 000
0014 126 132 185 175 000 000 000 000
0015 119 181 183 220 000 000 000 000
0016 119 178 176 216 000 000 000 000
0017 119 173 172 208 000 000 000 000
0018 119 173 171 208 000 000 000 000
0019 118 175 170 209 000 000 000 000
0020 117 174 167 207 000 000 000 000
0021 117 173 167 207 000 000 000 000
0022 117 173 168 208 000 000 000 000
0023 122 176 170 218 000 000 000 000
0024 131 205 173 239 000 000 000 000
