0000 060 209 092 239 000 000 000 000
0001 063 207 096 235 000 000 000 000
0002 062 209 096 239 000 000 000 000
0003 061 207 097 239 000 000 000 000
0004 062 208 096 239 000 000 000 000
0005 062 209 091 236 000 000 000 000
0006 062 208 091 235 000 000 000 000
0007 062 207 091 235 000 000 000 000
0008 062 208 091 235 000 000 000 000
0009 062 208 092 236 000 000 000 000
0010 062 207 093 239 000 000 000 000
0011 061 210 092 237 000 000 000 000
0012 063 207 095 239 000 000 000 000
0013 063 207 096 239 163 218 195 239
0014 168 191 203 239 062 209 095 236
0015 171 185 214 234 061 208 094 239
0016 179 158 221 227 060 210 089 236
0017 183 129 226 212 060 210 089 237
0018 186 111 228 183 060 210 089 237
0019 188 092 230 165 060 211 088 236
0020 187 076 233 155 058 209 084 238
0021 186 070 227 142 060 210 089 237
0022 183 065 226 140 060 211 089 237
0023 177 066 224 136 059 210 088 237
0024 175 063 218 135 060 209 091 236
0025 176 063 218 134 058 206 083 237
0026 171 064 218 132 059 208 088 236
0027 170 064 217 133 059 207 089 236
0028 171 064 216 138 059 208 089 236
0029 172 062 216 138 059 207 084 236
0030 172 064 217 139 059 207 084 236
0031 172 065 217 139 060 206 090 236
0032 172 064 217 140 059 208 089 236
0033 172 064 217 138 059 208 089 236
0034 172 065 217 138 059 208 090 236
0035 172 065 217 138 060 207 087 236
0036 171 068 218 134 059 206 085 237
0037 173 064 217 138 061 207 091 234
0038 174 066 217 139 061 209 090 235
0039 175 073 217 145 060 209 090 235
0040 175 088 218 165 060 209 089 236
0041 174 121 214 184 060 210 089 237
0042 060 211 089 237 174 173 217 229
0043 060 208 090 239 164 221 208 239
0044 059 212 092 238 000 000 000 000
0045 061 210 090 239 000 000 000 000
0046 061 210 091 239 000 000 000 000
0047 060 210 097 239 000 000 000 000
0048 061 212 090 236 000 000 000 000
0049 058 213 096 238 000 000 000 000
0050 059 210 092 237 000 000 000 000
0051 060 212 093 237 000 000 000 000
0052 059 213 089 237 000 000 000 000
0053 059 213 090 237 000 000 000 000
0054 059 214 089 238 000 000 000 000
0055 060 213 089 237 000 000 000 000
0056 060 212 090 237 000 000 000 000
0057 060 212 090 237 000 000 000 000
0058 061 210 092 239 000 000 000 000
0059 059 212 090 237 000 000 000 000
0060 062 212 093 236 000 000 000 000
0061 062 211 095 236 000 000 000 000
0062 061 209 089 236 000 000 000 000
0063 063 209 091 238 000 000 000 000
0064 063 210 092 238 000 000 000 000
0065 063 210 092 238 000 000 000 000
0066 063 210 091 238 000 000 000 000
0067 063 209 094 238 000 000 000 000
0068 061 210 090 236 000 000 000 000
0069 061 211 090 236 000 000 000 000
0070 059 210 089 239 000 000 000 000
0071 062 208 092 239 000 000 000 000
0072 063 210 094 237 000 000 000 000
0073 059 212 095 238 000 000 000 000
0074 060 213 096 239 000 000 000 000
0075 062 214 095 238 000 000 000 000
0076 065 212 102 239 000 000 000 000
0077 066 214 095 236 000 000 000 000
0078 065 212 099 237 000 000 000 000
0079 066 211 099 237 000 000 000 000
0080 066 211 099 237 000 000 000 000
0081 065 211 099 238 000 000 000 000
0082 066 215 100 238 000 000 000 000
0083 067 211 100 237 000 000 000 000
0084 067 214 095 235 000 000 000 000
0085 067 215 096 235 000 000 000 000
0086 063 210 102 239 000 000 000 000
0087 063 210 100 239 000 000 000 000
0088 067 214 094 236 000 000 000 000
0089 067 214 095 236 000 000 000 000
0090 066 211 098 239 000 000 000 000
0091 064 209 100 239 000 000 000 000
0092 064 214 096 239 000 000 000 000
0093 064 214 095 239 000 000 000 000
0094 067 211 094 238 000 000 000 000
0095 067 211 096 239 000 000 000 000
0096 067 213 097 236 000 000 000 000
0097 064 210 101 238 000 000 000 000
0098 068 213 096 235 000 000 000 000
0099 067 214 095 236 000 000 000 000
0100 068 214 095 236 000 000 000 000
0101 064 211 099 238 000 000 000 000
0102 067 213 095 236 000 000 000 000
0103 064 210 098 238 000 000 000 000
0104 067 213 095 237 000 000 000 000
0105 067 213 095 236 000 000 000 000
0106 064 211 098 238 000 000 000 000
0107 067 211 099 236 000 000 000 000
0108 068 214 101 239 000 000 000 000
0109 068 214 101 239 000 000 000 000
0110 068 214 102 239 000 000 000 000
0111 067 213 102 239 000 000 000 000
0112 064 209 100 238 000 000 000 000
0113 064 209 100 238 000 000 000 000
0114 063 208 100 238 000 000 000 000
0115 066 213 102 239 000 000 000 000
0116 064 209 100 237 000 000 000 000
0117 068 214 102 239 000 000 000 000
0118 066 212 100 236 000 000 000 000
0119 067 214 102 239 000 000 000 000
0120 066 213 100 239 000 000 000 000
0121 065 213 099 239 000 000 000 000
0122 064 209 101 237 000 000 000 000
0123 066 209 098 234 000 000 000 000
0124 067 214 102 239 000 000 000 000
0125 068 215 103 239 000 000 000 000
0126 068 215 102 239 000 000 000 000
0127 068 211 103 239 000 000 000 000
0128 069 215 100 239 000 000 000 000
0129 070 214 100 239 000 000 000 000
0130 069 213 099 238 000 000 000 000
0131 067 212 095 236 000 000 000 000
0132 067 213 100 238 000 000 000 000
0133 067 212 098 238 000 000 000 000
0134 067 212 098 238 000 000 000 000
0135 067 212 098 238 000 000 000 000
0136 068 213 099 238 000 000 000 000
0137 068 213 099 238 000 000 000 000
0138 068 213 101 239 000 000 000 000
0139 068 213 101 238 000 000 000 000
0140 068 213 101 239 000 000 000 000
0141 067 214 096 236 000 000 000 000
0142 067 214 101 239 000 000 000 000
0143 067 213 095 236 000 000 000 000
0144 067 210 097 239 000 000 000 000
0145 065 211 101 238 000 000 000 000
