0000 134 204 155 232 189 199 206 228
0001 133 203 155 232 192 198 211 230
0002 196 197 217 228 127 202 145 229
0003 197 197 218 229 120 195 144 234
0004 117 195 142 235 194 199 216 231
0005 119 197 143 235 192 199 213 230
0006 122 200 146 235 192 198 213 229
0007 191 198 211 229 125 200 146 233
0008 192 199 213 230 128 201 147 233
0009 193 199 213 230 126 201 146 232
0010 193 199 214 230 122 202 144 232
0011 122 199 143 233 193 198 214 230
0012 192 198 213 231 119 194 142 234
0013 193 197 215 232 119 195 140 231
0014 116 194 138 229 197 196 219 230
0015 204 191 229 227 117 191 138 227
0016 125 186 144 218 219 188 240 219
0017 224 182 249 205 000 000 000 000
0018 238 156 267 182 000 000 000 000
0019 247 133 274 156 000 000 000 000
0020 246 111 274 137 000 000 000 000
0021 244 100 271 123 000 000 000 000
0022 241 091 269 114 000 000 000 000
0023 240 087 268 112 000 000 000 000
0024 237 086 264 109 000 000 000 000
0025 239 082 268 107 000 000 000 000
0026 239 083 268 107 000 000 000 000
0027 238 083 267 108 000 000 000 000
0028 238 085 267 110 000 000 000 000
0029 239 085 266 109 000 000 000 000
0030 240 085 266 110 000 000 000 000
0031 239 087 267 113 000 000 000 000
0032 240 094 267 119 000 000 000 000
0033 244 101 269 124 000 000 000 000
0034 243 111 271 139 000 000 000 000
0035 246 130 274 152 000 000 000 000
0036 245 149 273 173 000 000 000 000
0037 234 171 261 195 000 000 000 000
0038 224 183 248 211 000 000 000 000
0039 210 197 231 227 000 000 000 000
0040 193 197 211 228 000 000 000 000
0041 191 197 212 229 123 198 146 231
0042 121 196 144 230 195 200 216 225
0043 123 196 145 228 196 199 214 228
0044 125 201 151 229 195 198 216 228
