0000 110 201 132 235 174 200 192 232
0001 109 201 133 237 173 200 192 232
0002 108 201 132 236 173 202 192 233
0003 108 202 130 236 173 202 191 233
0004 107 202 129 236 172 203 189 232
0005 105 200 130 231 172 201 190 232
0006 104 200 129 231 171 201 189 233
0007 105 200 126 233 170 200 188 229
0008 103 199 126 229 171 200 192 233
0009 105 198 126 232 177 181 199 225
0010 105 201 127 234 181 147 211 185
0011 105 201 127 235 186 119 218 153
0012 104 201 126 233 185 102 222 134
0013 104 199 126 233 191 094 224 125
0014 104 199 125 233 190 091 225 122
0015 103 199 125 233 192 092 226 125
0016 103 200 126 234 193 092 225 125
0017 192 107 222 143 100 199 123 233
0018 104 199 123 229 186 143 207 176
0019 103 199 123 230 175 175 198 218
0020 103 199 123 230 168 197 194 232
0021 100 201 123 233 165 199 187 234
0022 102 201 123 233 166 198 187 231
0023 100 201 123 235 168 197 187 230
0024 103 201 126 234 170 196 188 230
