0003 164 189 192 238 000 000 000 000
0004 113 106 170 137 000 000 000 000
0005 093 090 151 111 000 000 000 000
0006 087 090 143 109 000 000 000 000
0007 088 089 144 110 000 000 000 000
0008 089 090 145 111 000 000 000 000
0009 088 090 145 113 000 000 000 000
0010 087 086 145 109 000 000 000 000
0011 087 087 146 110 000 000 000 000
0012 093 082 148 108 000 000 000 000
0013 087 088 144 109 000 000 000 000
0014 091 082 147 108 000 000 000 000
0015 091 082 146 107 000 000 000 000
0016 090 082 146 108 000 000 000 000
0017 089 093 144 117 000 000 000 000
0018 096 133 150 181 000 000 000 000
0019 125 207 160 238 000 000 000 000
