0006 118 219 153 239 170 213 204 239
0007 118 205 154 237 157 208 194 237
0008 113 196 154 238 146 199 189 237
0009 112 177 153 228 137 174 182 224
0010 111 161 153 204 141 156 184 205
0011 111 143 153 184 140 141 184 185
0012 111 127 152 174 137 124 184 172
0013 135 121 182 167 112 127 151 171
0014 112 129 154 171 141 128 184 170
0015 140 134 184 175 113 134 157 175
0016 114 135 155 177 138 135 185 177
0017 114 136 155 178 139 136 184 178
0018 137 136 185 180 112 137 152 177
0019 116 136 155 181 137 137 185 181
0020 116 137 155 181 139 134 181 177
0021 117 136 156 181 139 138 185 182
0022 109 137 158 178 138 138 185 182
0023 117 136 156 182 137 134 185 181
0024 111 136 154 179 135 134 185 181
0025 142 138 185 180 110 142 156 181
0026 112 164 157 209 143 161 186 208
0027 152 200 198 239 111 208 153 239
