0000 192 191 216 232 109 195 132 225
0001 196 192 218 231 108 194 130 224
0002 108 195 130 226 195 195 217 234
0003 190 196 213 236 112 194 132 225
0004 116 194 137 224 184 200 206 235
0005 118 192 139 224 179 193 199 230
0006 117 192 138 224 178 189 200 229
0007 114 191 135 223 179 183 201 220
0008 110 190 131 222 182 166 208 204
0009 109 188 130 217 184 146 211 177
0010 208 109 235 139 115 183 131 208
0011 233 060 263 098 000 000 000 000
0012 246 035 285 073 000 000 000 000
0013 255 027 290 063 000 000 000 000
0014 257 024 292 058 000 000 000 000
0015 259 019 291 055 000 000 000 000
0016 260 024 294 058 000 000 000 000
0017 259 028 295 058 000 000 000 000
0018 257 028 293 058 000 000 000 000
0019 253 024 293 060 000 000 000 000
0020 243 030 281 069 000 000 000 000
0021 227 049 268 090 000 000 000 000
0022 208 105 235 140 000 000 000 000
0023 195 150 215 188 000 000 000 000
0024 110 192 130 221 188 184 206 223
0025 106 195 128 224 188 193 207 232
0026 108 197 130 226 186 195 204 232
