0002 171 220 203 239 000 000 000 000
0003 135 197 190 239 000 000 000 000
0004 132 163 190 219 000 000 000 000
0005 129 141 184 195 000 000 000 000
0006 134 112 189 167 000 000 000 000
0007 137 090 190 147 000 000 000 000
0008 138 079 190 140 000 000 000 000
0009 139 076 190 139 000 000 000 000
0010 139 076 190 139 000 000 000 000
0011 138 077 190 139 000 000 000 000
0012 138 077 191 137 000 000 000 000
0013 140 078 191 139 000 000 000 000
0014 142 073 197 150 000 000 000 000
0015 159 085 210 158 000 000 000 000
0016 172 112 221 176 000 000 000 000
0017 173 119 221 186 000 000 000 000
0018 174 120 224 183 000 000 000 000
0019 175 114 221 181 000 000 000 000
0020 174 112 220 180 000 000 000 000
0021 176 116 219 177 000 000 000 000
0022 169 115 222 184 000 000 000 000
0023 169 132 210 202 000 000 000 000
0024 169 174 211 235 000 000 000 000
0025 168 221 210 238 000 000 000 000
