0000 131 188 154 218 196 185 215 213
0001 132 188 154 220 196 186 216 215
0002 196 188 213 215 134 187 156 222
0003 196 189 214 216 136 187 159 224
0004 196 188 213 215 136 187 159 223
0005 197 184 217 212 136 188 159 224
0006 198 182 219 210 135 194 157 217
0007 136 187 160 217 201 178 220 206
0008 141 184 165 216 201 168 223 196
0009 143 163 171 195 198 154 218 184
0010 144 138 169 162 202 139 226 163
0011 204 116 229 148 138 113 159 143
0012 212 099 240 133 128 092 149 127
0013 114 080 139 117 220 083 244 114
0014 104 080 135 115 221 080 249 112
0015 096 087 130 114 226 082 250 108
0016 092 092 126 117 227 086 254 114
0017 089 095 126 120 228 091 254 117
0018 091 094 129 121 227 090 255 117
0019 092 092 130 120 227 090 255 117
0020 093 093 129 119 227 090 255 117
0021 093 093 129 120 227 090 255 117
0022 093 091 129 119 227 087 253 114
0023 096 093 131 122 227 090 253 116
0024 222 091 249 116 104 091 129 116
0025 218 086 241 115 119 097 143 122
0026 208 097 232 127 131 107 154 133
0027 204 121 228 149 135 132 165 154
0028 138 159 164 186 203 157 222 181
0029 135 174 158 202 203 172 224 199
0030 131 184 157 211 200 182 220 210
0031 201 186 221 215 132 188 154 215
0032 202 184 222 212 134 188 154 212
0033 201 185 220 212 134 194 155 215
0034 200 186 218 213 132 189 152 215
0035 133 192 151 216 198 188 217 216
0036 199 188 217 215 134 188 154 212
0037 198 187 217 215 133 192 152 218
0038 198 187 217 215 133 191 152 217
0039 197 188 216 216 132 188 153 215
