0012 132 190 178 233 000 000 000 000
0013 143 128 187 193 000 000 000 000
0014 150 094 193 170 000 000 000 000
0015 151 069 196 147 000 000 000 000
0016 152 060 195 137 000 000 000 000
0017 153 044 195 120 000 000 000 000
0018 153 036 196 113 000 000 000 000
0019 154 033 197 108 000 000 000 000
0020 155 031 198 107 000 000 000 000
0021 156 031 198 108 000 000 000 000
0022 157 030 199 108 000 000 000 000
0023 156 029 199 109 000 000 000 000
0024 156 031 199 108 000 000 000 000
0025 155 033 198 109 000 000 000 000
0026 156 033 198 109 000 000 000 000
0027 155 033 199 112 000 000 000 000
0028 158 040 200 119 000 000 000 000
0029 158 060 199 137 000 000 000 000
0030 151 101 194 173 000 000 000 000
0031 139 154 171 206 000 000 000 000
0032 127 182 171 235 000 000 000 000
0033 111 219 158 237 000 000 000 000
