0000 197 204 239 237 000 000 000 000
0001 197 204 239 237 000 000 000 000
0002 200 202 239 239 000 000 000 000
0003 204 202 238 236 000 000 000 000
0004 206 194 242 234 000 000 000 000
0005 209 186 250 234 000 000 000 000
0006 222 117 253 171 000 000 000 000
0007 212 066 256 120 000 000 000 000
0008 204 050 250 100 000 000 000 000
0009 203 048 247 094 000 000 000 000
0010 205 046 249 094 000 000 000 000
0011 206 046 249 092 000 000 000 000
0012 207 045 252 089 000 000 000 000
0013 204 047 251 091 000 000 000 000
0014 206 042 252 092 000 000 000 000
0015 206 035 253 089 000 000 000 000
0016 206 034 253 090 000 000 000 000
0017 204 034 251 089 000 000 000 000
0018 204 034 250 089 000 000 000 000
0019 202 031 251 091 000 000 000 000
0020 202 032 251 091 000 000 000 000
0021 205 034 243 090 000 000 000 000
0022 202 033 251 093 000 000 000 000
0023 204 035 252 092 000 000 000 000
0024 204 035 252 091 000 000 000 000
0025 204 035 253 091 000 000 000 000
0026 203 036 251 092 000 000 000 000
0027 205 039 252 093 000 000 000 000
0028 206 040 253 094 000 000 000 000
0029 202 038 248 090 000 000 000 000
0030 202 056 251 112 000 000 000 000
0031 207 093 245 140 000 000 000 000
0032 201 145 247 200 000 000 000 000
0033 196 172 237 232 000 000 000 000
0034 202 187 236 238 000 000 000 000
0035 206 202 237 236 000 000 000 000
