0000 063 164 107 210 132 175 181 225
0001 062 164 104 209 134 179 175 235
0002 064 160 101 203 130 183 172 236
0003 062 164 104 209 131 183 173 237
0004 062 164 104 209 132 184 173 238
0005 061 164 104 209 133 186 173 233
0006 062 165 104 209 131 186 171 236
0007 062 164 106 209 132 183 175 234
0008 062 164 106 209 132 182 175 233
0009 062 164 106 209 133 173 176 224
0010 062 164 106 209 140 156 183 192
0011 062 164 106 209 148 128 191 167
0012 062 164 106 209 153 099 203 158
0013 062 164 106 209 163 072 210 145
0014 170 059 211 132 062 163 106 209
0015 064 164 102 205 174 045 215 123
0016 177 039 219 118 064 164 102 205
0017 176 038 226 113 061 163 107 209
0018 064 164 102 205 178 035 224 111
0019 062 164 106 209 183 034 231 106
0020 183 031 232 097 061 164 106 209
0021 183 031 225 102 062 164 106 209
0022 062 164 106 209 182 030 224 101
0023 062 164 106 209 177 028 228 099
0024 062 164 107 208 177 027 227 099
0025 177 025 227 094 062 164 107 209
0026 062 163 107 209 179 025 226 098
0027 062 164 107 208 175 026 225 096
0028 062 163 107 208 176 025 226 095
0029 062 163 107 208 176 025 226 096
0030 062 163 107 208 177 025 221 097
0031 062 163 107 208 176 025 227 093
0032 062 165 107 209 176 025 222 095
0033 062 165 107 209 176 025 223 096
0034 177 023 221 101 062 165 107 209
0035 181 028 221 096 062 165 107 209
0036 062 164 107 208 178 054 215 106
0037 062 164 107 208 170 070 213 120
0038 062 164 107 208 170 094 212 141
0039 062 164 108 208 175 115 210 159
0040 062 164 108 208 170 143 212 198
0041 062 164 108 208 175 155 212 211
0042 062 164 108 208 172 162 213 211
0043 062 164 107 208 169 165 213 208
0044 062 164 107 208 169 169 213 211
0045 062 164 107 208 171 168 214 210
0046 062 164 107 208 170 168 214 210
0047 062 164 107 208 171 168 214 210
