0000 179 211 203 238 112 216 141 237
0001 106 212 143 239 183 212 204 238
0002 105 212 142 239 183 211 204 238
0003 110 214 139 239 182 210 206 239
0004 189 197 211 235 106 212 134 238
0005 101 209 138 239 204 180 229 223
0006 212 128 243 166 099 208 137 239
0007 208 070 247 119 100 212 131 238
0008 197 038 228 092 103 212 132 239
0009 191 031 226 087 103 212 131 239
0010 186 024 219 085 099 209 132 239
0011 188 027 221 081 103 213 131 239
0012 188 025 222 080 103 212 131 239
0013 187 025 222 080 103 211 132 239
0014 185 025 221 081 103 210 132 239
0015 181 025 220 082 099 211 132 237
0016 182 024 217 082 101 208 133 239
0017 182 025 218 082 101 209 133 239
0018 186 030 222 086 103 212 133 237
0019 188 048 223 103 101 210 133 239
0020 189 084 226 136 101 210 134 239
0021 100 212 133 237 187 149 213 189
0022 101 209 137 239 185 188 207 233
0023 101 213 135 237 177 207 200 239
0024 100 209 137 239 180 205 201 236
0025 100 209 137 239 179 205 200 236
0026 100 209 137 239 179 206 201 237
