0004 074 221 111 239 000 000 000 000
0005 103 210 145 235 000 000 000 000
0006 128 215 171 238 000 000 000 000
0007 182 211 233 239 138 225 175 239
0008 173 159 241 217 000 000 000 000
0009 170 101 255 196 000 000 000 000
0010 168 092 261 179 000 000 000 000
0011 169 082 255 171 223 094 260 158
0012 170 080 259 168 000 000 000 000
0013 171 073 262 167 000 000 000 000
0014 172 071 258 168 000 000 000 000
0015 172 070 257 165 000 000 000 000
0016 173 071 259 163 000 000 000 000
0017 176 067 267 168 000 000 000 000
0018 192 085 278 165 000 000 000 000
0019 210 168 269 212 000 000 000 000
0020 191 214 228 239 000 000 000 000
