0011 263 202 310 237 000 000 000 000
0012 256 167 313 209 000 000 000 000
0013 239 125 292 167 000 000 000 000
0014 224 094 274 152 000 000 000 000
0015 217 078 256 144 000 000 000 000
0016 215 074 253 142 077 219 109 239
0017 208 074 249 144 000 000 000 000
0018 098 198 141 237 208 075 246 142
0019 107 185 169 228 207 074 248 143
0020 206 073 247 143 124 170 195 209
0021 201 074 242 144 143 140 213 187
0022 201 072 240 139 158 119 215 168
0023 193 074 234 146 165 114 214 160
0024 196 079 237 146 165 111 222 155
0025 199 080 238 145 165 112 224 156
0026 197 079 238 146 164 115 221 164
0027 198 080 238 146 164 112 223 156
0028 198 078 238 144 161 114 226 162
0029 198 078 238 144 162 114 225 162
0030 162 113 223 162 198 078 238 144
0031 198 078 239 144 165 110 228 161
0032 198 078 238 144 166 110 232 158
0033 198 078 239 145 167 110 226 161
0034 169 110 229 157 199 079 237 150
0035 198 079 238 147 165 111 226 158
0036 203 082 240 153 165 116 223 161
0037 161 131 233 173 207 092 249 163
0038 230 141 280 203 150 151 215 196
0039 257 196 313 236 130 198 173 236
0040 100 210 134 239 000 000 000 000
0041 097 211 133 236 000 000 000 000
