0002 106 166 160 215 000 000 000 000
0003 105 121 164 163 000 000 000 000
0004 106 088 168 135 000 000 000 000
0005 103 082 169 126 000 000 000 000
0006 104 078 168 122 000 000 000 000
0007 103 081 166 121 000 000 000 000
0008 099 083 161 121 000 000 000 000
0009 102 081 162 118 000 000 000 000
0010 102 082 166 118 000 000 000 000
0011 103 081 168 116 000 000 000 000
0012 100 079 168 118 000 000 000 000
0013 099 078 167 117 000 000 000 000
0014 099 079 167 118 000 000 000 000
0015 099 078 168 118 000 000 000 000
0016 099 080 168 119 000 000 000 000
0017 098 079 168 119 000 000 000 000
0018 103 081 169 122 000 000 000 000
0019 104 089 167 128 000 000 000 000
0020 101 105 164 142 000 000 000 000
0021 105 140 165 185 000 000 000 000
0022 108 206 162 239 000 000 000 000
