0009 200 222 228 239 000 000 000 000
0010 216 208 250 239 000 000 000 000
0011 225 181 267 223 000 000 000 000
0012 224 135 259 185 000 000 000 000
0013 210 109 246 158 000 000 000 000
0014 183 093 224 128 000 000 000 000
0015 172 091 215 128 000 000 000 000
0016 169 096 215 132 000 000 000 000
0017 168 100 215 135 000 000 000 000
0018 170 100 215 135 000 000 000 000
0019 170 100 215 135 000 000 000 000
0020 170 100 215 135 000 000 000 000
0021 171 100 216 135 000 000 000 000
0022 171 098 217 135 000 000 000 000
0023 175 104 217 136 000 000 000 000
0024 182 115 222 150 000 000 000 000
0025 191 139 225 172 000 000 000 000
0027 185 211 218 239 000 000 000 000
