0000 092 190 136 236 000 000 000 000
0001 094 193 136 234 000 000 000 000
0002 094 193 127 236 127 207 160 236
0003 125 177 164 215 097 191 137 236
0004 093 193 136 237 127 140 161 180
0005 087 191 132 237 131 117 165 167
0006 081 192 125 238 123 131 160 169
0007 078 194 118 237 119 141 159 174
0008 070 186 104 238 118 143 156 178
0009 058 162 100 210 117 144 158 182
0010 114 144 156 183 066 148 098 195
0011 111 142 152 179 063 142 104 194
0012 070 136 105 185 109 142 151 176
0013 068 137 106 185 110 143 150 177
0014 069 136 104 188 109 144 152 178
0015 107 145 152 177 072 140 101 189
0016 106 145 151 179 068 144 112 194
0017 103 147 150 180 070 142 105 192
0018 073 142 113 190 110 146 152 181
0019 077 150 118 192 113 147 153 182
0020 111 148 152 182 082 149 127 203
0021 087 152 141 198 000 000 000 000
0022 087 147 135 195 121 145 150 189
0023 087 152 147 201 000 000 000 000
0024 088 152 146 204 000 000 000 000
0025 100 142 161 193 000 000 000 000
0026 102 133 163 185 102 170 158 195
0027 090 145 156 198 000 000 000 000
0028 083 169 132 229 118 150 167 190
0029 082 187 126 236 131 165 175 206
0030 082 192 122 237 150 179 190 222
0031 084 191 124 236 155 182 195 224
0032 152 174 195 217 090 190 130 236
0033 094 191 134 235 146 170 185 209
0034 100 193 138 235 138 165 177 205
0035 134 168 176 207 101 201 141 235
0036 134 169 173 208 100 204 137 236
0037 135 176 174 215 101 205 137 237
0038 136 178 176 219 099 205 132 236
0039 137 182 177 224 098 207 133 236
0040 138 190 172 238 093 205 131 237
0041 089 204 128 238 138 201 174 239
0042 084 213 127 238 146 217 174 239
0043 088 210 133 239 000 000 000 000
0044 086 212 131 238 000 000 000 000
0045 081 213 125 239 000 000 000 000
0046 081 222 117 239 000 000 000 000
0070 083 224 115 239 000 000 000 000
