0000 100 214 118 235 172 215 196 239
0001 174 215 196 235 095 210 123 239
0002 177 211 199 238 100 216 120 239
0003 188 205 217 234 094 211 123 239
0004 193 185 224 213 100 215 120 239
0005 186 143 220 176 097 215 118 239
0006 174 124 212 156 096 213 119 237
0007 155 086 194 125 095 214 119 239
0008 144 078 174 118 096 215 120 239
0009 133 080 168 120 099 213 119 237
0010 096 210 124 239 134 096 160 124
0011 096 210 124 239 132 101 156 130
0012 095 211 121 239 136 098 158 125
0013 134 100 159 126 099 214 119 238
0014 099 214 119 238 136 098 157 128
0015 099 214 118 238 137 098 163 129
0016 138 098 162 127 097 217 117 239
0017 143 108 172 145 097 217 117 238
0018 165 151 191 178 097 218 118 239
0019 182 214 209 239 095 217 113 238
0020 099 218 118 239 180 218 203 238
0021 169 216 193 234 100 215 118 238
0022 168 215 190 238 099 217 119 239
0023 171 215 193 239 097 218 118 239
0024 173 216 195 239 097 218 117 238
