0000 185 192 209 233 108 201 131 231
0001 189 192 211 234 106 199 130 231
0002 189 195 210 235 106 200 130 232
0003 186 200 206 234 107 200 131 231
0004 182 195 205 233 107 200 131 230
0005 104 201 128 230 180 195 203 229
0006 096 195 121 227 190 194 216 224
0007 090 182 117 215 202 179 228 212
0008 215 122 241 160 083 138 110 172
0009 084 075 116 112 208 053 235 092
0010 093 028 120 063 192 027 216 051
0011 100 016 125 045 186 022 209 042
0012 100 014 126 041 185 017 207 041
0013 100 013 128 039 188 022 211 042
0014 104 014 128 042 191 020 214 044
0015 100 016 128 044 187 022 210 043
0016 096 023 121 055 193 027 216 049
0017 087 040 116 077 197 045 224 077
0018 080 091 108 126 195 092 221 134
0019 086 147 112 179 190 166 216 201
0020 094 178 120 213 188 196 210 227
0021 105 197 130 231 186 202 207 229
0022 186 199 208 228 107 206 131 235
