0000 131 209 167 235 070 207 099 236
0001 131 210 167 235 072 209 101 236
0002 131 209 167 235 072 212 101 237
0003 131 209 167 235 070 212 098 237
0004 131 209 167 235 070 213 101 237
0005 131 209 167 234 069 209 097 235
0006 132 208 166 234 071 213 099 238
0007 130 209 168 236 070 213 099 236
0008 128 208 166 236 070 212 099 236
0009 130 207 166 234 070 212 100 236
0010 130 208 167 235 070 211 100 235
0011 130 208 167 235 071 212 099 236
0012 131 206 169 236 071 215 101 238
0013 135 194 177 222 071 214 100 238
0014 070 213 101 238 142 164 173 191
0015 071 213 100 238 151 136 185 167
0016 162 106 193 148 069 211 097 236
0017 170 088 207 134 070 214 101 239
0018 177 074 212 118 071 214 101 238
0019 182 060 211 102 071 215 100 238
0020 187 052 217 096 069 211 098 236
0021 187 048 217 093 071 214 100 238
0022 187 045 217 091 071 214 100 238
0023 187 044 217 089 071 214 100 239
0024 186 043 217 089 070 213 099 237
0025 187 040 218 087 070 212 099 237
0026 188 040 219 087 071 212 099 237
0027 189 036 220 084 071 213 098 237
0028 189 035 221 084 070 212 099 236
0029 189 036 221 085 071 212 099 236
0030 189 036 220 083 071 212 099 236
0031 188 035 221 083 071 212 099 236
0032 188 034 220 082 071 212 099 237
0033 189 035 221 084 071 212 098 236
0034 188 034 221 084 071 212 098 236
0035 189 035 221 083 071 212 098 236
0036 187 035 220 083 070 214 100 238
0037 188 037 219 084 070 214 099 238
0038 187 045 215 090 069 211 097 237
0039 182 058 209 098 068 211 096 236
0040 170 072 199 114 071 211 099 235
0041 152 090 191 139 070 214 099 238
0042 070 215 099 238 146 124 181 164
0043 132 163 170 202 070 214 100 237
0044 128 193 169 220 070 214 100 237
0045 128 205 169 235 070 214 100 238
0046 129 208 168 236 070 214 100 238
0047 130 210 167 235 070 214 100 238
