0000 195 214 223 238 106 214 131 239
0001 195 214 223 238 106 214 131 239
0002 198 215 227 238 105 214 131 239
0003 199 214 228 239 105 214 132 239
0004 201 211 228 239 103 213 131 239
0005 207 202 236 234 101 207 131 239
0006 092 194 126 233 219 183 250 217
0007 084 157 123 186 226 145 258 178
0008 078 114 118 153 230 105 259 145
0009 078 079 115 128 224 081 257 122
0010 218 066 249 110 080 059 116 111
0011 214 055 247 096 085 051 121 106
0012 211 054 243 095 089 051 122 103
0013 209 053 244 093 092 049 123 099
0014 210 054 242 094 093 051 128 101
0015 209 050 241 090 092 049 127 099
0016 209 048 242 088 093 045 125 098
0017 210 048 242 086 092 048 124 097
0018 210 046 242 083 091 046 123 095
0019 092 044 123 091 210 042 241 082
0020 093 048 123 091 211 044 240 077
0021 097 061 126 094 208 052 235 086
0022 205 061 237 096 097 083 126 118
0023 095 141 125 182 206 096 235 140
0024 096 178 127 209 206 132 235 168
0025 097 193 130 211 204 148 228 180
0026 097 185 126 208 202 147 229 175
0027 096 178 127 204 201 138 229 174
0028 201 138 229 173 093 177 123 205
0029 090 173 121 201 200 138 229 173
0030 089 172 121 201 200 141 228 177
0031 089 172 120 201 201 147 228 181
0032 091 177 119 202 202 160 229 192
0033 093 193 122 226 204 179 233 211
0034 204 195 233 226 099 204 126 239
0035 207 205 233 235 104 212 128 239
0036 205 212 234 239 104 210 128 238
0037 203 212 234 237 106 214 131 239
0038 203 214 231 237 105 213 131 239
0039 202 214 228 238 106 211 131 239
0040 202 214 228 238 107 212 132 239
0041 201 214 228 238 107 212 132 239
0042 201 215 228 238 108 212 133 239
0043 202 215 229 239 108 212 133 239
0044 202 214 228 239 108 212 133 239
0045 202 214 229 239 108 212 133 239
0046 202 214 228 239 108 212 133 239
0047 107 212 132 239 201 214 227 239
0048 106 209 128 238 202 214 229 239
0049 107 212 132 239 202 214 228 239
