0010 171 174 219 239 000 000 000 000
0011 175 141 221 225 000 000 000 000
0012 172 104 218 201 000 000 000 000
0013 168 094 215 193 000 000 000 000
0014 169 079 214 177 000 000 000 000
0015 165 075 213 175 000 000 000 000
0016 164 073 208 169 000 000 000 000
0017 166 074 210 168 000 000 000 000
0018 166 077 209 173 000 000 000 000
0019 166 076 211 172 000 000 000 000
0020 166 076 211 173 000 000 000 000
0021 166 076 212 172 000 000 000 000
0022 166 076 212 173 000 000 000 000
0023 166 077 210 175 000 000 000 000
0024 166 074 210 173 000 000 000 000
0025 164 073 207 172 000 000 000 000
0026 164 076 209 175 000 000 000 000
0027 165 079 209 175 000 000 000 000
0028 166 080 209 176 000 000 000 000
0029 160 094 213 190 000 000 000 000
0030 156 114 203 213 000 000 000 000
0031 150 155 200 224 000 000 000 000
0032 136 223 175 239 000 000 000 000
