0000 116 150 157 177 175 207 195 234
0001 113 151 154 179 174 214 192 238
0002 113 155 152 183 171 209 191 236
0003 104 163 143 195 172 214 192 239
0004 097 175 131 209 171 213 191 238
0005 091 184 128 223 170 214 193 239
0006 084 189 124 228 168 204 199 235
0007 191 198 227 234 081 188 110 229
0008 079 188 108 228 214 170 254 209
0009 226 147 273 179 080 189 109 228
0010 238 137 276 168 080 190 111 228
0011 078 190 110 229 243 121 284 150
0012 077 191 109 229 245 106 296 139
0013 077 190 111 229 247 100 293 130
0014 077 191 109 229 246 099 295 130
0015 077 193 107 227 247 101 293 131
0016 074 189 106 227 245 104 300 135
0017 076 189 110 229 246 105 297 138
0018 246 112 289 145 076 187 110 228
0019 240 131 283 165 076 188 110 228
0020 209 165 258 211 077 189 108 230
0021 189 196 225 235 076 190 107 233
0022 075 191 103 235 166 206 190 234
0023 075 193 103 235 000 000 000 000
0024 074 192 104 231 000 000 000 000
