0008 151 198 233 237 000 000 000 000
0009 154 135 240 205 000 000 000 000
0010 179 101 247 197 000 000 000 000
0011 175 174 267 236 000 000 000 000
0012 186 211 269 239 000 000 000 000
0013 171 188 260 236 000 000 000 000
0014 164 136 258 193 000 000 000 000
0015 165 079 260 156 000 000 000 000
0016 190 081 265 159 000 000 000 000
0017 202 115 267 195 176 119 226 173
0018 162 140 274 204 000 000 000 000
0019 176 104 255 176 135 117 195 166
0020 181 075 254 157 000 000 000 000
0021 204 065 270 164 000 000 000 000
0022 221 075 290 192 000 000 000 000
0023 213 202 282 239 000 000 000 000
