0000 108 216 130 239 193 221 212 239
0001 108 216 129 239 199 219 220 239
0002 209 205 235 235 109 215 130 235
0003 207 164 248 190 108 216 128 239
0004 205 112 234 145 107 214 128 238
0005 189 077 214 117 106 215 127 239
0006 181 089 205 120 107 213 127 238
0007 178 097 202 123 107 214 128 239
0008 177 095 202 122 107 214 128 239
0009 178 090 203 120 109 212 128 236
0010 183 087 208 124 109 213 128 237
0011 193 092 219 136 108 215 128 239
0012 199 141 228 168 108 217 127 238
0013 199 162 230 191 108 217 127 238
0014 197 159 229 184 107 216 127 239
0015 196 139 233 168 107 216 128 239
0016 193 112 225 142 107 216 128 239
0017 187 083 209 123 107 215 128 239
0018 178 085 203 119 106 215 129 236
0019 176 099 201 122 108 214 129 235
0020 108 214 129 234 176 097 200 121
0021 179 092 202 117 108 214 129 234
0022 180 088 205 120 108 214 129 235
0023 194 088 220 134 107 216 127 239
0024 199 112 229 153 108 217 128 239
0025 201 164 230 191 109 218 129 239
0026 204 196 229 229 109 217 129 239
0027 109 217 129 239 195 218 220 239
0028 108 216 129 238 190 216 213 235
0029 108 218 129 239 190 217 212 239
0030 106 215 127 239 190 217 211 239
0031 109 218 131 239 189 217 210 239
0032 110 218 131 239 189 217 210 239
0033 110 218 131 239 189 217 210 239
0034 109 218 131 239 188 217 210 239
0035 109 219 131 239 190 216 211 239
0036 109 218 132 239 189 215 212 239
