0006 060 099 084 129 000 000 000 000
0010 062 204 112 237 000 000 000 000
0011 064 154 110 190 157 163 202 208
0012 061 100 114 161 131 115 186 162
0013 138 081 187 142 066 073 118 137
0014 132 060 174 127 074 061 125 125
0015 080 063 130 126 132 064 166 123
0016 086 065 130 126 126 067 162 126
0017 085 066 128 132 123 068 162 125
0018 084 071 133 131 128 068 164 130
0019 087 075 130 133 127 074 165 139
0020 081 080 132 141 130 082 167 145
0021 077 086 127 146 133 091 180 152
0022 072 091 122 150 139 092 188 153
0023 059 093 112 152 150 092 203 152
0024 041 087 094 150 169 091 222 151
0025 189 077 234 140 024 069 073 135
0026 013 057 061 120 202 062 242 131
0027 204 055 244 120 011 051 053 114
0028 011 051 053 111 204 054 243 119
0029 204 055 249 117 011 052 054 113
0030 204 057 249 119 010 052 055 113
0031 203 059 249 122 010 053 055 117
0032 206 078 251 135 012 065 056 132
0033 211 143 259 193 011 131 059 188
0034 018 202 058 236 208 205 265 235
