0004 173 165 219 223 000 000 000 000
0005 163 094 211 153 000 000 000 000
0006 163 059 203 126 000 000 000 000
0007 159 028 199 092 000 000 000 000
0008 155 025 195 077 000 000 000 000
0009 154 039 186 079 000 000 000 000
0010 152 047 184 080 000 000 000 000
0011 149 059 181 082 000 000 000 000
0012 151 057 181 083 000 000 000 000
0013 148 058 181 084 000 000 000 000
0014 149 057 180 081 000 000 000 000
0015 151 060 181 083 000 000 000 000
0016 150 060 182 081 000 000 000 000
0017 151 058 178 082 000 000 000 000
0018 151 059 179 083 000 000 000 000
0019 151 059 180 084 000 000 000 000
0020 152 057 183 084 000 000 000 000
0021 156 053 189 083 000 000 000 000
0022 164 049 197 087 000 000 000 000
0023 174 051 208 106 000 000 000 000
0024 184 079 224 147 000 000 000 000
0025 192 172 238 228 000 000 000 000
