0000 143 179 168 214 204 176 223 203
0001 143 157 172 186 210 155 233 179
0002 138 129 173 153 214 131 241 156
0003 217 105 243 135 131 103 161 132
0004 220 095 248 131 127 096 149 123
0005 225 087 252 121 118 083 139 120
0006 111 080 135 117 227 084 250 114
0007 107 080 131 116 229 089 256 119
0008 231 090 255 114 104 088 132 121
0009 088 094 128 120 232 096 257 120
0010 091 094 130 120 230 096 256 119
0011 094 092 130 119 231 092 257 117
0012 094 092 133 118 231 095 256 117
0013 231 092 259 120 088 092 129 115
0014 094 094 130 118 231 092 259 120
0015 093 093 130 118 229 091 256 116
0016 104 087 132 119 228 091 253 120
0017 118 090 140 117 222 093 248 120
0018 214 095 240 131 131 099 158 132
0019 141 116 170 138 204 112 230 142
0020 146 128 176 147 202 125 224 148
0021 149 148 178 173 199 141 222 169
0022 148 164 175 195 200 164 217 189
0023 198 180 217 206 146 174 175 206
0024 141 190 164 218 201 186 222 216
0025 137 193 155 217 200 185 221 215
0026 134 191 156 220 201 185 221 212
0027 134 192 156 220 202 186 221 213
0028 135 192 155 217 202 187 221 213
0029 201 187 221 213 137 195 155 218
0030 135 191 158 220 202 187 222 216
0031 134 191 156 219 200 188 216 217
0032 136 191 157 219 200 188 216 216
0033 136 190 157 220 200 188 216 216
0034 134 191 156 220 198 183 220 210
0035 134 191 156 220 200 186 220 217
0036 134 191 156 220 199 185 220 215
