0000 121 200 158 236 085 164 120 196
0001 121 201 159 237 084 168 116 196
0002 121 202 159 237 087 166 119 196
0003 119 202 158 236 084 169 116 196
0004 116 202 157 239 083 170 116 196
0005 125 191 163 227 000 000 000 000
0006 135 160 166 192 085 171 113 195
0007 127 128 172 162 000 000 000 000
0008 122 099 166 139 088 168 118 195
0009 124 073 168 115 086 167 119 197
0010 121 062 162 106 000 000 000 000
0011 119 058 156 100 083 165 115 194
0012 115 053 158 095 082 164 115 194
0013 116 053 155 095 083 168 114 196
0014 115 054 155 096 087 164 119 194
0015 111 055 153 093 000 000 000 000
0016 115 052 156 095 088 164 119 199
0017 112 054 155 097 089 164 119 198
0018 113 056 152 097 000 000 000 000
0019 112 071 154 110 000 000 000 000
0020 112 096 155 136 087 166 119 196
0021 123 136 157 180 000 000 000 000
0022 120 171 155 226 085 168 113 198
0023 120 194 159 237 084 166 115 194
0024 121 200 158 236 088 166 120 195
0025 122 204 157 236 085 170 116 197
0026 122 205 158 236 085 167 115 196
0027 119 203 158 237 000 000 000 000
0028 118 201 158 237 087 168 116 193
0029 119 202 158 237 000 000 000 000
0030 119 202 158 237 092 167 121 194
0031 120 202 158 237 087 166 117 194
0032 120 203 158 237 000 000 000 000
0033 118 202 159 238 089 165 119 194
