0001 097 183 155 228 000 000 000 000
0002 100 137 151 180 000 000 000 000
0003 107 095 167 150 000 000 000 000
0004 109 084 170 135 000 000 000 000
0005 117 076 180 132 000 000 000 000
0006 121 070 183 130 000 000 000 000
0007 127 069 193 131 000 000 000 000
0008 136 066 193 126 000 000 000 000
0009 134 066 194 128 000 000 000 000
0010 136 071 195 134 000 000 000 000
0011 135 075 193 136 000 000 000 000
0012 126 108 178 162 000 000 000 000
0013 111 156 162 199 000 000 000 000
0014 094 190 163 234 000 000 000 000
0016 123 219 167 239 000 000 000 000
