0007 118 207 160 236 000 000 000 000
0008 098 176 151 214 000 000 000 000
0009 078 154 139 183 000 000 000 000
0010 068 149 133 177 000 000 000 000
0011 065 144 128 171 000 000 000 000
0012 071 127 131 156 000 000 000 000
0013 091 107 131 141 000 000 000 000
0014 096 103 140 140 000 000 000 000
0015 101 115 149 147 000 000 000 000
0016 111 129 154 157 000 000 000 000
0017 117 137 161 166 000 000 000 000
0018 122 136 167 167 000 000 000 000
0019 132 132 173 160 000 000 000 000
0020 140 123 183 151 000 000 000 000
0021 144 116 189 142 000 000 000 000
0022 155 107 195 139 000 000 000 000
0023 165 103 210 140 000 000 000 000
0024 171 110 214 143 000 000 000 000
0025 177 124 222 148 000 000 000 000
0026 186 125 230 159 000 000 000 000
0027 194 118 236 169 000 000 000 000
0028 201 106 241 157 000 000 000 000
0029 205 089 245 139 000 000 000 000
0030 208 083 247 127 000 000 000 000
0031 206 095 250 149 000 000 000 000
0032 208 107 252 161 000 000 000 000
0033 205 113 255 166 000 000 000 000
0034 206 113 255 166 000 000 000 000
0035 207 111 256 162 000 000 000 000
0036 208 110 256 161 000 000 000 000
0037 207 109 256 159 000 000 000 000
0038 207 108 255 159 000 000 000 000
0039 206 110 253 161 000 000 000 000
0040 206 114 250 163 000 000 000 000
0041 202 123 244 175 000 000 000 000
0042 189 139 236 196 000 000 000 000
0043 172 165 222 229 000 000 000 000
0044 165 183 204 239 000 000 000 000
0045 162 200 192 238 000 000 000 000
