0000 185 130 237 175 074 206 101 239
0001 185 122 241 163 072 207 096 236
0002 188 114 246 157 069 208 095 237
0003 190 111 248 150 067 209 092 239
0004 189 105 241 144 056 203 092 237
0005 189 098 241 139 058 202 088 239
0006 187 095 241 137 058 200 087 235
0007 188 096 241 138 057 198 084 234
0008 187 109 241 153 049 197 086 232
0009 186 144 240 187 036 198 073 227
0010 029 196 069 227 179 174 232 213
0011 028 201 062 224 164 197 196 236
0012 029 198 062 228 165 209 189 239
0013 030 203 065 233 163 211 188 238
0014 163 209 189 238 035 206 075 235
0015 039 212 072 237 163 209 190 238
0016 160 207 189 239 034 210 067 237
0017 159 204 185 239 034 214 066 236
0018 158 203 185 239 037 218 066 238
0019 158 202 185 239 035 220 064 239
0020 161 205 188 239 041 217 068 238
0021 164 204 189 238 038 211 072 238
0022 169 205 195 239 044 213 072 238
0023 056 203 088 237 170 205 196 239
0024 069 190 101 228 170 206 196 237
0025 082 177 117 210 171 206 196 237
0026 097 168 137 199 170 204 202 236
