0000 112 167 128 189 163 168 179 190
0001 111 168 128 190 160 158 177 182
0002 111 168 128 190 157 132 175 156
0003 111 167 127 189 161 108 185 128
0004 111 167 127 190 173 079 197 100
0005 111 166 127 190 191 052 215 075
0006 213 033 235 062 110 165 126 188
0007 209 029 232 065 107 165 124 184
0008 209 028 233 061 106 163 124 187
0009 209 028 233 061 099 161 115 178
0010 212 029 233 067 000 000 000 000
0011 208 028 234 067 000 000 000 000
0012 208 029 234 067 000 000 000 000
0013 208 029 233 067 000 000 000 000
0014 208 028 233 063 000 000 000 000
0015 208 028 233 062 000 000 000 000
0016 207 028 232 063 000 000 000 000
0017 198 038 220 066 000 000 000 000
0018 171 055 196 081 000 000 000 000
0019 155 089 184 110 000 000 000 000
0020 156 119 178 144 107 163 124 187
0021 157 148 179 175 106 165 125 190
0022 159 158 178 184 107 165 124 190
0023 158 166 176 191 110 167 126 189
0024 111 169 128 190 157 167 175 189
0025 111 168 128 190 159 167 177 189
0026 160 165 179 191 111 169 127 191
0027 111 169 127 191 161 166 178 192
