0000 100 187 122 217 173 184 193 210
0001 167 176 188 204 100 187 122 216
0002 161 161 182 189 100 187 122 216
0003 099 188 121 217 157 149 181 177
0004 156 136 181 159 099 187 121 217
0005 099 188 121 217 157 119 180 141
0006 100 188 121 217 158 108 187 129
0007 100 188 121 217 166 094 192 122
0008 098 187 121 216 187 103 217 132
0009 099 187 120 215 187 119 225 142
0010 099 188 119 218 191 119 225 140
0011 100 184 118 215 192 123 225 144
0012 099 188 120 216 187 129 228 148
0013 099 187 120 216 195 124 226 145
0014 099 187 120 216 189 125 228 144
0015 099 188 120 217 194 118 225 139
0016 099 187 120 216 186 102 223 125
0017 099 188 120 216 187 085 220 111
0018 187 078 219 105 100 188 120 216
0019 186 072 218 102 100 188 120 216
0020 186 071 217 100 099 187 120 216
0021 186 072 217 100 098 186 120 216
0022 186 073 218 103 098 187 119 216
0023 187 073 218 103 098 187 119 215
0024 098 188 118 216 187 074 218 104
0025 186 067 211 098 098 188 118 216
0026 098 188 118 216 177 070 198 096
0027 098 188 118 216 163 080 188 108
0028 098 188 118 216 148 099 173 119
0029 098 188 119 216 145 114 174 140
0030 144 140 175 162 098 188 119 216
0031 098 187 119 216 149 158 176 183
0032 097 187 118 215 157 179 181 202
0033 097 187 118 215 162 188 182 211
0034 097 187 118 215 164 187 187 212
0035 098 187 119 215 168 189 191 214
0036 099 187 120 217 172 189 190 216
0037 099 185 117 215 171 188 192 215
