0000 086 202 124 238 158 193 195 228
0001 082 194 124 238 161 192 194 224
0002 080 185 123 238 156 190 194 226
0003 078 169 120 224 160 187 199 223
0004 076 162 120 210 164 189 201 224
0005 074 145 126 187 168 187 201 222
0006 075 132 127 170 169 187 206 222
0007 072 120 128 158 170 189 203 222
0008 080 113 137 151 170 187 203 222
0009 085 113 140 151 171 189 202 222
0010 095 112 145 152 171 190 202 221
0011 099 113 155 153 171 189 203 222
0012 106 111 157 151 173 189 204 223
0013 112 112 162 150 172 188 205 223
0014 116 113 172 151 172 188 205 224
0015 126 113 184 154 172 189 205 224
0016 132 113 197 156 172 189 205 225
0017 139 115 208 157 171 187 205 227
0018 147 115 211 155 171 189 206 226
0019 157 115 204 152 171 190 209 226
0020 162 116 205 153 172 190 204 223
0021 166 118 208 153 172 189 204 224
0022 170 119 210 155 172 190 203 224
0023 166 116 223 153 172 189 203 226
0024 174 115 230 154 168 190 200 224
0025 175 112 231 152 167 188 200 224
0026 181 107 232 149 160 188 197 225
0027 179 112 221 148 163 190 200 226
0028 178 112 219 151 159 190 195 226
0029 176 113 218 151 161 189 194 226
0030 173 126 223 163 161 190 194 227
0031 167 138 217 177 161 189 194 227
0032 162 146 208 182 161 191 195 227
0033 161 191 194 227 156 156 199 191
0034 141 158 186 191 162 193 194 228
0035 133 158 181 195 161 191 194 229
0036 126 163 170 201 161 191 194 227
0037 111 169 158 209 162 191 194 228
0038 099 182 144 221 161 192 194 226
0039 091 196 129 234 161 193 194 226
0040 085 199 124 235 161 193 193 226
0041 084 204 120 239 161 194 194 226
0042 083 207 121 239 161 194 194 226
0043 084 208 122 239 162 195 194 227
0044 084 209 123 239 161 195 194 227
0045 084 209 123 239 160 194 194 226
0046 084 209 123 239 159 194 193 227
0047 084 209 123 239 158 193 194 228
0048 085 209 124 239 156 193 196 229
0049 085 209 124 239 160 194 193 229
0050 085 209 124 239 156 192 196 229
0051 085 209 124 239 157 192 196 229
0052 085 209 124 239 157 192 196 229
0053 085 209 124 239 157 192 196 229
0054 085 209 124 239 157 192 196 229
0055 085 209 124 239 157 192 196 229
0056 085 209 124 239 157 192 196 229
0057 085 209 124 239 157 193 196 228
0058 085 209 124 239 156 192 196 228
0059 085 209 124 239 160 194 193 228
