0000 194 199 218 235 096 212 119 237
0001 193 199 218 235 096 212 119 237
0002 193 200 217 236 097 208 121 239
0003 192 200 217 235 097 213 123 239
0004 190 201 215 237 099 204 126 239
0005 104 206 131 237 185 195 212 234
0006 108 187 144 216 168 172 197 204
0007 154 152 188 180 123 172 152 198
0008 131 134 169 171 000 000 000 000
0009 126 124 166 158 000 000 000 000
0010 119 114 149 142 144 117 173 154
0011 117 113 147 144 149 112 177 147
0012 117 108 145 140 149 109 177 142
0013 117 109 146 140 148 110 176 141
0014 116 108 146 142 147 108 173 140
0015 116 106 154 143 143 111 171 134
0016 116 107 153 143 139 106 167 141
0017 116 108 155 144 142 107 172 139
0018 115 106 157 143 146 111 172 138
0019 115 106 155 142 000 000 000 000
0020 115 107 153 141 000 000 000 000
0021 115 107 155 141 000 000 000 000
0022 113 110 144 133 000 000 000 000
0023 114 112 143 135 149 108 172 134
0024 113 111 143 136 149 107 173 134
0025 117 106 146 135 148 107 174 135
0026 116 109 146 139 150 108 173 137
0027 115 112 144 134 150 107 173 138
0028 117 111 146 138 150 107 174 138
0029 115 112 144 134 149 110 175 135
0030 115 107 144 139 150 108 173 140
0031 115 107 144 138 150 108 173 140
0032 115 107 144 139 149 108 173 139
0033 114 111 144 139 149 109 173 141
0034 114 110 145 139 150 109 173 141
0035 117 112 145 140 149 112 175 137
0036 117 108 144 141 150 110 174 139
0037 113 111 149 141 149 111 175 135
0038 117 116 145 139 147 116 175 152
0039 120 125 152 158 151 154 183 184
0040 125 146 165 177 126 195 156 233
0041 147 185 180 219 098 210 126 239
0042 171 203 200 236 083 211 111 239
0043 082 205 106 236 188 206 215 239
0044 083 203 107 235 188 205 214 239
0045 188 200 215 237 087 209 107 238
