0000 161 153 206 212 000 000 000 000
0002 161 148 208 206 000 000 000 000
0003 164 150 210 204 000 000 000 000
0006 172 157 232 235 000 000 000 000
0007 186 108 254 224 000 000 000 000
0008 209 086 281 195 000 000 000 000
0009 218 082 297 191 000 000 000 000
0010 236 079 310 182 000 000 000 000
0011 226 077 306 188 000 000 000 000
0012 194 083 276 187 000 000 000 000
0013 174 083 255 183 000 000 000 000
0014 150 069 221 190 000 000 000 000
0015 123 059 189 194 000 000 000 000
0016 111 077 171 186 000 000 000 000
0017 122 075 184 196 000 000 000 000
0018 150 078 224 195 000 000 000 000
0019 174 082 267 199 000 000 000 000
0020 220 090 292 202 000 000 000 000
0021 232 095 303 203 000 000 000 000
0022 225 101 295 213 000 000 000 000
0023 193 097 267 216 000 000 000 000
0024 154 102 223 233 000 000 000 000
0025 120 132 186 223 000 000 000 000
0026 088 197 147 239 158 146 213 203
0027 164 144 213 204 000 000 000 000
0028 165 152 213 210 000 000 000 000
