0000 192 187 229 221 106 196 143 234
0001 105 193 143 234 200 176 237 210
0002 201 163 239 197 104 188 140 235
0003 109 187 140 234 195 144 234 180
0004 189 125 226 159 121 178 149 222
0005 178 117 221 152 123 175 158 219
0006 124 170 173 209 171 113 214 145
0007 130 171 177 206 165 116 206 146
0008 133 170 185 202 162 124 203 151
0009 137 170 190 198 156 130 200 161
0010 137 171 192 196 150 134 195 166
0011 149 137 193 170 137 170 188 196
0012 143 171 194 194 148 139 192 172
0013 143 168 195 192 148 139 193 173
0014 143 170 194 194 148 142 192 174
0015 144 170 195 195 148 141 193 175
0016 148 141 193 174 145 169 190 195
0017 149 141 193 175 136 170 195 197
0018 140 169 195 195 149 140 193 174
0019 140 169 195 195 149 140 193 174
0020 149 141 193 175 142 171 189 195
0021 150 141 193 175 142 170 189 195
0022 150 142 194 175 140 170 194 195
0023 152 142 197 172 135 167 188 196
0024 129 170 176 208 160 145 203 175
0025 173 154 210 183 126 176 162 223
0026 183 168 218 201 111 187 150 232
0027 108 194 144 236 187 183 222 218
0028 107 196 145 236 189 189 226 225
0029 106 196 145 235 188 188 226 226
0030 105 197 145 236 187 191 225 227
0031 106 199 145 237 186 193 226 228
0032 104 199 145 237 186 194 226 228
0033 105 199 145 236 186 194 226 228
0034 104 199 144 236 187 194 225 228
0035 104 200 144 236 188 193 226 227
0036 105 200 145 236 189 193 226 227
0037 104 200 144 236 189 193 226 227
0038 104 200 144 236 189 193 226 227
0039 104 200 144 236 189 193 226 227
0040 104 200 144 236 189 193 226 227
0041 104 200 144 236 188 195 226 228
