0000 182 202 206 237 114 200 134 234
0001 182 202 206 237 114 201 134 236
0002 182 202 206 237 114 201 134 235
0003 182 203 206 237 113 201 134 236
0004 183 203 206 237 113 201 134 236
0005 183 201 207 237 110 201 134 236
0006 189 201 213 237 098 198 123 230
0007 194 202 221 238 086 196 112 228
0008 212 195 242 233 060 187 089 216
0009 223 186 257 224 048 177 075 205
0010 037 166 068 196 228 179 266 218
0011 227 175 269 216 033 162 063 193
0012 228 179 263 216 032 163 064 195
0013 037 166 070 197 219 179 256 220
0014 195 186 238 225 050 173 083 205
0015 191 186 233 226 054 175 089 209
0016 077 185 108 213 171 187 206 224
0017 090 186 122 216 158 189 196 226
0018 154 186 193 223 099 184 132 216
0019 152 185 188 222 099 183 137 215
0020 145 186 185 222 102 184 138 215
0021 147 184 185 221 105 183 142 214
0022 141 184 184 221 107 182 141 212
0023 147 188 182 223 107 182 140 213
0024 146 187 185 222 107 183 142 215
0025 155 189 186 225 105 183 137 218
0026 159 190 192 227 106 185 132 217
0027 103 186 131 220 168 193 198 229
0028 103 189 130 222 173 199 202 234
0029 105 192 130 231 175 200 206 235
0030 181 200 209 236 110 198 132 236
0031 182 202 209 237 113 201 133 236
0032 183 202 208 239 114 199 135 236
0033 114 200 135 237 183 203 207 239
0034 182 203 206 238 114 203 135 238
