0002 090 217 133 239 000 000 000 000
0003 091 175 136 232 000 000 000 000
0004 087 149 148 199 120 204 174 238
0005 097 117 153 161 113 169 168 215
0006 103 109 161 154 000 000 000 000
0007 107 119 160 170 127 080 176 118
0008 105 102 149 151 127 081 172 148
0009 102 075 160 117 119 146 170 197
0010 103 106 152 164 118 085 168 117
0011 102 113 153 170 121 051 174 099
0012 099 073 156 118 118 133 166 191
0013 094 072 153 122 119 134 161 179
0014 101 111 152 173 121 079 170 117
0015 098 097 154 150 121 067 173 104
0016 091 075 150 123 118 110 180 148
0017 087 086 142 132 122 114 181 155
0018 156 101 212 146 047 073 113 115
0019 029 062 088 104 189 089 245 134
0020 226 079 278 122 007 058 058 099
0021 233 082 284 124 006 057 053 096
0022 232 086 285 131 008 058 055 095
0023 230 089 282 134 007 059 052 099
0024 227 091 280 138 007 060 052 099
0025 225 093 282 141 008 057 056 097
0026 224 098 274 145 008 064 058 102
0027 212 129 261 178 013 085 064 126
0028 194 164 263 215 018 118 068 175
0029 041 177 085 227 163 215 207 239
0030 062 214 103 237 000 000 000 000
