0000 109 222 150 239 049 224 084 239
0001 106 168 150 212 049 224 084 239
0002 113 119 152 178 049 224 084 239
0003 115 087 162 149 049 224 084 239
0004 120 073 164 139 049 223 084 239
0005 123 071 162 136 047 223 077 239
0006 120 068 168 131 049 222 083 237
0007 122 067 168 132 049 223 084 239
0008 123 069 170 131 049 224 085 239
0009 124 067 171 129 049 224 084 239
0010 129 070 168 132 049 224 084 239
0011 129 069 169 134 049 224 085 239
0012 130 070 168 133 049 224 085 239
0013 130 071 168 132 049 224 085 239
0014 130 070 169 133 049 223 084 239
0015 126 067 171 129 047 222 077 239
0016 126 067 171 129 049 223 084 239
0017 127 075 166 138 049 223 085 239
0018 119 120 160 175 049 223 084 239
0019 109 173 151 215 049 224 084 239
0020 103 219 149 239 047 222 077 239
0021 049 223 084 239 000 000 000 000
0022 047 222 076 239 000 000 000 000
0023 049 223 083 239 000 000 000 000
