0002 199 178 237 224 000 000 000 000
0003 208 114 243 185 000 000 000 000
0004 213 081 253 153 000 000 000 000
0005 215 063 254 135 000 000 000 000
0006 215 057 255 132 000 000 000 000
0007 218 057 259 132 000 000 000 000
0008 218 057 260 134 000 000 000 000
0009 219 055 258 133 000 000 000 000
0010 220 055 260 132 000 000 000 000
0011 220 057 258 133 000 000 000 000
0012 221 056 260 132 000 000 000 000
0013 220 058 259 135 000 000 000 000
0014 216 060 263 130 000 000 000 000
0015 221 058 260 136 000 000 000 000
0016 222 057 260 136 000 000 000 000
0017 218 067 258 139 000 000 000 000
0018 220 106 254 156 000 000 000 000
0019 204 140 244 185 000 000 000 000
0020 191 181 231 226 000 000 000 000
0021 177 213 216 239 000 000 000 000
