0000 092 218 134 239 000 000 000 000
0001 092 218 134 239 000 000 000 000
0002 092 218 134 239 000 000 000 000
0003 092 218 134 239 000 000 000 000
0004 092 218 134 239 000 000 000 000
0005 092 218 134 239 000 000 000 000
0006 092 217 134 239 000 000 000 000
0007 093 217 134 239 048 222 086 237
0008 045 207 090 239 098 214 138 239
0009 041 183 092 238 102 208 137 239
0010 101 196 140 236 037 155 098 197
0011 089 173 134 217 048 115 102 150
0012 085 154 131 202 050 094 113 129
0013 058 074 125 107 090 119 129 174
0014 093 089 126 148 065 064 132 094
0015 068 058 133 090 093 058 130 142
0016 097 099 130 139 073 050 127 077
0017 086 094 133 144 069 049 132 078
0018 094 094 131 137 069 050 131 079
0019 096 073 134 135 067 049 132 079
0020 097 070 132 137 069 049 131 075
0021 092 084 127 145 068 046 128 074
0022 081 094 125 145 069 050 131 076
0023 085 097 125 142 064 048 131 078
0024 092 082 129 140 068 050 130 075
0025 090 080 131 140 069 049 128 075
0026 086 092 125 146 069 049 129 074
0027 085 091 127 144 069 052 129 076
0028 088 088 126 146 070 053 131 080
0029 089 079 126 147 071 057 126 084
0030 092 100 129 163 067 061 127 092
0031 093 141 132 195 068 086 128 118
0032 105 191 139 236 061 135 116 173
0033 060 171 113 214 107 206 144 239
0034 058 199 106 237 106 210 142 239
0035 104 212 143 239 057 213 099 238
0036 104 215 143 239 059 217 097 239
0037 104 216 143 239 060 221 097 239
0038 106 216 141 239 058 221 097 239
