0000 108 213 159 239 000 000 000 000
0001 103 211 156 239 000 000 000 000
0002 105 205 158 239 000 000 000 000
0003 098 182 158 220 000 000 000 000
0004 097 150 153 187 000 000 000 000
0005 101 116 145 159 000 000 000 000
0006 106 088 147 140 000 000 000 000
0007 110 075 147 125 000 000 000 000
0008 111 066 151 122 000 000 000 000
0009 111 069 149 119 000 000 000 000
0010 112 074 148 119 000 000 000 000
0011 109 070 146 114 000 000 000 000
0012 107 069 148 116 000 000 000 000
0013 108 070 148 115 000 000 000 000
0014 109 071 151 116 000 000 000 000
0015 111 071 149 118 000 000 000 000
0016 106 083 151 138 000 000 000 000
0017 097 140 150 190 000 000 000 000
0018 090 182 149 222 000 000 000 000
0019 097 205 151 238 000 000 000 000
0020 104 209 154 239 000 000 000 000
0021 107 210 161 239 000 000 000 000
