0000 129 209 186 239 000 000 000 000
0001 130 208 186 239 000 000 000 000
0002 130 208 185 239 000 000 000 000
0003 130 208 186 239 000 000 000 000
0004 130 208 186 239 000 000 000 000
0005 130 208 186 239 000 000 000 000
0006 129 209 186 239 000 000 000 000
0007 129 208 188 239 000 000 000 000
0008 130 208 187 239 000 000 000 000
0009 130 209 188 239 000 000 000 000
0010 130 208 188 239 000 000 000 000
0011 130 208 188 239 000 000 000 000
0012 129 209 185 239 000 000 000 000
0013 212 194 258 238 129 208 185 239
0014 129 208 185 239 206 160 250 211
0015 130 209 186 239 190 125 239 177
0016 130 209 187 239 175 112 231 165
0017 129 209 187 239 168 111 225 163
0018 129 209 187 239 163 107 219 163
0019 129 209 181 239 159 105 216 165
0020 156 102 212 161 129 209 181 239
0021 129 209 187 239 151 100 211 163
0022 129 209 187 239 148 103 210 166
0023 131 210 180 239 152 103 211 161
0024 131 209 186 239 151 108 210 162
0025 131 209 186 239 154 110 210 163
0026 131 209 182 239 154 108 209 162
0027 131 209 182 239 146 101 201 154
0028 131 209 182 239 151 103 204 159
0029 131 209 182 239 151 106 211 163
0030 131 209 182 239 151 105 210 163
0031 131 209 182 239 148 100 205 156
0032 131 209 182 239 148 101 204 155
0033 131 210 182 239 147 100 204 155
0034 148 101 203 154 131 209 182 239
0035 152 104 208 154 131 209 183 239
0036 154 105 207 157 131 210 185 239
0037 152 107 207 157 131 210 185 239
0038 156 109 208 165 132 210 185 239
0039 131 209 185 239 171 133 221 180
0040 131 209 185 239 000 000 000 000
0041 131 209 186 239 225 209 269 237
0042 132 208 186 239 000 000 000 000
0043 131 208 186 239 000 000 000 000
0044 131 207 186 239 000 000 000 000
0045 132 207 186 239 000 000 000 000
0046 132 207 186 239 000 000 000 000
0047 131 207 186 239 000 000 000 000
0048 132 209 183 239 000 000 000 000
0049 132 208 183 239 000 000 000 000
