0000 186 199 230 235 111 209 152 239
0001 186 198 229 236 111 210 152 239
0002 185 197 228 236 111 209 152 239
0003 186 194 228 235 111 208 153 239
0004 188 186 230 234 110 206 153 239
0005 109 203 154 239 190 169 225 221
0006 109 200 152 238 195 156 233 199
0007 108 192 151 236 197 143 236 190
0008 108 173 153 226 196 128 242 175
0009 101 153 151 199 195 114 245 164
0010 193 114 246 163 101 138 153 174
0011 190 111 242 162 104 121 156 156
0012 189 105 244 158 107 112 160 145
0013 189 107 240 159 107 109 168 140
0014 188 107 237 159 111 107 172 148
0015 185 108 237 158 116 110 175 153
0016 179 107 239 158 120 107 179 148
0017 181 110 235 160 125 110 189 142
0018 182 112 235 161 129 106 194 140
0019 180 108 234 157 133 105 195 141
0020 186 107 238 158 136 108 189 145
0021 188 108 237 162 143 109 190 158
0022 184 112 236 166 144 114 195 162
0023 187 111 237 163 149 117 204 166
0024 188 114 240 164 155 120 211 150
0025 195 109 242 159 157 119 211 147
0026 186 110 244 162 160 111 213 145
0027 167 109 247 155 000 000 000 000
0028 186 111 248 160 000 000 000 000
0029 193 114 247 167 165 113 211 145
0030 186 112 248 159 000 000 000 000
0031 192 117 247 155 000 000 000 000
0032 181 122 247 159 192 110 252 134
0033 185 114 247 165 000 000 000 000
0034 162 123 215 164 000 000 000 000
0035 193 131 230 174 143 131 194 175
0036 127 144 175 197 190 144 234 188
0037 117 154 164 203 190 158 233 206
0038 112 163 159 211 188 174 232 215
0039 112 165 157 215 185 178 234 220
0040 111 175 153 228 180 181 231 226
0041 110 175 153 228 181 183 232 227
0042 106 165 152 220 179 174 234 217
0043 103 154 148 202 183 160 234 201
0044 181 145 236 183 100 139 144 184
0045 095 127 142 169 180 132 236 170
0046 092 113 143 152 181 121 237 152
0047 181 119 238 151 094 113 142 150
0048 175 107 241 135 088 098 138 132
0049 087 092 139 126 179 097 237 129
0050 180 087 243 121 083 081 138 111
0051 178 076 245 112 085 072 135 102
0052 084 065 135 090 181 072 244 106
0053 084 064 134 089 183 070 238 104
0054 086 068 135 111 181 074 240 109
0055 089 086 133 122 188 081 240 130
0056 092 106 136 142 186 100 233 144
0057 095 150 141 190 181 136 229 179
0058 103 175 145 219 181 163 226 207
0059 108 193 148 238 180 183 228 227
0060 181 193 226 238 108 207 149 239
0061 180 196 225 235 109 208 149 239
0062 183 196 226 234 110 208 149 239
0063 184 198 229 235 110 208 150 239
0064 186 199 227 236 110 209 151 239
0065 187 201 228 236 110 209 150 239
0066 186 201 228 236 109 208 151 239
0067 186 201 227 236 109 208 151 239
0068 186 202 228 236 109 208 150 239
0069 186 202 228 236 109 208 150 239
0070 186 202 228 236 110 209 150 239
