0002 154 216 195 239 000 000 000 000
0003 173 184 216 224 000 000 000 000
0004 200 119 235 177 000 000 000 000
0005 209 086 251 145 000 000 000 000
0006 211 068 254 127 000 000 000 000
0007 214 058 257 116 000 000 000 000
0008 217 051 255 111 000 000 000 000
0009 219 054 264 114 000 000 000 000
0010 222 052 268 112 000 000 000 000
0011 224 052 269 113 000 000 000 000
0012 223 050 270 113 000 000 000 000
0013 224 050 270 112 000 000 000 000
0014 225 048 272 112 000 000 000 000
0015 224 050 271 112 000 000 000 000
0016 224 049 270 112 000 000 000 000
0017 226 048 263 108 000 000 000 000
0018 223 049 270 111 000 000 000 000
0019 223 049 270 112 000 000 000 000
0020 225 051 270 110 000 000 000 000
0021 228 049 267 115 000 000 000 000
0022 224 063 261 128 000 000 000 000
0023 214 104 255 151 000 000 000 000
0024 197 153 234 196 000 000 000 000
0025 164 203 208 239 000 000 000 000
