0003 093 221 129 238 000 000 000 000
0004 083 189 125 226 040 188 083 234
0005 054 115 111 171 090 112 129 167
0006 066 082 109 140 094 101 128 148
0007 095 099 130 142 067 071 125 117
0008 071 058 133 107 095 098 132 143
0009 095 094 136 141 074 061 139 108
0010 096 096 138 143 074 060 140 109
0011 096 097 138 144 076 057 135 111
0012 077 058 134 112 097 099 134 142
0013 077 058 135 111 098 100 134 142
0014 097 097 133 138 077 062 136 107
0015 075 062 136 108 096 100 134 143
0016 096 102 136 145 077 062 134 109
0017 093 111 130 158 072 074 133 124
0018 063 094 126 156 083 136 122 179
0019 041 167 089 219 082 184 114 220
0020 024 204 063 237 072 209 114 239
0021 015 220 042 239 074 222 111 238
0022 009 222 038 239 071 223 112 239
0029 065 224 107 239 000 000 000 000
0033 022 225 058 239 000 000 000 000
0034 020 225 057 239 000 000 000 000
