0000 138 190 159 217 203 185 221 215
0001 138 190 159 218 203 186 221 216
0002 137 189 159 217 203 185 221 215
0003 203 186 221 215 137 190 158 217
0004 137 189 158 217 202 185 220 215
0005 202 185 222 216 137 189 158 216
0006 201 184 222 215 138 190 158 217
0007 198 187 218 212 136 191 159 217
0008 142 188 164 212 195 176 217 203
0009 194 159 214 186 147 178 173 199
0010 188 143 212 165 161 156 186 179
0011 168 125 196 151 183 128 208 151
0012 184 126 211 151 172 106 197 129
0013 174 123 207 146 170 095 195 117
0014 164 119 203 143 170 097 200 114
0015 169 100 199 125 000 000 000 000
0016 165 093 202 111 168 113 200 135
0017 168 082 205 108 173 122 197 144
0018 167 085 210 112 175 117 197 139
0019 177 100 208 124 000 000 000 000
0020 172 114 205 137 166 094 196 112
0021 168 118 207 139 165 088 202 112
0022 169 098 199 121 000 000 000 000
0023 168 111 199 135 000 000 000 000
0024 164 088 198 111 173 123 199 147
0025 169 090 206 110 171 119 198 142
0026 172 106 207 130 000 000 000 000
0027 171 123 200 146 169 096 193 119
0028 165 125 201 148 167 100 193 120
0029 165 129 203 147 169 103 202 127
0030 167 127 201 149 161 112 198 136
0031 156 126 187 151 175 138 209 163
0032 147 155 177 180 189 163 208 191
0033 138 179 162 208 196 175 214 203
0034 134 188 154 217 202 183 221 213
