0000 112 200 132 232 181 194 200 228
0001 113 201 132 234 181 194 200 229
0002 181 191 200 230 111 197 131 230
0003 113 189 137 222 185 185 203 217
0004 188 145 212 171 113 165 136 192
0005 113 112 139 146 189 094 214 132
0006 185 062 208 109 119 070 144 098
0007 182 054 206 096 115 049 149 088
0008 182 051 206 093 118 043 144 084
0009 182 048 207 092 118 040 146 077
0010 181 047 209 093 119 039 146 079
0011 183 052 208 096 118 043 144 084
0012 118 061 142 097 183 066 208 112
0013 115 093 144 129 187 101 209 139
0014 183 149 202 184 113 145 141 169
0015 120 174 142 208 184 182 204 222
0016 118 198 134 226 183 194 202 229
0017 115 198 135 232 183 194 201 228
0018 116 199 137 233 182 193 200 228
