0000 217 206 242 239 147 205 170 239
0001 217 205 242 238 143 201 167 239
0002 217 206 242 238 144 197 167 231
0003 217 205 242 239 148 173 171 205
0004 217 205 242 239 151 134 183 160
0005 217 205 242 239 157 118 192 150
0006 215 205 241 239 155 105 190 132
0007 215 204 241 239 156 105 191 131
0008 216 204 242 239 157 106 193 130
0009 216 204 242 239 157 106 192 129
0010 216 204 242 239 155 106 192 129
0011 217 203 242 239 157 106 196 131
0012 217 205 241 239 157 104 197 132
0013 217 204 241 239 158 104 196 130
0014 217 205 241 239 157 105 196 132
0015 217 205 241 239 156 112 193 140
0016 216 205 241 239 159 132 192 160
0017 159 166 192 193 216 206 241 239
0018 216 206 241 239 156 185 186 221
0019 216 205 241 239 148 205 174 239
0020 217 205 242 239 146 203 167 236
0021 217 205 241 239 146 203 166 234
0022 217 206 242 239 146 204 166 235
0023 216 205 242 239 146 205 166 235
0024 216 205 242 239 145 206 166 237
0025 216 206 242 239 145 203 165 236
