0008 187 161 251 200 000 000 000 000
0009 165 131 247 174 000 000 000 000
0010 158 104 231 148 000 000 000 000
0011 155 086 225 133 000 000 000 000
0012 153 080 224 125 000 000 000 000
0013 144 074 224 119 000 000 000 000
0014 148 074 220 115 000 000 000 000
0015 145 076 212 115 000 000 000 000
0016 145 074 216 119 000 000 000 000
0017 149 074 216 120 000 000 000 000
0018 145 075 215 119 000 000 000 000
0019 145 076 215 119 000 000 000 000
0020 145 075 214 119 000 000 000 000
0021 142 080 216 120 000 000 000 000
0022 143 076 213 119 000 000 000 000
0023 144 077 213 119 000 000 000 000
0024 144 078 212 120 000 000 000 000
0025 144 078 212 120 000 000 000 000
0026 144 078 214 120 000 000 000 000
0027 144 077 214 120 000 000 000 000
0028 144 080 211 120 000 000 000 000
0029 147 077 216 116 000 000 000 000
0030 147 080 216 122 000 000 000 000
0031 146 080 216 122 000 000 000 000
0032 146 080 213 119 000 000 000 000
0033 154 091 212 132 000 000 000 000
0034 173 130 238 179 000 000 000 000
0035 233 202 275 237 000 000 000 000
