0011 064 218 103 239 000 000 000 000
0012 074 178 118 229 121 212 171 239
0013 074 133 132 184 118 174 171 222
0014 073 109 148 153 118 143 173 196
0015 084 087 164 133 123 124 170 186
0016 092 074 166 121 129 109 173 170
0017 095 070 171 116 131 105 173 167
0018 097 070 174 108 128 099 175 160
0019 098 067 176 106 125 092 173 157
0020 098 068 177 105 125 091 172 156
0021 099 067 176 101 126 087 163 158
0022 099 067 179 101 129 090 167 157
0023 100 069 176 104 129 092 167 161
0024 100 070 182 109 127 088 166 165
0025 091 070 182 102 121 075 170 174
0026 097 072 178 104 128 094 166 166
0027 093 071 178 103 128 096 165 165
0028 092 071 178 103 126 093 165 164
0029 097 071 178 104 126 093 165 164
0030 097 071 178 104 126 094 165 166
0031 097 071 178 104 126 096 164 165
0032 093 071 179 103 126 096 165 165
0033 093 071 179 102 127 094 165 165
0034 093 071 180 103 126 093 165 164
0035 093 070 179 102 127 095 165 164
0036 096 070 179 104 127 096 164 165
0037 095 072 178 106 127 095 165 166
0038 096 070 178 105 127 095 164 165
0039 097 071 177 105 127 094 165 164
0040 087 079 178 111 126 087 164 172
0041 091 097 153 133 131 118 171 189
0042 135 197 176 235 047 163 095 203
