0000 207 149 245 191 000 000 000 000
0001 207 149 241 192 000 000 000 000
0002 209 147 246 192 000 000 000 000
0003 209 147 243 189 000 000 000 000
0004 208 144 243 187 000 000 000 000
0005 209 145 243 188 000 000 000 000
0006 209 145 243 186 000 000 000 000
0007 208 145 243 187 000 000 000 000
0008 209 146 244 190 000 000 000 000
0009 209 146 244 189 000 000 000 000
0010 212 147 244 189 127 209 166 239
0011 211 150 244 191 127 171 190 221
0012 118 133 189 170 211 151 244 192
0013 212 150 244 190 122 099 188 147
0014 125 077 194 119 212 149 244 192
0015 125 067 193 114 212 152 245 193
0016 125 064 195 105 209 150 246 192
0017 130 060 199 107 213 151 245 191
0018 130 063 200 109 214 150 245 190
0019 130 062 201 109 213 150 245 192
0020 129 061 201 110 213 148 245 191
0021 127 059 197 111 213 148 245 191
0022 126 060 197 112 213 149 245 191
0023 128 061 199 109 210 150 246 191
0024 129 062 199 112 211 152 244 194
0025 129 062 199 113 211 152 244 193
0026 130 061 198 113 212 153 244 193
0027 128 062 196 113 212 152 244 192
0028 128 061 195 114 212 153 244 192
0029 127 061 193 115 212 149 244 190
0030 212 150 244 191 124 088 182 126
0031 212 149 244 191 120 123 188 162
0032 212 150 244 192 134 177 184 230
0033 212 151 245 195 132 209 171 237
0034 211 149 244 191 000 000 000 000
0035 211 147 244 190 000 000 000 000
0036 209 146 243 193 000 000 000 000
0037 209 148 243 194 000 000 000 000
0038 208 148 243 192 000 000 000 000
