0000 125 186 143 216 000 000 000 000
0001 124 184 143 215 000 000 000 000
0002 124 183 143 217 000 000 000 000
0003 122 186 144 221 195 183 214 210
0004 122 186 144 221 192 185 210 217
0005 192 186 210 216 122 187 145 219
0006 124 187 145 218 190 186 205 217
0007 190 188 208 219 122 188 144 219
0008 194 187 215 217 120 187 142 218
0009 207 185 234 215 111 184 133 212
0010 222 174 260 200 086 176 111 206
0011 054 148 083 179 248 149 278 175
0012 036 134 066 162 258 137 290 158
0013 264 122 293 140 030 109 061 133
0014 028 093 060 112 263 111 288 129
0015 265 105 292 123 029 084 060 107
0016 264 105 293 122 029 082 058 103
0017 029 089 061 109 264 109 289 127
0018 258 113 288 131 029 096 058 114
0019 031 099 061 116 258 108 287 127
0020 032 100 060 119 262 100 287 119
0021 031 100 060 119 258 073 284 092
0022 245 044 278 070 033 100 061 118
0023 229 021 257 054 027 097 059 118
0024 197 008 222 044 029 099 058 120
0025 169 023 200 054 029 102 060 124
0026 152 040 191 059 034 101 062 122
0027 151 041 190 062 030 106 062 124
0028 151 037 193 059 030 107 061 131
0029 158 031 197 058 029 106 060 126
0030 180 025 208 053 028 107 060 128
0031 204 017 228 053 031 107 060 129
0032 227 026 251 062 035 107 062 131
0033 239 047 268 076 031 113 060 134
0034 247 073 276 097 033 112 061 137
0035 040 118 065 139 000 000 000 000
0036 035 116 064 138 244 107 275 124
0037 036 112 066 133 244 107 274 125
0038 034 105 065 131 244 103 274 122
0039 248 099 280 119 039 103 066 126
0040 246 109 277 131 037 111 067 133
0041 043 128 077 158 239 134 279 159
0042 067 157 094 183 000 000 000 000
0043 093 170 114 198 210 180 232 203
0044 111 177 130 203 191 181 210 211
0045 127 178 144 207 000 000 000 000
