0012 186 182 228 213 000 000 000 000
0013 176 145 237 178 000 000 000 000
0014 174 120 229 157 000 000 000 000
0015 170 113 224 150 000 000 000 000
0016 170 109 221 150 000 000 000 000
0017 168 108 221 148 000 000 000 000
0018 168 107 221 148 000 000 000 000
0019 168 107 221 148 000 000 000 000
0020 168 106 220 144 000 000 000 000
0021 167 106 220 145 000 000 000 000
0022 167 107 219 146 000 000 000 000
0023 167 110 222 149 000 000 000 000
0024 167 111 222 149 000 000 000 000
0025 166 112 221 149 000 000 000 000
0026 165 113 221 149 000 000 000 000
0027 166 113 221 149 000 000 000 000
0028 164 112 220 150 000 000 000 000
0029 165 110 220 146 000 000 000 000
0030 164 112 219 148 000 000 000 000
0031 167 116 223 150 000 000 000 000
0032 170 137 224 172 000 000 000 000
0033 180 188 217 222 000 000 000 000
