0000 074 206 103 235 129 214 162 239
0001 073 206 104 236 129 214 161 239
0002 129 212 162 238 073 206 104 236
0003 130 211 162 237 073 206 103 235
0004 130 209 163 237 073 206 103 234
0005 134 204 167 235 073 207 103 238
0006 139 193 171 227 074 207 105 235
0007 140 174 177 206 073 206 103 235
0008 149 150 180 184 073 205 103 234
0009 073 205 103 234 149 120 186 159
0010 153 100 187 139 073 206 103 235
0011 153 083 190 119 073 205 103 235
0012 153 069 191 101 074 206 102 234
0013 154 061 189 092 074 207 103 234
0014 154 053 188 085 074 209 104 238
0015 154 049 188 080 074 206 103 234
0016 152 044 188 074 074 208 103 237
0017 156 041 193 073 074 208 105 238
0018 157 041 193 072 075 208 104 235
0019 155 041 188 069 074 207 103 238
0020 156 040 194 072 076 208 106 238
0021 158 039 194 072 076 209 106 239
0022 158 042 190 074 076 209 106 239
0023 158 042 190 074 074 205 103 234
0024 158 041 191 074 075 208 105 238
0025 158 040 191 074 075 208 105 238
0026 159 041 192 076 077 210 106 238
0027 159 045 192 077 075 208 105 238
0028 076 207 105 234 159 047 190 079
0029 157 059 189 088 076 209 106 238
0030 076 208 106 237 157 080 186 108
0031 146 105 179 134 076 209 106 238
0032 138 142 172 172 076 210 106 238
0033 075 209 105 238 129 166 167 196
0034 128 201 162 232 076 209 105 238
0035 128 212 161 239 076 209 106 238
0036 128 213 161 239 073 205 103 236
0037 129 214 161 239 075 204 103 233
0038 128 213 161 239 074 206 103 237
0039 129 214 161 239 075 206 103 236
0040 129 214 161 239 075 204 103 233
0041 129 214 161 239 075 204 103 234
