0015 171 218 222 239 000 000 000 000
0016 168 210 219 238 000 000 000 000
0017 168 209 226 239 000 000 000 000
0018 174 211 224 239 000 000 000 000
0020 151 212 216 238 000 000 000 000
0021 154 214 215 239 000 000 000 000
0022 155 202 214 238 000 000 000 000
0023 159 186 206 235 000 000 000 000
0024 158 188 205 234 000 000 000 000
0025 157 188 205 235 112 217 165 239
0026 156 186 207 234 110 220 165 239
0027 161 182 206 229 107 215 167 239
0028 154 174 208 222 099 209 153 239
0029 101 191 150 239 159 163 207 216
0030 104 183 160 235 156 157 199 209
0031 115 169 159 225 155 150 205 202
0032 158 143 208 200 108 164 165 219
0033 110 157 166 213 163 138 210 195
0034 112 154 164 208 161 136 208 196
0035 123 148 171 204 163 134 211 195
0036 122 145 167 201 163 132 216 191
0037 125 143 170 200 167 131 220 190
0038 120 140 173 194 168 132 223 188
0039 120 137 178 190 165 123 223 185
0040 121 133 180 185 173 123 221 183
0041 124 135 180 188 168 120 225 185
0042 174 122 222 185 125 136 180 187
0043 173 120 223 183 125 132 177 186
0044 169 117 228 182 125 133 176 187
0045 168 119 225 184 124 133 176 188
0046 170 119 221 181 123 133 176 188
0047 171 119 218 180 121 132 175 187
0048 118 131 174 189 169 121 221 186
0049 117 131 173 190 168 121 220 187
0050 118 134 173 193 167 121 220 184
0051 120 147 174 204 170 132 222 197
0052 116 173 176 236 167 160 229 222
0053 171 209 225 235 000 000 000 000
