0000 101 217 125 239 000 000 000 000
0001 101 218 126 239 000 000 000 000
0002 101 218 126 239 000 000 000 000
0003 095 216 122 239 000 000 000 000
0004 083 208 116 239 208 218 243 238
0005 080 198 115 230 202 208 242 238
0006 175 195 218 222 087 187 131 222
0007 155 185 196 210 107 184 148 220
0008 115 184 140 211 148 183 188 208
0009 146 183 185 207 116 182 141 213
0010 144 180 184 205 116 182 142 213
0011 144 179 183 204 116 181 142 211
0012 145 179 181 204 115 182 140 212
0013 144 178 183 203 114 181 139 211
0014 114 181 140 212 144 178 183 203
0015 114 182 138 212 144 178 183 203
0016 149 183 187 208 110 182 138 217
0017 102 192 142 230 162 201 200 228
0018 100 210 132 238 182 213 212 238
0019 099 218 128 239 000 000 000 000
0020 100 222 125 238 000 000 000 000
0021 101 218 126 239 000 000 000 000
0022 102 218 126 239 000 000 000 000
0023 101 217 126 239 000 000 000 000
0024 100 217 124 239 000 000 000 000
0025 100 216 126 239 000 000 000 000
