0000 137 196 157 234 076 205 099 235
0001 132 197 156 234 079 208 100 234
0002 085 172 110 204 115 168 154 202
0003 086 104 140 144 000 000 000 000
0004 094 071 136 095 000 000 000 000
0005 095 042 144 070 000 000 000 000
0006 093 023 135 043 000 000 000 000
0007 095 020 133 043 116 020 150 049
0008 097 018 136 040 000 000 000 000
0009 097 018 138 042 000 000 000 000
0010 095 018 136 039 000 000 000 000
0011 096 018 138 041 000 000 000 000
0012 093 022 135 044 116 024 154 051
0013 073 029 113 052 146 026 186 059
0014 063 030 104 055 158 025 195 060
0015 058 031 099 058 157 035 192 069
0016 048 039 091 072 162 066 191 096
0017 050 057 081 085 166 101 192 135
0018 170 137 199 171 000 000 000 000
0019 057 161 082 198 179 164 204 195
0020 063 194 086 231 174 174 202 203
0021 072 199 091 228 173 174 198 202
0022 074 197 092 218 174 175 198 202
0023 075 196 092 223 173 174 198 203
