0000 111 198 129 231 187 201 206 230
0001 111 197 129 230 184 201 202 234
0002 111 197 130 230 183 203 205 235
0003 190 202 211 235 112 197 130 231
0004 111 195 130 229 204 169 228 199
0005 111 195 129 230 205 119 229 145
0006 202 072 226 097 112 193 130 230
0007 194 047 222 077 111 195 130 228
0008 192 052 219 075 110 196 129 228
0009 192 055 221 084 109 196 130 229
0010 195 074 223 100 111 196 130 229
0011 198 094 226 124 111 196 131 229
0012 111 195 131 228 192 096 222 128
0013 191 076 221 107 112 197 131 229
0014 192 060 221 089 110 195 131 230
0015 190 044 219 073 111 194 132 229
0016 192 044 220 073 113 198 131 229
0017 189 057 217 086 113 198 131 228
0018 188 078 215 107 112 197 132 230
0019 197 097 222 126 114 198 131 226
0020 114 196 132 226 200 130 229 158
0021 201 187 222 211 112 195 132 229
0022 192 197 215 232 111 196 132 230
0023 113 197 135 229 187 200 206 231
0024 113 199 133 230 182 200 204 234
0025 112 199 133 229 183 200 204 234
0026 181 198 205 234 112 199 131 229
