0005 002 182 056 227 000 000 000 000
0006 010 103 060 180 000 000 000 000
0007 018 078 066 160 000 000 000 000
0008 031 059 074 139 000 000 000 000
0009 039 047 081 128 000 000 000 000
0010 054 043 094 120 000 000 000 000
0011 054 043 097 118 000 000 000 000
0012 058 045 105 116 000 000 000 000
0013 055 046 106 115 000 000 000 000
0014 055 045 107 116 000 000 000 000
0015 055 046 106 116 000 000 000 000
0016 056 045 107 115 000 000 000 000
0017 057 045 104 116 000 000 000 000
0018 057 045 104 117 000 000 000 000
0019 057 045 105 117 000 000 000 000
0020 058 042 104 115 000 000 000 000
0021 059 041 103 114 000 000 000 000
0022 059 042 104 118 000 000 000 000
0023 062 041 105 118 000 000 000 000
0024 057 042 105 114 000 000 000 000
0025 059 040 103 112 000 000 000 000
0026 061 041 107 119 000 000 000 000
0027 061 042 101 117 000 000 000 000
0028 054 045 095 123 000 000 000 000
0029 038 077 082 156 000 000 000 000
0030 022 129 077 191 000 000 000 000
0031 036 216 076 239 000 000 000 000
