0000 170 183 196 221 082 188 107 226
0001 170 183 196 222 082 189 107 226
0002 168 184 195 221 083 188 108 225
0003 162 182 190 219 087 184 113 224
0004 151 172 183 212 092 181 119 219
0005 138 158 176 196 102 180 128 210
0006 118 144 168 173 111 168 151 194
0007 101 133 158 167 114 151 160 187
0008 094 126 140 155 141 147 176 171
0009 152 136 188 160 091 115 137 144
0010 148 133 186 159 096 107 141 143
0011 146 132 183 160 000 000 000 000
0012 142 127 172 157 099 117 163 151
0013 112 119 165 154 000 000 000 000
0014 122 117 172 153 000 000 000 000
0015 142 120 183 145 119 132 148 158
0016 139 120 185 143 121 133 147 159
0017 124 119 180 153 000 000 000 000
0018 119 121 165 157 000 000 000 000
0019 138 128 178 157 000 000 000 000
0020 153 127 186 157 087 107 136 140
0021 084 106 131 134 158 128 188 154
0022 085 103 139 135 151 128 188 156
0023 139 127 182 156 088 101 143 137
0024 128 122 169 156 098 110 167 143
0025 117 118 167 153 000 000 000 000
0026 129 120 185 148 000 000 000 000
0027 157 137 195 167 106 138 143 167
0028 107 152 142 183 164 160 194 200
0029 105 169 136 198 162 177 191 218
0030 103 181 129 213 162 183 190 220
0031 098 187 122 222 170 183 196 223
0032 170 181 196 221 092 189 117 225
