0000 138 214 181 239 000 000 000 000
0001 139 197 187 238 000 000 000 000
0002 142 172 196 218 000 000 000 000
0003 135 151 197 195 000 000 000 000
0004 135 117 200 156 000 000 000 000
0005 139 093 201 133 000 000 000 000
0006 146 081 199 118 126 091 164 129
0007 146 072 203 112 000 000 000 000
0008 141 070 200 110 000 000 000 000
0009 137 069 199 111 000 000 000 000
0010 132 069 198 110 000 000 000 000
0011 137 068 199 109 000 000 000 000
0012 134 068 199 109 000 000 000 000
0013 137 071 201 113 000 000 000 000
0014 134 071 196 116 000 000 000 000
0015 132 081 191 124 000 000 000 000
0016 136 102 189 145 081 157 126 196
0017 142 138 189 178 000 000 000 000
0018 142 161 186 202 000 000 000 000
0019 138 198 183 237 000 000 000 000
0020 138 211 181 238 000 000 000 000
0021 140 214 183 239 000 000 000 000
