0000 098 208 121 236 173 190 192 225
0001 174 191 193 224 098 205 120 236
0002 098 208 120 236 173 191 193 226
0003 172 179 192 217 098 205 120 235
0004 144 137 184 167 099 207 122 236
0005 123 100 167 125 098 208 122 232
0006 099 207 123 236 119 093 159 114
0007 097 208 120 232 122 088 155 109
0008 099 206 122 235 124 093 153 112
0009 096 207 120 232 129 092 163 112
0010 098 207 122 232 171 085 198 112
0011 097 208 119 235 167 086 196 113
0012 099 208 120 236 169 082 196 109
0013 169 083 196 113 098 207 122 235
0014 099 206 122 235 169 085 196 114
0015 099 206 121 235 168 095 199 136
0016 099 206 121 236 176 157 197 191
0017 099 207 121 235 173 184 192 224
0018 094 205 125 236 172 189 192 224
0019 100 208 122 236 178 190 196 225
0020 094 205 125 235 178 191 197 231
