0000 017 224 050 239 000 000 000 000
0001 130 211 168 239 017 225 049 239
0002 130 203 170 239 016 223 051 239
0003 130 190 172 239 019 222 052 239
0004 129 167 176 231 019 222 052 238
0005 131 137 182 197 019 222 052 238
0006 139 112 187 168 019 223 052 239
0007 139 101 180 152 017 223 051 239
0008 134 102 181 155 020 222 050 239
0009 139 104 181 158 020 223 051 239
0010 136 104 183 164 020 223 051 239
0011 135 109 181 171 020 224 051 239
0012 133 110 181 174 017 223 049 239
0013 132 113 180 178 017 223 050 239
0014 129 116 177 182 019 223 051 239
0015 129 116 175 183 020 225 051 239
0016 130 117 174 183 020 224 051 239
0017 134 122 173 189 020 224 051 239
0018 134 122 174 190 017 223 057 239
0019 133 122 174 190 020 224 051 239
0020 130 120 175 184 021 224 051 239
0021 129 123 174 185 021 221 052 238
0022 129 127 173 192 020 221 055 238
0023 127 140 174 202 017 220 055 239
0024 123 165 169 228 021 222 057 239
0025 114 196 161 239 017 223 056 239
0026 020 222 056 239 117 222 161 239
0027 020 221 056 239 000 000 000 000
0028 022 222 055 239 000 000 000 000
0029 019 224 055 239 000 000 000 000
0030 018 223 056 239 000 000 000 000
