0000 234 205 274 237 164 207 203 239
0001 234 205 274 237 164 208 203 239
0002 234 205 274 237 164 207 204 239
0003 233 205 274 237 163 206 203 239
0004 234 205 274 237 160 201 202 237
0005 147 179 189 230 234 206 274 237
0006 129 129 172 170 234 206 274 237
0007 233 205 274 237 126 100 165 137
0008 234 205 274 237 124 055 168 094
0009 234 205 274 237 130 038 175 072
0010 234 205 274 237 136 029 184 063
0011 234 205 274 237 141 028 189 060
0012 234 205 275 237 143 028 194 058
0013 233 205 275 237 144 029 198 060
0014 233 205 275 237 143 029 196 062
0015 234 206 275 237 141 025 193 059
0016 233 206 275 237 137 019 184 055
0017 129 011 173 050 234 205 275 237
0018 119 003 161 048 235 206 275 237
0019 112 001 153 046 235 205 275 237
0020 233 206 274 237 102 000 138 035
0021 235 206 275 237 091 000 127 040
0022 234 206 274 236 075 000 111 037
0023 069 000 105 045 234 206 274 236
0024 060 003 101 048 233 206 274 236
0025 055 004 096 051 233 206 274 236
0026 052 007 094 054 234 206 274 236
0027 051 009 094 055 234 206 274 236
0028 050 009 094 054 234 205 274 236
0029 053 015 089 056 234 205 274 236
0030 047 016 093 059 234 206 274 236
0031 047 019 093 064 233 206 274 236
0032 062 038 101 076 234 206 274 236
0033 097 078 129 128 234 205 274 236
0034 125 125 163 169 234 206 274 236
0035 138 147 178 197 234 206 274 236
0036 150 173 189 227 234 206 275 236
0037 234 206 274 237 162 194 201 237
0038 234 205 274 237 164 199 202 237
0039 234 206 274 237 163 206 200 239
0040 234 205 275 237 164 209 200 238
0041 234 205 275 237 164 206 201 238
0042 234 205 275 237 164 207 203 237
