0000 149 216 176 239 240 221 262 239
0001 149 216 176 239 240 220 262 239
0002 149 216 176 239 240 220 262 239
0003 149 216 176 239 240 221 262 239
0004 149 215 176 239 240 221 262 239
0005 149 216 177 239 235 217 264 239
0006 238 214 267 237 150 216 179 239
0007 231 200 260 237 153 214 183 239
0008 206 174 246 210 167 208 198 239
0009 192 174 240 209 187 130 225 162
0010 200 150 250 184 173 111 210 147
0011 208 116 254 151 170 096 204 129
0012 204 093 248 131 167 088 200 124
0013 199 086 239 124 166 084 198 120
0014 196 088 234 122 166 084 198 120
0015 167 084 197 119 197 092 234 126
0016 164 086 202 122 197 092 234 126
0017 163 085 198 122 195 097 238 129
0018 167 087 196 120 195 092 234 126
0019 163 085 198 122 196 093 234 126
0020 164 086 202 122 195 093 234 126
0021 168 086 196 120 195 092 234 125
0022 167 087 197 121 195 093 234 125
0023 167 087 197 121 194 093 234 126
0024 167 084 197 120 195 095 235 129
0025 167 088 197 122 195 095 235 130
0026 197 101 240 139 168 091 200 126
0027 190 131 244 170 170 109 205 144
0028 175 182 214 225 181 146 221 179
0029 206 181 239 223 154 207 184 238
0030 225 206 256 239 144 215 170 238
0031 233 215 263 238 138 215 161 239
0032 239 218 267 239 138 217 162 239
0033 139 217 162 239 244 223 266 239
0034 140 215 164 239 243 221 264 239
0035 140 211 170 239 240 218 265 237
0036 242 221 263 239 145 215 170 239
0037 242 221 263 239 145 215 171 239
0038 242 222 263 239 145 215 171 239
0039 242 221 263 239 145 216 168 238
0040 242 221 263 239 145 217 168 239
0041 242 221 263 239 145 217 168 239
