0004 098 205 132 236 156 211 207 239
0005 099 180 144 239 145 182 212 239
0006 102 148 148 231 148 147 212 226
0007 147 116 207 220 105 115 154 226
0008 148 110 212 223 110 107 156 218
0009 154 099 214 210 109 096 160 197
0010 159 087 220 203 110 090 160 182
0011 160 081 218 186 112 082 161 186
0012 160 079 233 181 114 079 165 174
0013 156 077 233 182 112 079 167 171
0014 160 078 224 181 115 082 162 184
0015 114 079 161 179 159 078 231 183
0016 113 080 162 182 160 079 231 183
0017 160 079 225 185 114 081 168 186
0018 157 082 230 183 114 086 166 186
0019 162 079 231 181 113 085 166 184
0020 158 082 232 185 117 081 167 187
0021 158 082 232 184 118 090 165 177
0022 160 080 227 182 115 088 165 183
0023 165 081 228 189 113 086 164 179
0024 162 079 224 181 116 085 168 179
0025 112 086 163 179 161 082 222 181
0026 110 084 162 186 159 083 229 186
0027 112 085 162 188 161 083 222 191
0028 161 083 221 192 112 085 165 181
0029 161 083 221 193 113 082 163 191
0030 156 086 224 188 112 085 165 181
0031 156 087 229 184 112 088 167 181
0032 158 093 221 189 111 094 169 186
0033 159 103 227 193 116 103 166 196
0034 160 134 221 222 112 133 163 220
0035 151 171 208 238 106 161 154 236
0036 109 202 146 237 152 204 203 239
