0004 182 225 217 239 000 000 000 000
0005 202 215 236 237 000 000 000 000
0006 214 201 254 236 000 000 000 000
0007 222 191 266 236 000 000 000 000
0008 228 182 271 235 000 000 000 000
0009 227 167 270 236 000 000 000 000
0010 227 150 268 217 000 000 000 000
0011 221 140 261 210 000 000 000 000
0012 221 136 260 204 000 000 000 000
0013 212 130 253 196 000 000 000 000
0014 213 119 255 188 000 000 000 000
0015 210 121 253 188 000 000 000 000
0016 207 128 248 193 000 000 000 000
0017 211 139 249 206 000 000 000 000
0018 205 149 245 213 000 000 000 000
0019 209 156 247 218 000 000 000 000
0020 210 154 249 219 000 000 000 000
0021 210 160 247 223 000 000 000 000
0022 209 161 247 224 000 000 000 000
0023 208 161 248 223 000 000 000 000
0024 209 162 245 224 000 000 000 000
0025 211 162 245 227 000 000 000 000
0026 209 160 248 224 000 000 000 000
0027 210 163 245 225 000 000 000 000
0028 210 164 245 231 000 000 000 000
0029 204 161 250 231 000 000 000 000
0030 205 158 247 228 000 000 000 000
0031 210 165 249 229 000 000 000 000
0032 210 165 246 232 000 000 000 000
0033 203 169 244 233 000 000 000 000
0034 178 181 227 235 000 000 000 000
0035 161 196 211 239 000 000 000 000
0036 150 214 186 237 000 000 000 000
0037 144 223 178 239 000 000 000 000
0038 145 223 179 239 000 000 000 000
