0000 143 187 168 215 183 185 211 212
0001 188 188 216 219 139 187 163 222
0002 134 190 157 223 194 191 218 223
0003 196 192 220 223 131 189 154 221
0004 196 191 219 222 131 189 153 221
0005 196 191 219 222 132 189 153 221
0006 196 192 219 223 130 192 153 221
0007 196 192 219 222 130 189 154 222
0008 196 192 219 223 132 190 154 221
0009 196 191 219 223 131 189 154 221
0010 196 190 219 223 133 189 156 222
0011 139 188 165 217 194 188 218 222
0012 190 172 213 206 157 167 183 199
0013 172 142 214 181 000 000 000 000
0014 191 130 224 158 184 109 223 139
0015 189 097 227 122 199 118 227 149
0016 200 085 238 109 205 098 226 144
0017 206 079 239 102 000 000 000 000
0018 207 075 237 095 000 000 000 000
0019 206 077 238 100 203 090 228 127
0020 206 076 238 098 000 000 000 000
0021 205 076 238 098 202 090 228 125
0022 206 075 239 099 203 087 228 125
0023 207 075 240 099 203 089 228 127
0024 207 074 239 098 203 088 228 124
0025 203 087 227 125 207 076 238 098
0026 202 088 226 128 207 076 238 099
0027 204 086 225 124 208 075 238 098
0028 203 086 224 122 207 074 238 096
0029 207 074 238 096 204 087 226 119
0030 207 074 238 096 202 088 223 123
0031 207 074 238 096 204 090 226 120
0032 207 074 238 096 202 090 224 122
0033 203 073 239 096 204 087 226 122
0034 201 072 237 096 204 089 227 121
0035 206 072 238 093 000 000 000 000
0036 206 071 236 092 204 086 225 119
0037 196 070 227 092 202 085 221 116
0038 182 076 213 100 190 089 214 122
0039 171 082 209 105 184 099 207 124
0040 169 101 199 130 000 000 000 000
0041 160 118 187 145 184 120 209 150
0042 181 137 209 163 157 140 182 165
0043 181 151 208 178 156 162 182 185
0044 150 175 176 205 180 167 210 195
0045 147 180 174 210 183 178 212 205
0046 144 186 169 218 188 188 217 216
