0000 101 207 125 239 180 214 211 238
0001 101 207 125 239 180 214 211 238
0002 101 205 126 236 179 214 212 238
0003 103 204 125 235 179 214 211 238
0004 100 207 125 239 179 214 211 238
0005 100 207 124 239 179 214 211 238
0006 100 207 124 239 179 213 211 238
0007 100 206 124 239 179 214 211 238
0008 100 207 124 239 178 213 211 238
0009 100 207 124 239 178 214 211 238
0010 100 207 124 239 178 213 211 238
0011 100 208 124 239 177 213 211 238
0012 173 211 208 239 099 207 124 239
0013 099 208 124 239 161 183 202 213
0014 100 207 124 239 163 156 200 187
0015 157 124 196 162 099 207 124 239
0016 098 203 124 235 158 108 188 139
0017 099 205 123 235 157 102 185 131
0018 099 206 123 239 154 103 183 130
0019 099 207 123 239 155 102 181 129
0020 099 204 124 234 155 101 182 130
0021 099 206 123 239 157 106 183 136
0022 096 202 121 234 156 105 183 136
0023 098 207 122 239 157 105 181 135
0024 099 207 122 239 157 108 186 136
0025 099 204 122 234 155 108 185 136
0026 094 204 124 237 155 108 186 135
0027 095 205 124 237 155 108 186 137
0028 095 204 124 237 155 108 186 135
0029 096 206 122 238 155 109 186 136
0030 096 206 122 238 156 109 187 136
0031 096 206 125 237 157 110 187 138
0032 097 206 125 237 157 108 187 136
0033 097 207 122 238 159 105 186 133
0034 098 204 124 235 157 107 187 136
0035 098 205 124 235 159 106 187 135
0036 099 204 125 235 158 105 186 132
0037 154 119 190 158 099 204 125 235
0038 155 144 197 178 099 204 125 235
0039 161 185 200 214 099 204 125 235
0040 177 211 208 238 099 205 125 235
0041 099 205 124 235 188 221 215 239
0042 100 205 125 235 195 220 220 239
0043 101 205 125 235 191 217 218 239
0044 101 207 126 239 189 217 216 238
0045 103 205 128 238 190 215 217 239
