0000 147 218 179 239 000 000 000 000
0001 149 218 184 239 000 000 000 000
0002 164 203 209 235 000 000 000 000
0003 171 152 240 194 000 000 000 000
0004 176 136 242 178 000 000 000 000
0005 142 110 197 146 000 000 000 000
0006 116 106 187 136 000 000 000 000
0007 115 100 183 138 000 000 000 000
0008 127 103 188 147 000 000 000 000
0009 161 100 214 147 000 000 000 000
0010 177 099 242 144 000 000 000 000
0011 149 098 210 134 000 000 000 000
0012 120 092 185 135 000 000 000 000
0013 121 086 188 130 000 000 000 000
0014 136 089 199 131 000 000 000 000
0015 174 092 231 132 000 000 000 000
0016 173 094 230 138 000 000 000 000
0017 137 099 192 135 000 000 000 000
0018 119 095 181 132 000 000 000 000
0019 127 088 186 128 000 000 000 000
0020 167 099 224 132 000 000 000 000
0021 191 105 254 150 000 000 000 000
0022 196 115 247 161 000 000 000 000
0023 187 134 245 186 000 000 000 000
0024 173 152 230 215 000 000 000 000
0025 156 184 208 235 000 000 000 000
0026 145 212 183 236 000 000 000 000
