0007 035 213 067 235 000 000 000 000
0008 032 197 079 237 097 196 138 239
0009 096 162 136 227 027 171 076 223
0010 029 151 078 203 097 141 138 200
0011 029 127 081 186 096 120 142 177
0012 027 116 081 175 099 111 150 167
0013 031 105 086 164 100 107 152 162
0014 032 099 086 163 101 106 150 156
0015 033 098 084 162 100 104 152 156
0016 033 099 086 162 105 106 155 156
0017 032 099 085 163 107 105 156 151
0018 027 099 083 160 109 103 160 152
0019 034 097 086 158 110 103 159 150
0020 033 096 087 158 111 103 158 151
0021 033 094 085 157 112 101 159 151
0022 033 094 087 157 113 100 162 150
0023 032 094 085 157 111 100 163 149
0024 033 096 086 156 112 100 166 152
0025 032 095 086 157 112 101 167 152
0026 032 095 086 156 114 102 166 150
0027 031 094 086 156 114 101 168 151
0028 032 093 086 157 113 101 164 150
0029 026 095 082 157 113 101 165 151
0030 025 092 082 154 113 101 168 150
0031 025 094 082 152 116 101 167 152
0032 025 094 083 152 118 099 168 148
0033 026 094 083 153 116 100 167 152
0034 026 096 080 156 112 099 158 150
0035 032 114 085 177 101 110 148 163
0036 090 155 139 216 035 163 079 219
0037 096 178 134 238 034 188 077 233
