0000 155 196 216 239 000 000 000 000
0001 150 130 207 189 000 000 000 000
0002 164 080 203 133 000 000 000 000
0003 162 056 205 120 000 000 000 000
0004 164 054 202 117 000 000 000 000
0005 163 053 201 116 000 000 000 000
0006 157 053 201 112 000 000 000 000
0007 163 052 200 116 000 000 000 000
0008 161 065 208 125 000 000 000 000
0009 158 068 198 132 000 000 000 000
0010 151 130 202 177 000 000 000 000
0011 151 164 202 223 000 000 000 000
0012 162 211 208 236 000 000 000 000
0013 189 207 230 238 000 000 000 000
0015 176 216 216 239 000 000 000 000
