0000 131 189 150 221 191 189 209 218
0001 126 188 144 217 190 187 207 217
0002 126 188 144 214 000 000 000 000
0003 130 186 147 210 000 000 000 000
0007 129 183 145 208 000 000 000 000
0008 129 184 147 208 000 000 000 000
0009 194 188 216 219 125 185 142 215
0010 211 184 240 214 118 188 140 217
0011 223 177 260 203 102 186 126 214
0012 069 165 102 202 248 159 274 185
0013 051 142 082 173 258 138 285 157
0014 264 118 291 136 034 121 063 144
0015 031 106 063 132 268 103 305 121
0016 267 097 302 115 026 098 067 120
0017 264 101 297 118 028 096 061 118
0018 028 100 060 127 264 104 290 122
0019 031 105 062 127 264 106 293 123
0020 263 100 294 117 027 094 061 118
0021 024 082 063 111 264 090 293 106
0022 030 053 068 082 256 069 287 085
0023 040 032 080 061 248 055 285 073
0024 054 018 091 047 239 044 278 066
0025 063 009 095 037 235 038 270 058
0026 070 002 098 030 232 036 272 055
0027 074 004 100 032 234 038 270 059
0028 061 008 090 037 240 046 277 067
0029 049 019 085 047 245 052 282 077
0030 037 041 073 069 252 081 282 099
0031 256 108 290 127 030 068 068 097
0032 255 130 291 154 040 100 083 137
0033 043 126 081 159 245 149 276 173
0034 052 149 087 185 237 169 266 194
0035 069 170 097 198 221 179 243 207
0036 083 177 117 210 000 000 000 000
0037 107 183 126 211 000 000 000 000
0038 125 180 145 204 000 000 000 000
