0000 195 161 233 198 000 000 000 000
0001 196 161 234 199 000 000 000 000
0002 193 161 233 199 000 000 000 000
0003 194 161 233 199 000 000 000 000
0004 194 161 234 199 000 000 000 000
0005 196 162 233 200 000 000 000 000
0006 194 163 235 202 000 000 000 000
0007 196 163 233 201 122 223 157 239
0008 200 164 238 202 123 200 176 237
0009 112 163 177 203 201 163 237 201
0010 202 163 237 202 116 115 185 160
0011 202 164 237 203 110 075 186 123
0012 110 063 186 110 201 163 236 201
0013 112 052 179 098 202 163 238 202
0014 109 049 173 099 202 164 237 203
0015 107 049 169 099 201 163 237 202
0016 106 050 173 100 201 163 237 201
0017 106 049 173 099 202 163 237 202
0018 106 049 173 100 202 163 237 202
0019 106 050 170 097 202 163 237 203
0020 107 051 171 098 202 163 237 203
0021 111 061 175 113 202 161 238 201
0022 112 108 177 150 202 162 238 202
0023 201 164 237 202 117 166 184 217
0024 127 198 166 238 202 164 236 202
0025 201 164 236 200 125 214 161 239
0026 200 164 236 201 000 000 000 000
0027 201 163 232 198 000 000 000 000
