0000 170 213 191 238 100 215 127 239
0001 171 215 191 239 102 219 131 239
0002 172 210 192 235 102 219 131 239
0003 172 210 191 235 101 214 127 237
0004 172 210 191 235 102 215 126 238
0005 172 210 191 235 103 215 128 237
0006 173 210 191 235 103 213 130 239
0007 173 210 191 235 102 218 131 239
0008 174 214 196 239 104 214 128 237
0009 104 214 128 237 187 200 216 229
0010 104 214 128 237 214 167 242 197
0011 213 105 235 132 101 214 128 237
0012 195 078 218 108 102 215 128 237
0013 185 073 206 102 100 217 128 239
0014 180 074 201 100 104 215 130 237
0015 182 077 203 105 104 216 130 238
0016 182 076 204 105 100 217 129 239
0017 181 076 205 105 105 215 131 237
0018 182 075 206 105 103 219 132 239
0019 186 077 208 103 105 215 134 237
0020 182 074 207 106 104 214 130 237
0021 186 078 210 106 102 216 128 237
0022 187 086 210 113 104 215 128 236
0023 188 117 211 149 105 217 129 239
0024 181 178 206 217 105 218 131 239
0025 176 206 196 236 105 216 126 237
0026 175 213 194 237 103 215 126 237
0027 175 212 194 238 101 215 125 238
