0000 124 216 151 239 000 000 000 000
0001 125 215 151 239 000 000 000 000
0002 125 215 151 239 000 000 000 000
0003 123 215 153 239 000 000 000 000
0004 124 210 158 237 000 000 000 000
0005 117 222 160 239 000 000 000 000
0006 119 171 173 228 000 000 000 000
0007 137 107 187 158 000 000 000 000
0008 157 046 195 098 000 000 000 000
0009 171 005 209 069 000 000 000 000
0010 176 000 216 058 000 000 000 000
0011 184 000 220 052 000 000 000 000
0012 178 000 213 046 000 000 000 000
0013 165 000 201 040 000 000 000 000
0014 124 000 179 040 000 000 000 000
0015 085 022 154 059 000 000 000 000
0016 085 050 151 078 000 000 000 000
0017 100 035 173 075 000 000 000 000
0018 149 004 200 062 000 000 000 000
0019 196 001 229 062 000 000 000 000
0020 198 000 244 060 000 000 000 000
0021 196 000 230 055 000 000 000 000
0022 168 000 204 049 000 000 000 000
0023 126 000 179 050 000 000 000 000
0024 091 025 157 066 000 000 000 000
0025 093 054 155 085 000 000 000 000
0026 101 038 158 080 000 000 000 000
0027 098 037 168 081 000 000 000 000
0028 114 046 174 093 000 000 000 000
0029 123 061 175 109 000 000 000 000
0030 125 112 182 164 000 000 000 000
0031 123 177 176 230 000 000 000 000
0032 124 222 171 239 000 000 000 000
