0003 209 206 235 238 000 000 000 000
0004 205 174 239 217 000 000 000 000
0005 199 149 238 181 000 000 000 000
0006 176 119 233 147 000 000 000 000
0007 174 107 223 135 000 000 000 000
0008 168 108 223 137 000 000 000 000
0009 168 110 223 137 000 000 000 000
0010 172 109 225 138 000 000 000 000
0011 169 111 225 137 000 000 000 000
0012 171 113 227 141 000 000 000 000
0013 171 113 226 140 000 000 000 000
0014 174 120 229 149 000 000 000 000
0015 177 141 224 175 000 000 000 000
0016 182 178 220 220 000 000 000 000
0017 183 203 211 235 000 000 000 000
