0000 192 173 214 209 120 179 145 211
0001 193 174 214 209 121 179 147 212
0002 194 174 214 208 123 179 148 212
0003 123 180 145 212 195 172 214 206
0004 123 175 144 202 204 160 228 190
0005 121 153 143 183 218 141 239 167
0006 112 122 138 150 223 112 248 139
0007 110 092 136 130 228 090 247 120
0008 109 067 131 108 227 067 247 097
0009 108 043 133 082 223 051 247 087
0010 108 032 132 069 221 042 246 075
0011 110 023 132 066 224 039 247 069
0012 111 021 133 060 219 037 244 068
0013 111 022 134 062 218 033 244 064
0014 110 021 132 062 217 037 239 066
0015 111 021 134 062 217 035 241 065
0016 109 022 132 061 220 034 243 066
0017 110 022 132 062 217 032 239 063
0018 111 021 132 062 211 028 235 057
0019 115 019 138 058 193 024 223 054
0020 122 019 143 056 167 029 201 048
0021 153 027 189 052 125 018 145 056
0022 125 018 147 057 154 026 189 049
0023 125 018 147 057 156 026 194 053
0024 125 020 148 059 150 030 189 051
0025 125 019 148 059 150 030 189 051
0026 125 019 149 059 151 030 189 051
0027 124 020 148 059 150 028 187 051
0028 124 020 148 058 150 028 187 051
0029 124 019 149 058 147 029 187 051
0030 124 018 147 057 150 030 188 051
0031 121 020 143 059 150 030 189 051
0032 120 018 142 058 154 029 191 052
0033 164 037 200 062 117 030 138 064
0034 172 049 208 077 112 044 136 077
0035 193 076 221 109 110 064 132 100
0036 106 089 131 127 203 107 228 141
0037 204 150 228 179 109 138 132 162
0038 115 159 136 185 199 158 222 190
0039 118 172 137 201 196 168 214 203
0040 122 177 144 211 193 174 213 209
0041 123 179 146 211 191 173 211 209
0042 122 178 145 209 190 172 211 208
0043 121 178 145 209 190 172 211 210
