0007 198 210 242 239 000 000 000 000
0008 182 168 228 213 000 000 000 000
0009 176 148 224 194 000 000 000 000
0010 167 129 219 177 000 000 000 000
0011 165 116 218 164 000 000 000 000
0012 165 108 220 156 000 000 000 000
0013 168 103 223 151 000 000 000 000
0014 170 098 223 145 000 000 000 000
0015 171 093 223 142 000 000 000 000
0016 169 091 223 139 000 000 000 000
0017 170 088 224 139 000 000 000 000
0018 170 086 225 138 000 000 000 000
0019 171 084 226 138 000 000 000 000
0020 171 079 222 131 000 000 000 000
0021 170 079 221 131 000 000 000 000
0022 171 078 221 129 000 000 000 000
0023 169 075 222 125 000 000 000 000
0024 170 073 223 126 000 000 000 000
0025 170 073 223 125 000 000 000 000
0026 169 073 222 125 000 000 000 000
0027 169 074 221 125 000 000 000 000
0028 168 072 221 125 000 000 000 000
0029 168 071 220 123 000 000 000 000
0030 168 072 220 123 000 000 000 000
0031 167 071 219 123 000 000 000 000
0032 167 072 219 123 000 000 000 000
0033 167 072 219 123 000 000 000 000
0034 167 070 219 123 000 000 000 000
0035 167 071 219 123 000 000 000 000
0036 167 071 219 124 000 000 000 000
0037 167 074 220 126 000 000 000 000
0038 170 079 223 129 000 000 000 000
0039 175 087 228 139 000 000 000 000
0040 191 124 240 170 000 000 000 000
0041 198 147 244 195 000 000 000 000
0042 210 195 256 239 000 000 000 000
