0000 072 213 116 239 000 000 000 000
0001 068 209 114 235 000 000 000 000
0002 072 211 116 239 000 000 000 000
0003 073 210 117 239 000 000 000 000
0004 075 213 118 239 000 000 000 000
0005 077 204 122 236 000 000 000 000
0006 088 183 130 232 036 212 078 239
0007 091 155 137 197 057 192 106 234
0008 096 122 145 158 085 148 132 190
0009 095 120 155 173 000 000 000 000
0010 096 105 165 151 000 000 000 000
0011 099 080 163 133 000 000 000 000
0012 103 072 162 125 000 000 000 000
0013 111 069 162 121 000 000 000 000
0014 107 055 146 117 000 000 000 000
0015 108 056 148 121 000 000 000 000
0016 104 051 149 116 000 000 000 000
0017 098 071 150 121 000 000 000 000
0018 090 081 145 130 000 000 000 000
0019 084 081 142 130 000 000 000 000
0020 086 075 147 122 000 000 000 000
0021 086 070 148 118 000 000 000 000
0022 097 066 145 120 000 000 000 000
0023 094 065 138 128 000 000 000 000
0024 096 070 138 141 000 000 000 000
0025 093 086 146 143 000 000 000 000
0026 092 106 144 155 000 000 000 000
0027 084 111 149 155 000 000 000 000
0028 080 111 144 155 000 000 000 000
0029 087 115 137 163 000 000 000 000
0030 094 149 140 200 051 133 110 174
0031 093 183 137 230 040 165 086 207
0032 091 205 130 236 029 200 066 236
0033 031 215 070 238 090 217 125 238
0034 087 215 124 239 000 000 000 000
