0000 133 181 161 220 050 194 076 233
0001 053 192 080 235 132 182 159 221
0002 132 182 159 221 054 192 082 233
0003 132 181 159 220 055 193 084 232
0004 132 180 159 220 055 194 083 233
0005 053 193 081 233 132 180 159 220
0006 051 195 077 233 132 180 159 220
0007 049 194 077 234 132 180 159 220
0008 050 195 077 234 133 181 159 220
0009 050 194 077 233 132 180 159 220
0010 052 193 080 233 133 181 159 220
0011 133 180 159 220 054 194 082 234
0012 133 180 159 220 054 194 081 233
0013 133 179 160 220 054 194 081 233
0014 133 179 159 219 053 194 081 233
0015 134 179 160 220 055 194 081 233
0016 134 178 160 220 054 194 081 233
0017 137 175 164 218 055 193 081 232
0018 141 166 165 210 055 193 081 232
0019 055 193 081 232 147 149 171 192
0020 055 193 082 232 156 128 179 155
0021 055 193 082 232 156 077 182 126
0022 054 193 081 233 161 055 187 100
0023 053 193 081 233 162 044 185 095
0024 052 191 081 234 159 043 184 092
0025 160 046 185 097 050 193 077 234
0026 164 056 192 111 048 194 076 234
0027 170 099 208 142 048 191 076 231
0028 178 138 215 169 046 189 076 230
0029 048 189 075 229 177 143 212 172
0030 047 190 074 230 176 140 212 171
0031 048 191 074 230 179 139 212 169
0032 046 190 075 230 179 138 213 168
0033 047 191 075 230 178 139 212 171
0034 047 191 076 231 178 142 213 172
0035 048 191 076 230 176 141 211 173
0036 049 190 078 231 175 146 210 179
0037 049 189 077 230 175 154 202 190
0038 165 161 189 204 049 189 076 229
0039 049 191 077 230 157 166 182 218
0040 048 191 077 230 147 177 172 225
0041 049 191 077 231 141 188 164 225
0042 049 191 077 231 136 189 159 222
