0002 083 222 119 239 000 000 000 000
0003 082 208 126 237 000 000 000 000
0004 077 187 120 235 185 203 242 237
0005 194 177 240 227 074 165 114 205
0006 187 155 228 198 073 154 112 191
0007 183 147 222 185 074 143 112 184
0008 180 148 217 185 075 140 118 180
0009 179 150 217 187 077 147 121 184
0010 178 158 220 194 082 154 130 187
0011 179 159 225 194 086 153 137 184
0012 180 153 227 190 091 151 141 184
0013 184 136 224 182 094 144 152 182
0014 186 125 236 175 102 136 154 182
0015 186 115 234 164 104 125 156 173
0016 187 118 232 157 108 121 160 160
0017 186 117 229 154 113 123 156 158
0018 183 122 228 155 102 125 160 158
0019 105 121 160 157 182 125 231 161
0020 106 127 171 161 186 131 237 164
0021 113 134 180 168 186 139 242 171
0022 123 139 180 171 192 142 248 174
0023 195 138 252 179 122 147 190 175
0024 118 138 190 177 202 125 254 176
0025 202 119 255 170 123 132 190 177
0026 201 105 251 159 126 120 186 161
0027 198 108 248 156 126 118 185 156
0028 197 112 243 152 123 117 181 158
0029 124 120 186 160 197 115 241 152
0030 198 121 245 159 126 128 192 172
0031 137 138 203 177 203 128 251 166
0032 200 139 260 176 140 142 213 179
0033 209 139 265 175 145 144 218 179
0034 218 142 274 177 151 149 226 179
0035 229 132 276 173 150 145 232 175
0036 228 118 277 171 152 132 235 164
0037 227 110 275 159 155 124 236 156
0038 222 115 274 161 146 117 217 151
0039 221 121 273 161 140 114 210 155
0040 225 130 279 170 130 124 194 161
0041 235 143 284 193 127 129 188 164
0042 229 171 281 230 096 151 163 191
0043 230 195 278 239 079 172 127 228
0044 061 207 093 239 225 216 262 239
