0000 238 204 276 237 152 212 190 237
0001 238 203 277 237 151 212 190 237
0002 241 198 280 237 151 212 189 237
0003 248 182 287 232 152 213 189 237
0004 258 145 288 197 151 212 190 237
0005 254 086 288 139 151 212 190 237
0006 244 053 286 112 152 211 186 236
0007 239 037 281 097 151 211 186 237
0008 234 027 274 082 151 212 190 237
0009 232 033 270 082 151 210 186 236
0010 232 031 269 079 151 210 187 237
0011 231 024 272 076 151 209 186 236
0012 151 208 186 236 232 025 265 076
0013 229 028 270 081 152 212 185 237
0014 234 034 273 088 152 211 185 238
0015 234 032 271 082 148 213 185 239
0016 234 024 270 081 153 211 186 237
0017 234 019 268 073 153 212 185 237
0018 227 033 265 079 151 211 188 236
0019 225 035 265 081 151 210 188 236
0020 230 028 266 081 151 211 188 237
0021 241 020 273 083 151 211 188 237
0022 247 021 277 084 153 210 185 236
0023 254 031 285 094 151 210 188 237
0024 257 054 291 111 151 209 186 237
0025 258 089 292 140 152 203 191 239
0026 157 183 203 236 261 138 302 182
0027 267 192 306 237 169 157 223 192
0028 172 155 231 183 268 209 303 237
0029 181 158 246 194 265 221 295 239
0030 179 163 248 201 000 000 000 000
0031 179 168 247 206 000 000 000 000
0032 175 167 233 210 000 000 000 000
0033 170 163 223 208 000 000 000 000
0034 166 153 216 191 000 000 000 000
0035 158 137 212 172 000 000 000 000
0036 154 128 211 165 000 000 000 000
0037 149 128 205 161 000 000 000 000
0038 153 134 202 165 000 000 000 000
0039 144 138 193 182 000 000 000 000
0040 141 144 188 198 000 000 000 000
0041 138 150 182 206 000 000 000 000
0042 128 146 170 196 000 000 000 000
0043 123 141 163 188 000 000 000 000
0044 113 123 151 158 000 000 000 000
0045 101 105 139 140 000 000 000 000
0046 098 099 137 131 000 000 000 000
0047 095 093 133 128 000 000 000 000
0048 094 093 133 134 000 000 000 000
0049 094 096 127 150 000 000 000 000
0050 086 094 121 147 000 000 000 000
0051 074 089 111 134 000 000 000 000
0052 064 080 107 119 000 000 000 000
0053 061 062 104 100 000 000 000 000
0054 062 051 102 088 000 000 000 000
0055 064 042 096 080 000 000 000 000
0056 054 041 095 079 000 000 000 000
0057 047 057 094 093 000 000 000 000
0058 046 068 098 103 259 218 289 235
0059 058 084 105 119 252 209 292 239
0060 245 198 286 236 079 112 119 151
0061 241 195 283 234 097 138 137 189
0062 239 194 280 234 109 155 146 209
0063 236 198 279 236 127 176 165 238
0064 236 200 276 236 140 194 174 239
0065 235 202 275 237 149 200 180 239
0066 235 201 275 236 153 207 189 239
0067 236 202 275 237 154 208 190 239
0068 238 203 276 236 154 209 187 238
0069 238 203 277 237 151 208 189 239
