0000 101 197 145 234 153 195 197 233
0001 155 190 197 231 100 196 144 237
0002 096 184 140 223 162 180 208 216
0003 171 160 229 192 085 166 137 200
0004 189 152 242 182 071 155 129 181
0005 061 156 116 183 193 152 249 181
0006 060 157 114 184 192 152 249 181
0007 188 154 243 182 066 156 124 183
0008 080 157 134 182 183 154 237 184
0009 195 156 251 190 067 160 121 196
0010 061 162 115 201 200 160 256 196
0011 200 159 253 195 053 163 111 201
0012 062 168 121 201 201 158 257 192
0013 189 157 243 189 069 162 126 195
0014 207 158 261 188 053 164 110 196
0015 053 164 108 195 205 156 264 186
0016 068 162 121 192 194 158 246 186
0017 200 157 255 186 053 162 113 194
0018 048 161 101 190 208 155 265 185
0019 202 155 255 183 055 159 115 191
0020 063 159 115 185 193 156 250 185
0021 048 160 102 189 204 155 267 184
0022 052 159 106 188 203 154 263 182
0023 196 157 249 185 067 158 124 191
0024 194 157 251 186 062 161 115 189
0025 054 162 107 190 205 156 261 185
0026 047 161 100 194 207 154 262 185
0027 049 162 103 196 204 156 259 185
0028 051 163 103 196 206 157 257 189
0029 061 168 112 207 200 160 250 195
0030 080 179 123 223 188 171 237 211
0031 170 183 211 220 093 189 131 233
0032 098 196 144 235 161 189 203 235
0033 156 192 198 232 101 197 145 234
0034 154 194 199 234 100 197 146 234
0035 099 198 146 234 154 194 199 235
0036 100 198 147 234 154 195 198 235
0037 099 198 146 234 154 195 198 234
