0000 093 210 125 238 167 216 191 239
0001 092 210 125 238 169 217 191 239
0002 091 210 125 238 170 217 192 238
0003 090 210 125 238 169 216 191 239
0004 091 211 124 237 170 217 192 238
0005 090 209 125 235 171 217 192 239
0006 090 211 125 238 171 217 192 239
0007 091 210 124 235 173 216 196 237
0008 092 209 124 235 181 215 209 239
0009 195 195 224 238 092 209 124 235
0010 195 159 227 210 092 208 125 235
0011 185 133 216 172 093 210 125 235
0012 098 212 127 238 152 103 198 127
0013 094 209 127 236 130 088 176 111
0014 122 090 164 110 096 210 127 239
0015 094 208 126 236 117 093 158 112
0016 094 208 127 236 119 089 154 110
0017 118 093 157 113 094 208 127 236
0018 117 095 158 115 093 208 128 235
0019 118 095 158 115 094 209 127 236
0020 094 210 128 237 116 095 158 114
0021 094 208 126 234 117 094 154 115
0022 118 097 158 115 095 210 126 239
0023 093 210 126 237 120 098 161 121
0024 129 123 171 152 091 209 124 234
0025 145 161 180 210 091 209 124 235
0026 163 201 195 239 091 211 129 239
0027 092 209 125 236 167 213 196 239
0028 092 209 125 235 162 215 188 238
0029 091 211 130 239 164 214 189 237
0030 093 209 126 235 166 215 189 237
