0000 105 196 145 236 153 190 195 221
0001 105 196 145 236 153 190 195 221
0002 105 195 145 236 153 190 195 221
0003 105 195 145 236 153 190 195 221
0004 106 195 145 236 153 190 195 221
0005 105 196 145 236 153 190 195 221
0006 105 196 145 236 153 190 196 221
0007 107 195 145 236 152 187 195 218
0008 105 195 147 236 172 171 207 208
0009 105 196 146 236 190 150 224 193
0010 105 196 146 236 214 116 251 172
0011 105 196 145 236 222 101 260 153
0012 105 195 146 236 226 082 265 144
0013 105 195 147 236 227 069 265 136
0014 105 195 147 236 221 060 268 126
0015 222 059 271 123 105 197 147 237
0016 106 195 147 236 222 057 271 123
0017 105 197 147 237 221 059 271 122
0018 105 197 147 237 219 063 267 131
0019 106 195 146 236 222 064 271 126
0020 223 065 267 130 107 194 147 236
0021 105 197 147 237 220 065 268 128
0022 105 197 147 237 219 066 263 133
0023 218 066 266 132 105 195 147 236
0024 106 195 146 237 219 064 266 128
0025 222 063 262 135 106 195 147 237
0026 105 195 147 237 219 065 266 133
0027 106 195 146 237 224 067 263 133
0028 106 195 147 236 221 068 264 130
0029 105 195 147 237 219 077 261 140
0030 105 197 147 237 216 091 249 146
0031 105 197 147 237 205 114 235 164
0032 105 197 147 237 191 138 222 189
0033 106 195 147 237 172 163 208 203
0034 106 195 146 237 159 179 197 211
0035 106 195 146 236 151 185 192 214
0036 105 196 144 235 151 189 192 217
