0007 081 218 117 236 000 000 000 000
0008 080 218 122 236 000 000 000 000
0010 082 218 120 236 000 000 000 000
0011 081 214 123 236 156 220 195 238
0012 083 217 127 239 144 215 189 239
0013 138 211 190 239 086 213 128 237
0014 137 202 188 238 085 210 128 238
0015 138 198 189 239 086 209 120 239
0016 135 193 189 238 077 202 128 236
0017 132 186 187 236 078 196 131 237
0018 137 179 192 230 081 189 131 234
0019 133 178 187 227 080 183 136 226
0020 133 175 186 221 081 182 135 221
0021 132 172 185 218 085 177 137 215
0022 132 170 184 218 086 178 137 216
0023 132 169 182 220 088 175 137 215
0024 132 168 177 225 088 172 137 219
0025 133 171 178 232 088 172 138 221
0026 132 172 181 234 089 171 138 222
0027 133 168 175 229 096 166 137 222
0028 133 168 182 225 091 166 140 214
0029 135 159 182 212 092 159 140 205
0030 136 150 182 196 093 149 141 191
0031 137 144 185 185 094 144 142 181
0032 141 133 190 169 097 134 141 165
0033 145 121 195 158 097 123 138 155
0034 092 112 144 149 149 112 195 150
0035 152 117 197 156 090 109 142 145
0036 093 111 134 150 158 114 201 151
0037 160 119 204 154 092 117 140 149
0038 161 125 205 163 091 120 144 153
0039 092 124 144 158 161 127 201 163
0040 097 132 145 164 160 137 203 171
0041 158 148 197 188 103 140 146 176
0042 103 150 147 189 158 154 199 199
0043 104 152 148 201 157 162 201 208
0044 106 155 153 202 156 166 201 214
0045 107 157 155 208 154 169 198 219
0046 107 158 156 212 151 169 198 221
0047 150 172 196 222 108 160 156 217
0048 106 161 158 219 147 173 197 226
0049 106 160 158 218 150 171 196 224
0050 153 169 192 219 115 159 159 211
0051 153 157 201 205 113 150 159 197
0052 158 144 199 181 113 136 163 169
0053 162 127 203 163 121 125 170 160
0054 163 116 210 148 118 113 173 148
0055 166 108 213 145 125 106 176 145
0056 126 094 174 137 170 102 219 141
0057 126 092 174 137 171 101 221 146
0058 126 093 176 137 169 101 224 148
0059 175 109 226 153 130 106 177 143
0060 177 120 233 161 127 112 185 151
0061 181 134 234 169 126 124 176 156
0062 126 128 176 163 180 144 234 180
0063 122 135 175 171 181 147 234 185
0064 122 151 175 189 178 156 228 205
0065 121 162 172 206 174 172 221 222
0066 165 184 214 237 117 176 169 230
0067 116 179 170 239 163 191 209 238
0068 160 195 207 238 113 180 163 237
0069 161 193 199 239 115 181 161 237
0070 161 191 197 239 117 179 160 239
0071 161 190 198 239 120 183 167 239
0072 161 192 207 238 120 181 165 239
0073 121 176 170 237 164 187 207 238
0074 167 178 213 230 128 169 174 228
0075 131 157 181 202 170 166 214 214
0076 182 147 227 190 132 142 185 174
0077 138 124 195 159 174 129 225 166
0078 168 115 235 159 141 113 197 149
0079 180 109 241 155 145 103 214 142
0080 185 103 247 151 154 096 217 139
0081 194 100 252 153 155 095 222 140
0082 195 107 255 156 153 096 225 141
0083 196 118 257 162 155 106 226 145
0084 193 130 257 172 148 116 218 158
0085 181 137 250 181 149 130 210 165
0086 189 150 243 192 144 141 202 175
0087 135 148 197 184 188 152 232 199
0088 183 166 231 218 125 158 187 200
0089 173 179 224 228 120 169 175 208
0090 166 184 214 236 116 177 168 230
0091 162 193 208 237 115 183 168 236
0092 156 198 207 237 113 195 162 239
0093 155 204 203 239 111 207 155 238
0094 151 213 195 239 101 208 146 239
0095 150 215 194 239 105 210 146 235
0096 149 211 192 238 098 210 144 236
0097 147 212 189 238 096 212 141 236
0098 146 212 187 238 098 209 141 235
0099 145 211 188 239 100 216 143 239
0100 146 212 188 238 095 209 139 238
0101 144 212 186 239 093 209 137 238
0102 141 212 182 238 091 208 135 234
0103 140 213 181 239 093 209 138 238
0104 139 208 184 239 094 210 138 239
0105 140 201 187 237 101 205 142 239
0106 143 177 186 228 100 182 156 231
0107 146 158 195 199 108 161 148 208
0108 107 150 154 191 153 139 196 178
0109 156 124 198 164 107 134 146 179
0110 102 127 149 171 162 119 208 161
0111 098 122 144 169 165 114 214 160
0112 171 111 219 158 092 122 133 169
0113 174 110 221 159 088 117 132 168
0114 086 120 138 171 173 111 221 166
0115 168 124 221 171 091 125 140 174
0116 093 131 142 180 166 133 214 177
0117 100 142 148 184 165 139 205 178
0118 101 151 151 192 159 147 201 185
0119 102 157 151 196 159 154 208 196
0120 106 167 156 213 158 165 203 208
0121 106 177 158 226 156 173 204 223
0122 106 184 156 239 157 181 202 237
0123 153 186 195 239 106 191 157 239
0124 152 195 197 239 108 198 154 239
0125 151 198 197 238 105 200 154 239
0126 151 203 197 239 106 203 151 237
0127 151 203 197 239 108 202 150 236
0128 109 204 150 236 149 205 195 239
0129 150 206 194 239 108 204 148 236
0130 145 213 188 239 102 206 141 235
0131 148 213 188 239 100 208 141 236
0132 092 214 132 239 000 000 000 000
0133 088 218 125 239 153 220 200 238
0134 089 219 123 239 154 222 198 239
0135 084 215 120 239 000 000 000 000
0136 085 215 117 238 000 000 000 000
0137 076 212 115 239 000 000 000 000
0138 075 213 114 239 000 000 000 000
0139 076 213 114 239 000 000 000 000
0140 077 215 111 239 000 000 000 000
0141 077 213 114 239 000 000 000 000
0142 082 216 115 239 000 000 000 000
0143 084 217 117 239 000 000 000 000
0144 081 210 121 239 000 000 000 000
0145 085 210 123 238 000 000 000 000
0146 087 213 125 239 000 000 000 000
0147 087 214 127 239 000 000 000 000
0148 093 212 128 239 000 000 000 000
0149 097 215 129 239 000 000 000 000
0150 099 211 132 238 000 000 000 000
0151 101 211 134 234 000 000 000 000
0152 103 215 137 239 000 000 000 000
0153 106 214 141 239 153 216 194 239
0154 100 207 140 236 149 212 190 238
0155 100 206 141 236 151 209 195 238
0156 152 208 200 236 095 201 143 236
0157 154 205 200 237 095 203 141 236
0158 154 202 204 237 092 199 140 236
0159 154 200 202 238 093 197 140 236
0160 155 197 202 238 093 194 141 237
0161 156 190 197 239 095 188 135 238
0162 094 184 136 239 150 190 199 239
0163 094 183 143 236 148 186 203 237
0164 093 178 137 239 150 183 197 237
0165 155 179 198 236 096 177 140 232
0166 151 181 202 234 096 177 144 229
0167 095 172 144 222 153 176 202 229
0168 154 173 203 221 093 172 141 220
0169 094 168 140 216 154 170 207 216
0170 156 165 209 209 093 166 138 211
0171 093 160 138 204 158 158 202 203
0172 093 157 139 200 158 158 209 200
0173 093 156 141 197 157 156 209 199
0174 091 153 138 197 158 154 210 199
0175 092 152 137 195 157 153 207 195
0176 094 148 143 189 157 146 212 187
0177 160 142 208 182 093 144 141 182
0178 160 136 207 175 093 141 141 177
0179 161 133 208 171 091 138 137 171
0180 163 133 211 172 094 134 140 166
0181 161 127 207 164 090 132 138 163
0182 161 125 205 162 091 130 138 162
0183 161 122 204 157 089 129 138 164
0184 163 120 206 158 086 127 138 162
0185 165 119 208 156 086 125 137 159
0186 162 116 212 156 083 125 139 158
0187 087 122 137 155 167 115 211 148
0188 086 120 139 156 166 114 211 149
0189 083 120 139 156 165 113 212 153
0190 085 120 139 158 167 113 212 150
0191 086 122 140 156 167 113 212 150
0192 080 116 141 154 163 108 213 150
0193 081 114 142 156 159 106 216 147
0194 082 118 144 156 158 110 217 152
0195 080 121 148 161 159 115 219 155
0196 081 125 149 162 158 120 216 158
0197 163 120 220 159 080 127 149 164
0198 079 129 146 168 162 124 214 161
0199 080 130 148 168 160 128 228 167
0200 078 140 144 175 158 141 229 178
0201 083 145 147 186 159 142 224 183
0202 086 161 148 199 162 156 216 195
0203 087 170 146 211 161 164 220 205
0204 085 170 148 221 158 170 219 212
0205 086 178 144 226 157 172 218 217
0206 084 175 144 229 156 176 218 222
0207 084 179 144 233 159 178 218 225
0208 084 179 143 234 160 182 218 231
0209 161 184 215 235 085 184 144 236
0210 161 186 214 235 084 182 144 234
0211 161 187 216 236 084 184 144 234
0212 152 188 210 239 080 186 143 235
0213 152 188 210 239 080 185 143 234
0214 159 188 215 237 080 181 143 234
0215 160 188 214 237 080 183 142 234
0216 160 186 214 237 083 181 148 232
0217 157 183 211 238 079 181 146 232
0218 155 181 211 234 084 174 147 236
0219 155 175 211 227 083 169 144 224
0220 155 172 210 223 085 167 150 219
0221 155 166 211 214 083 162 149 211
0222 156 162 213 209 081 158 153 206
0223 082 151 147 199 155 153 216 200
0224 082 148 146 196 153 147 215 189
0225 080 140 147 186 153 141 216 179
0226 082 136 150 181 155 140 215 176
0227 077 132 144 172 158 136 216 171
0228 078 132 145 168 158 133 219 169
0229 075 130 147 161 160 133 215 165
0230 076 125 146 158 161 129 216 162
0231 072 122 139 155 158 123 213 156
0232 161 118 214 155 071 116 145 152
0233 072 115 142 150 161 112 215 152
0234 073 105 142 150 162 107 213 152
0235 159 099 213 152 073 102 143 151
0236 159 099 213 151 071 106 141 155
0237 075 110 145 155 160 101 211 158
0238 069 115 141 158 158 105 207 158
0239 073 120 141 157 158 111 214 161
0240 069 129 140 162 155 122 208 167
0241 157 130 209 172 071 135 139 169
0242 074 141 141 179 152 146 210 178
0243 075 154 143 193 158 155 218 191
0244 076 163 141 210 156 160 220 198
0245 073 171 142 222 150 165 214 205
0246 076 175 142 234 150 169 214 209
0247 075 182 143 234 155 177 211 222
0248 078 193 142 239 151 181 209 233
0249 151 188 205 239 084 206 140 239
0250 149 196 204 239 087 202 139 236
0251 151 201 203 239 089 206 142 239
0252 151 204 202 238 084 201 137 234
0253 146 207 206 239 088 202 132 237
0254 149 209 205 239 088 202 131 237
0255 152 210 204 237 090 209 130 237
0256 153 205 200 234 088 207 131 239
0257 156 211 200 237 087 208 130 239
0258 154 214 195 239 092 213 129 236
0259 154 215 197 239 000 000 000 000
0260 157 214 197 239 000 000 000 000
0261 155 216 193 239 000 000 000 000
0262 161 222 194 239 000 000 000 000
