0000 197 175 217 210 119 180 138 216
0001 207 174 228 210 118 183 138 213
0002 117 181 138 216 210 175 231 204
0003 217 168 244 203 115 182 136 217
0004 222 173 257 203 112 181 132 216
0005 220 170 257 202 107 176 129 212
0006 223 170 257 201 106 170 127 202
0007 223 170 254 202 099 148 122 178
0008 224 170 254 201 093 107 116 132
0009 224 170 254 202 097 068 118 099
0010 224 170 253 201 109 037 137 075
0011 220 167 253 200 119 024 144 062
0012 136 019 165 054 223 170 256 202
0013 144 020 180 054 222 169 257 201
0014 220 171 252 204 149 023 178 053
0015 221 168 251 202 138 022 164 054
0016 221 168 252 202 126 017 153 054
0017 221 169 252 202 098 028 119 065
0018 222 170 253 203 081 042 107 080
0019 221 170 256 202 060 079 091 108
0020 054 115 096 137 224 171 254 204
0021 056 136 093 161 224 170 254 204
0022 224 170 253 202 057 142 093 166
0023 224 170 254 202 051 124 089 149
0024 050 098 094 122 224 169 258 202
0025 059 075 099 103 221 172 254 204
0026 223 171 255 203 091 041 117 075
0027 221 170 252 204 122 033 144 061
0028 219 169 250 202 142 027 164 055
0029 222 170 253 203 148 028 176 051
0030 222 170 254 204 145 023 182 053
0031 222 170 254 203 142 023 169 053
0032 223 173 254 204 129 020 151 052
0033 111 019 133 058 220 170 252 205
0034 224 169 255 203 095 027 119 066
0035 222 170 256 203 073 047 100 082
0036 220 171 251 205 058 081 090 106
0037 220 171 251 204 055 100 090 121
0038 217 169 256 203 054 113 085 132
0039 222 171 253 204 056 116 094 137
0040 218 171 250 206 056 117 087 138
0041 216 172 252 203 055 113 090 133
0042 221 170 249 203 055 116 093 137
0043 221 171 248 204 058 116 090 136
0044 215 170 252 204 054 122 089 143
0045 062 132 095 154 221 174 248 205
0046 219 170 243 203 072 149 100 172
0047 214 174 238 201 087 165 112 191
0048 104 176 126 208 212 173 234 209
0049 108 181 130 211 211 170 233 204
0050 211 174 232 209 115 181 135 215
0051 211 174 232 208 119 180 140 212
0052 209 173 230 207 117 180 138 213
0053 209 174 230 209 119 180 138 214
0054 211 173 232 205 119 180 138 214
0055 208 172 230 204 119 180 138 214
0056 208 172 230 205 118 181 137 214
0057 208 172 229 205 118 181 137 215
0058 208 172 229 204 118 181 137 215
0059 208 171 229 204 117 181 136 215
