0000 171 217 188 238 074 222 099 239
0001 167 217 190 239 074 222 099 239
0002 170 217 188 238 078 224 100 239
0003 147 194 177 235 073 221 098 239
0004 145 127 187 171 073 223 099 239
0005 163 125 204 169 074 221 099 239
0006 163 138 209 165 073 221 098 239
0007 162 140 208 166 074 221 098 239
0008 162 138 207 164 074 221 098 239
0009 163 138 208 164 074 221 099 239
0010 163 138 207 163 074 222 100 239
0011 162 138 207 163 073 222 100 239
0012 162 138 207 163 074 220 095 236
0013 163 138 207 163 073 222 097 239
0014 164 138 209 161 074 221 099 239
0015 161 138 208 164 073 221 098 239
0016 162 138 210 165 073 222 098 239
0017 161 138 208 165 072 222 098 239
0018 161 138 208 167 074 221 099 239
0019 166 148 195 184 073 221 099 239
0020 160 203 185 239 074 222 099 239
0021 163 221 183 239 074 223 100 239
0022 159 215 183 239 074 223 100 239
0023 165 217 184 238 073 222 098 239
0024 167 221 186 239 076 222 098 238
0025 164 216 184 239 078 222 102 238
0026 163 216 184 239 000 000 000 000
0027 165 219 184 238 000 000 000 000
0028 165 220 184 238 073 222 098 239
0029 163 218 183 237 074 221 098 239
0030 163 215 184 239 000 000 000 000
