0000 205 207 232 238 106 209 131 236
0001 206 207 232 238 107 210 131 236
0002 206 206 232 237 109 214 131 239
0003 206 206 232 238 108 212 128 238
0004 206 207 232 238 106 210 131 237
0005 205 207 232 238 109 214 131 239
0006 205 207 232 238 109 214 131 239
0007 205 207 232 238 109 214 131 239
0008 205 207 232 238 109 214 131 239
0009 205 207 231 237 109 214 131 239
0010 205 207 232 238 109 214 130 239
0011 205 207 232 237 107 210 130 237
0012 205 207 232 237 107 210 128 234
0013 205 208 232 238 109 213 130 239
0014 205 208 232 238 108 213 130 239
0015 205 207 232 238 106 212 129 239
0016 206 207 231 236 099 207 126 239
0017 091 195 119 229 205 208 232 238
0018 205 208 232 238 079 149 109 181
0019 205 208 232 238 079 105 112 137
0020 084 070 116 107 205 208 232 237
0021 205 208 232 238 088 059 121 096
0022 089 043 126 082 205 209 232 238
0023 205 208 232 238 090 041 123 079
0024 205 208 232 238 090 040 123 078
0025 090 042 126 078 205 207 232 238
0026 092 042 128 078 205 207 232 238
0027 091 042 128 079 205 207 232 239
0028 089 042 126 080 205 207 232 239
0029 091 043 128 079 205 207 232 238
0030 091 042 128 079 205 207 232 238
0031 089 041 126 078 205 207 232 238
0032 091 040 124 081 205 208 232 239
0033 092 042 129 081 205 207 232 238
0034 092 042 129 081 205 207 232 238
0035 092 042 129 081 205 207 232 238
0036 205 207 232 238 091 041 125 082
0037 205 207 232 238 092 043 126 077
0038 091 042 125 080 205 207 232 238
0039 091 042 125 081 205 207 232 237
0040 205 207 232 238 088 041 126 079
0041 091 044 128 080 205 207 232 237
0042 205 206 232 238 091 042 128 078
0043 206 206 231 236 088 041 126 078
0044 088 039 125 079 205 207 232 238
0045 085 045 123 086 205 207 232 237
0046 076 068 109 111 205 208 232 237
0047 205 208 232 237 069 117 097 151
0048 203 207 230 236 076 163 107 200
0049 203 207 229 236 088 203 117 237
0050 205 208 232 238 099 209 127 237
