0000 222 187 247 231 140 187 162 221
0001 221 186 248 231 139 186 161 219
0002 221 186 248 231 139 185 161 218
0003 221 186 247 231 139 185 161 217
0004 221 186 248 231 139 185 161 217
0005 221 187 247 231 139 185 161 217
0006 221 186 247 231 138 185 160 215
0007 221 187 247 231 138 183 160 215
0008 221 186 247 231 134 182 158 211
0009 221 186 247 231 130 177 153 206
0010 221 186 248 231 122 171 147 195
0011 220 186 247 231 111 160 136 180
0012 221 187 247 230 105 142 133 163
0013 222 188 248 230 099 112 129 139
0014 222 186 249 230 098 088 130 118
0015 223 188 248 229 104 070 132 099
0016 223 188 248 229 106 058 134 088
0017 223 188 248 229 110 053 137 084
0018 223 187 249 229 111 050 138 081
0019 223 187 248 228 112 049 139 080
0020 223 186 249 229 116 051 141 076
0021 223 187 249 228 115 050 143 081
0022 222 186 249 229 116 053 141 077
0023 222 186 249 229 115 052 140 076
0024 222 186 248 228 113 050 140 080
0025 222 186 248 229 114 050 139 081
0026 222 186 248 229 114 050 139 081
0027 222 186 248 230 113 050 139 081
0028 221 186 248 230 112 049 138 080
0029 222 186 248 230 112 049 139 080
0030 222 187 247 229 112 049 139 080
0031 222 187 247 229 112 049 139 080
0032 222 187 248 229 111 049 138 081
0033 222 187 248 229 110 051 136 083
0034 222 187 248 229 102 061 129 094
0035 221 186 248 229 092 082 119 109
0036 222 186 248 229 086 110 114 136
0037 222 186 248 229 091 141 117 162
0038 222 186 248 229 099 159 126 184
0039 222 187 248 229 111 174 136 203
0040 222 187 248 230 123 179 144 210
0041 222 188 247 230 129 183 150 214
0042 222 188 247 230 133 184 153 213
0043 222 187 248 230 135 185 155 215
0044 222 187 248 230 138 183 157 210
0045 222 187 248 230 136 183 156 214
