0004 116 187 178 232 000 000 000 000
0005 149 138 200 192 000 000 000 000
0006 173 092 243 171 000 000 000 000
0007 177 098 239 162 000 000 000 000
0008 180 105 245 163 000 000 000 000
0009 181 102 248 162 000 000 000 000
0010 183 096 251 161 000 000 000 000
0011 183 104 252 159 000 000 000 000
0012 178 107 253 162 000 000 000 000
0013 177 095 249 157 000 000 000 000
0014 181 088 254 157 000 000 000 000
0015 181 099 247 158 000 000 000 000
0016 181 098 245 158 000 000 000 000
0017 183 090 249 152 000 000 000 000
0018 181 093 256 159 000 000 000 000
0019 182 100 243 158 000 000 000 000
0020 182 094 243 158 000 000 000 000
0021 182 089 242 159 000 000 000 000
0022 182 090 246 154 000 000 000 000
0023 182 097 242 160 000 000 000 000
0024 180 092 240 157 000 000 000 000
0025 181 089 241 157 000 000 000 000
0026 180 089 241 157 000 000 000 000
0027 180 095 241 159 000 000 000 000
0028 177 093 238 159 000 000 000 000
0029 166 096 236 161 000 000 000 000
0030 143 127 206 193 000 000 000 000
0031 115 181 166 227 000 000 000 000
