0000 112 160 138 194 188 213 212 239
0001 105 167 132 203 201 217 228 239
0002 207 213 243 238 100 167 126 205
0003 102 158 130 198 192 182 236 222
0004 109 148 138 186 174 154 215 186
0005 116 142 144 177 159 143 202 171
0006 123 134 149 168 155 130 194 157
0007 150 131 191 156 125 132 151 162
0008 150 130 190 156 130 130 156 163
0009 128 128 155 159 148 129 192 155
0010 149 130 191 156 130 131 158 162
0011 150 127 190 153 128 128 156 162
0012 148 128 190 154 129 131 158 160
0013 149 130 189 157 130 133 159 163
0014 157 139 194 163 126 138 153 169
0015 171 157 206 195 117 147 146 180
0016 187 181 218 234 109 156 138 189
0017 193 208 224 239 105 164 134 191
