0000 194 202 240 237 106 214 141 237
0001 193 201 240 237 102 215 140 239
0002 194 201 240 237 101 214 138 238
0003 092 206 133 239 193 203 240 237
0004 078 184 119 222 194 201 240 236
0005 056 127 103 173 194 201 239 237
0006 051 083 102 146 193 202 240 237
0007 056 068 105 134 193 202 240 237
0008 062 062 108 126 193 202 240 237
0009 061 058 110 123 193 202 239 237
0010 063 058 107 127 193 202 240 237
0011 062 060 107 127 193 203 240 237
0012 063 056 106 125 193 202 240 237
0013 062 056 104 121 193 202 240 237
0014 193 202 240 237 064 057 107 123
0015 059 058 111 125 194 202 240 237
0016 060 057 111 125 193 202 240 237
0017 059 058 111 125 194 201 240 237
0018 194 202 240 237 058 060 106 126
0019 061 057 110 124 193 201 240 237
0020 062 057 110 123 194 202 240 237
0021 065 058 107 121 193 202 240 237
0022 057 062 106 129 193 202 240 237
0023 056 062 106 130 194 201 240 237
0024 061 061 102 130 192 200 240 236
0025 062 078 105 148 192 202 239 237
0026 075 144 113 183 192 201 239 236
0027 090 182 131 233 194 201 238 236
0028 194 202 239 237 104 206 139 239
0029 193 200 238 236 104 214 138 238
0030 193 202 239 237 106 213 142 238
0031 193 202 239 237 106 215 141 239
0032 192 202 239 237 105 213 141 238
