0000 126 211 167 239 000 000 000 000
0001 113 188 163 228 061 212 092 239
0002 047 165 088 214 114 154 164 199
0003 111 128 164 167 041 130 082 169
0004 115 108 168 145 034 108 075 143
0005 117 100 169 135 029 099 077 134
0006 116 097 170 132 028 103 075 139
0007 115 096 165 128 030 105 074 138
0008 114 101 174 136 029 105 078 140
0009 115 102 169 137 026 104 079 142
0010 114 108 167 141 030 112 075 150
0011 111 129 164 172 031 132 068 173
0012 039 164 082 220 104 165 157 209
0013 101 201 148 236 051 198 084 236
