0000 125 175 152 206 180 214 207 238
0001 125 173 151 206 180 212 209 238
0002 124 174 151 205 180 212 208 238
0003 124 174 151 205 181 213 209 239
0004 176 204 206 237 125 175 151 206
0005 124 174 151 206 181 146 212 188
0006 194 088 220 126 124 174 150 205
0007 124 173 151 205 194 072 222 109
0008 124 173 150 204 189 070 215 106
0009 122 172 147 203 176 098 202 131
0010 119 174 146 205 170 122 198 153
0011 118 173 144 205 168 129 199 161
0012 119 171 145 202 173 107 200 151
0013 120 171 148 203 178 074 204 102
0014 121 169 147 202 180 055 206 077
0015 121 169 147 203 186 061 208 106
0016 121 171 147 205 179 079 203 109
0017 120 171 146 203 174 112 201 156
0018 171 145 201 177 119 172 145 204
0019 174 176 204 208 119 172 145 205
0020 173 207 207 238 121 172 147 203
0021 122 173 149 206 168 211 205 238
0022 123 173 150 206 170 211 203 239
