0013 145 202 179 238 000 000 000 000
0014 146 201 182 237 104 223 146 239
0015 147 195 182 238 090 214 152 239
0016 141 189 179 237 062 203 134 236
0017 070 184 126 233 137 174 179 226
0018 114 154 175 205 069 165 129 221
0019 062 151 126 204 118 146 172 195
0020 106 128 165 183 064 135 128 195
0021 104 122 164 177 065 130 128 194
0022 064 123 127 193 110 119 165 178
0023 060 121 125 190 110 124 166 175
0024 056 125 120 192 115 124 167 175
0025 108 115 166 175 057 125 118 191
0026 109 114 166 176 059 119 120 193
0027 108 112 165 176 060 124 120 192
0028 106 110 165 174 061 116 124 192
0029 105 111 163 171 060 115 123 192
0030 104 110 163 171 062 119 120 192
0031 104 111 163 176 060 118 122 189
0032 107 110 162 175 061 118 121 188
0033 106 110 163 174 061 115 116 192
0034 106 108 164 173 058 115 120 190
0035 107 108 163 172 061 115 118 190
0036 058 117 117 192 111 110 162 174
0037 107 110 162 171 061 117 120 195
0038 062 124 123 200 116 127 160 180
0039 066 135 120 202 110 134 166 187
0040 068 149 123 214 112 142 160 201
0041 066 177 115 229 115 160 163 217
0042 070 192 121 237 121 186 164 233
0043 075 221 134 239 036 205 086 237
0044 143 206 183 235 000 000 000 000
