0012 182 195 223 235 000 000 000 000
0013 205 169 246 209 000 000 000 000
0014 218 145 261 185 000 000 000 000
0015 223 131 266 170 000 000 000 000
0016 224 125 269 169 000 000 000 000
0017 225 119 270 165 000 000 000 000
0018 223 119 271 165 000 000 000 000
0019 223 113 269 163 000 000 000 000
0020 223 106 266 159 000 000 000 000
0021 223 121 266 158 000 000 000 000
0022 226 118 268 151 000 000 000 000
0023 226 107 270 153 000 000 000 000
0024 226 116 267 150 000 000 000 000
0025 225 104 268 149 000 000 000 000
0026 225 105 270 149 000 000 000 000
0027 225 112 268 150 000 000 000 000
0028 226 104 271 150 000 000 000 000
0029 226 113 269 150 000 000 000 000
0030 228 105 273 146 000 000 000 000
0031 227 118 271 154 000 000 000 000
0032 227 125 271 166 000 000 000 000
0033 214 158 252 200 000 000 000 000
0034 195 182 235 233 000 000 000 000
