0000 186 200 212 234 096 206 124 239
0001 187 200 213 234 096 211 126 239
0002 095 211 125 239 188 193 215 234
0003 179 168 216 210 093 210 120 238
0004 160 139 207 171 092 212 120 239
0005 092 212 118 239 142 110 193 139
0006 090 212 120 239 130 098 175 119
0007 124 093 171 118 091 213 119 239
0008 122 093 167 119 092 214 121 239
0009 120 093 165 116 093 213 121 239
0010 121 093 163 114 093 213 121 239
0011 123 091 165 114 091 214 120 239
0012 120 086 169 117 089 212 118 239
0013 086 212 117 239 140 090 185 112
0014 086 211 113 239 176 083 234 118
0015 084 207 112 239 204 086 240 113
0016 084 209 111 239 207 089 238 117
0017 084 211 112 239 200 089 242 118
0018 086 209 113 239 203 089 242 117
0019 202 091 240 121 087 208 115 239
0020 090 213 118 239 202 091 240 118
0021 198 092 241 120 089 207 122 238
0022 092 208 120 238 199 094 243 124
0023 094 207 122 239 203 096 241 124
0024 097 206 123 238 210 103 249 141
0025 098 209 125 239 221 112 258 153
0026 101 208 128 238 233 157 260 195
0027 101 208 128 239 203 199 228 237
0028 104 208 131 239 189 203 212 234
0029 105 207 131 239 195 202 220 238
0030 106 208 133 239 206 201 230 236
0031 105 208 134 239 213 201 237 236
