0003 118 221 163 239 000 000 000 000
0004 109 214 155 239 000 000 000 000
0005 108 184 156 234 000 000 000 000
0006 113 144 151 213 000 000 000 000
0007 126 113 163 187 000 000 000 000
0008 131 088 166 163 000 000 000 000
0009 132 057 168 134 000 000 000 000
0010 139 050 175 118 000 000 000 000
0011 141 051 175 115 000 000 000 000
0012 142 050 177 120 000 000 000 000
0013 142 049 177 118 000 000 000 000
0014 141 050 178 118 000 000 000 000
0015 141 048 176 118 000 000 000 000
0016 141 047 176 118 000 000 000 000
0017 141 048 177 119 000 000 000 000
0018 141 048 177 119 000 000 000 000
0019 141 048 177 120 000 000 000 000
0020 140 049 177 121 000 000 000 000
0021 140 048 177 122 000 000 000 000
0022 139 048 177 123 000 000 000 000
0023 138 049 177 124 000 000 000 000
0024 139 050 177 123 000 000 000 000
0025 139 051 177 124 000 000 000 000
0026 139 049 177 123 000 000 000 000
0027 138 049 177 123 000 000 000 000
0028 139 049 177 125 000 000 000 000
0029 137 048 175 124 000 000 000 000
0030 137 048 175 125 000 000 000 000
0031 137 047 175 120 000 000 000 000
0032 137 048 174 124 000 000 000 000
0033 136 048 175 125 000 000 000 000
0034 139 048 175 126 000 000 000 000
0035 139 048 175 126 000 000 000 000
0036 140 049 175 125 000 000 000 000
0037 136 051 174 124 000 000 000 000
0038 136 051 174 125 000 000 000 000
0039 137 053 175 127 000 000 000 000
0040 137 053 175 126 000 000 000 000
0041 137 053 175 127 000 000 000 000
0042 138 052 176 129 000 000 000 000
0043 139 060 175 130 000 000 000 000
0044 135 090 175 164 000 000 000 000
0045 123 166 165 214 000 000 000 000
0046 117 205 157 239 000 000 000 000
