0000 090 223 130 239 000 000 000 000
0001 088 224 131 239 000 000 000 000
0002 087 223 132 239 000 000 000 000
0003 091 222 129 237 000 000 000 000
0004 087 225 131 239 000 000 000 000
0005 086 224 130 239 000 000 000 000
0006 086 225 131 239 000 000 000 000
0007 179 225 209 239 086 225 130 239
0008 177 220 210 237 086 224 130 239
0009 178 205 213 237 086 224 130 239
0010 189 164 227 207 085 223 126 239
0011 196 129 229 187 085 224 130 239
0012 198 104 230 169 086 224 131 239
0013 197 096 229 161 086 224 131 239
0014 189 091 221 156 085 224 131 239
0015 181 093 212 154 086 224 131 239
0016 161 085 203 145 087 224 131 239
0017 164 073 202 136 086 223 131 239
0018 182 066 212 129 086 224 131 239
0019 196 064 224 124 087 224 124 239
0020 201 065 230 127 086 224 130 239
0021 199 068 230 131 087 224 124 239
0022 193 073 224 136 088 224 124 239
0023 187 072 218 138 088 225 124 239
0024 169 081 206 138 089 225 127 239
0025 161 082 196 141 087 224 131 239
0026 162 074 196 132 087 224 131 239
0027 171 068 210 124 087 224 131 239
0028 193 066 223 124 087 224 131 239
0029 204 071 235 131 087 224 131 239
0030 207 075 238 138 087 224 131 239
0031 202 080 233 145 087 224 131 239
0032 188 083 219 150 087 224 131 239
0033 174 083 205 145 087 224 131 239
0034 165 079 207 135 087 224 131 239
0035 182 072 214 132 087 224 131 239
0036 200 070 229 134 089 226 125 239
0037 208 079 240 140 086 224 131 239
0038 210 084 240 148 086 224 131 239
0039 202 091 236 151 086 224 131 239
0040 189 089 221 152 086 224 131 239
0041 183 085 213 145 090 226 126 239
0042 188 074 218 134 090 226 126 239
0043 202 072 230 130 087 224 131 239
0044 214 076 244 135 000 000 000 000
0045 219 083 255 143 000 000 000 000
0046 215 087 253 149 088 225 124 239
0047 209 088 244 150 087 224 131 239
0048 201 082 234 143 087 224 130 239
0049 198 076 227 139 088 225 124 239
0050 203 073 232 133 087 225 125 239
0051 209 074 239 134 090 226 127 239
0052 212 079 244 139 000 000 000 000
0053 209 084 240 145 000 000 000 000
0054 193 092 229 151 090 223 127 237
0055 184 091 215 150 000 000 000 000
0056 178 082 211 141 000 000 000 000
0057 185 074 215 132 091 226 126 239
0058 202 068 231 131 000 000 000 000
0059 209 073 236 137 088 225 125 239
0060 210 083 248 143 086 224 131 239
0061 204 093 240 150 086 224 131 239
0062 194 092 224 153 086 224 131 239
0063 184 091 215 152 086 224 131 239
0064 178 082 211 142 086 224 131 239
0065 184 076 214 135 086 224 131 239
0066 198 073 228 132 086 224 131 239
0067 207 075 237 133 086 224 131 239
0068 211 079 244 141 086 224 131 239
0069 209 087 243 151 087 224 125 239
0070 202 092 233 150 087 224 125 239
0071 194 091 224 152 085 221 131 239
0072 187 085 217 147 088 223 128 237
0073 189 077 217 140 085 224 131 239
0074 198 076 228 136 086 223 127 237
0075 204 079 234 141 085 224 131 239
0076 208 087 240 148 085 224 131 239
0077 206 107 238 164 088 222 127 237
0078 200 137 231 186 088 223 127 237
0079 194 164 227 211 088 223 127 237
0080 191 190 223 234 085 224 131 239
0081 185 206 218 237 088 223 127 237
0082 088 222 127 237 000 000 000 000
