0000 140 208 173 237 000 000 000 000
0001 140 208 173 237 000 000 000 000
0002 140 208 173 237 000 000 000 000
0003 140 208 173 237 000 000 000 000
0004 140 210 172 237 000 000 000 000
0005 140 208 173 237 000 000 000 000
0006 140 208 173 237 000 000 000 000
0007 141 210 173 236 000 000 000 000
0008 143 208 171 234 000 000 000 000
0009 140 196 173 227 000 000 000 000
0010 145 187 174 216 000 000 000 000
0011 146 155 170 205 000 000 000 000
0012 144 138 169 189 000 000 000 000
0013 142 123 171 177 000 000 000 000
0014 141 109 170 168 000 000 000 000
0015 140 100 170 159 000 000 000 000
0016 140 096 171 152 000 000 000 000
0017 140 093 175 150 000 000 000 000
0018 143 093 177 153 000 000 000 000
0019 144 095 178 153 000 000 000 000
0020 143 093 172 153 000 000 000 000
0021 144 094 176 152 000 000 000 000
0022 143 095 176 151 000 000 000 000
0023 143 096 176 152 000 000 000 000
0024 141 094 176 153 000 000 000 000
0025 141 094 176 153 000 000 000 000
0026 141 094 176 153 000 000 000 000
0027 142 095 175 151 000 000 000 000
0028 145 095 176 152 000 000 000 000
0029 143 096 177 156 000 000 000 000
0030 146 099 181 158 000 000 000 000
0031 145 101 177 160 000 000 000 000
0032 151 124 177 175 000 000 000 000
0033 147 148 172 187 000 000 000 000
0034 142 161 172 198 000 000 000 000
0035 139 182 171 208 000 000 000 000
0036 137 196 172 223 000 000 000 000
0037 138 203 177 233 000 000 000 000
0038 139 213 175 239 000 000 000 000
0039 139 208 171 234 000 000 000 000
0040 142 212 175 236 000 000 000 000
0041 142 212 175 236 000 000 000 000
