0000 184 195 208 234 116 199 137 232
0001 116 199 137 231 183 192 206 230
0002 116 198 136 231 180 182 203 212
0003 116 199 136 231 176 165 201 193
0004 115 197 136 229 176 143 202 170
0005 116 196 137 228 176 150 200 176
0006 116 196 137 229 178 166 201 197
0007 170 152 196 178 116 195 137 228
0008 116 195 138 228 171 134 193 158
0009 171 139 197 166 118 196 138 228
0010 117 195 138 229 176 175 199 200
0011 118 197 138 230 185 184 207 216
0012 120 199 138 231 195 196 215 228
0013 118 195 138 227 198 200 219 232
