0000 120 210 159 237 000 000 000 000
0001 111 200 153 236 000 000 000 000
0002 105 175 139 223 062 181 114 230
0003 101 133 148 183 055 155 108 197
0004 101 097 146 149 037 109 086 156
0005 104 096 152 146 035 102 083 150
0006 026 104 079 147 103 100 151 141
0007 023 108 074 149 111 103 154 145
0008 022 113 075 152 113 105 160 144
0009 021 112 074 151 110 106 160 145
0010 022 106 075 146 114 107 163 143
0011 021 106 074 147 110 104 158 142
0012 021 106 075 148 112 108 157 145
0013 107 117 155 158 028 124 070 157
0014 098 136 142 185 045 149 076 190
0015 053 181 084 232 094 173 124 222
0016 092 204 135 237 056 214 081 239
0018 096 207 133 234 000 000 000 000
0019 097 207 134 234 000 000 000 000
0020 100 214 138 239 000 000 000 000
