0011 037 217 075 239 000 000 000 000
0013 185 221 215 239 000 000 000 000
0014 183 214 219 238 132 217 165 239
0015 177 206 218 236 132 211 169 239
0016 176 195 219 237 136 213 189 239
0017 177 188 221 237 135 205 185 239
0018 181 190 224 237 139 205 193 239
0019 185 192 226 238 146 209 184 239
0020 189 189 228 235 149 205 200 239
0021 195 176 235 234 157 196 212 239
0022 160 173 233 238 201 165 243 217
0023 165 140 241 225 207 142 253 199
0024 167 135 234 208 196 117 248 183
0025 172 112 233 177 186 088 251 138
0026 174 095 227 156 188 067 250 120
0027 169 082 217 145 186 059 245 097
0028 180 050 236 084 169 070 209 138
0029 163 068 203 141 173 047 238 077
0030 159 064 199 138 165 044 232 075
0031 162 053 194 134 164 043 226 078
0032 157 055 189 134 156 042 222 078
0033 156 043 218 076 152 058 185 142
0034 152 056 185 135 153 039 218 073
0035 151 057 183 139 150 041 218 078
0036 151 045 222 079 150 057 184 142
0037 150 041 222 080 152 059 182 141
0038 148 044 217 080 151 057 181 138
0039 146 043 218 080 149 058 183 144
0040 147 042 217 081 150 057 182 141
0041 146 042 217 083 149 056 182 144
0042 145 042 216 081 148 056 181 142
0043 144 041 215 082 145 052 182 144
0044 144 043 216 082 146 059 178 137
0045 144 043 216 082 146 051 180 142
0046 151 043 219 081 147 052 182 142
0047 157 050 223 089 150 069 185 148
0048 161 061 224 102 156 076 192 154
0049 173 086 240 145 161 109 207 182
0050 145 139 216 213 189 116 236 186
0051 136 173 194 239 201 170 245 238
0052 120 209 170 239 000 000 000 000
