0005 161 222 203 239 000 000 000 000
0006 137 184 196 222 077 216 118 239
0007 142 146 196 186 077 202 124 239
0008 135 130 200 174 084 171 139 211
0009 142 126 203 166 086 144 131 188
0010 143 127 204 167 084 119 132 180
0011 141 123 205 164 085 123 131 181
0012 148 113 204 151 080 151 129 193
0013 088 152 146 194 144 105 215 146
0014 158 113 214 161 092 134 147 184
0015 085 154 141 199 148 108 224 150
0016 085 156 144 198 170 100 232 145
0017 167 103 236 149 088 148 147 195
0018 088 164 147 206 165 105 232 148
0019 172 105 241 143 090 167 146 210
0020 178 106 245 151 092 157 145 202
0021 080 166 134 214 176 105 247 147
0022 192 104 252 145 079 168 133 212
0023 185 099 257 142 080 174 125 219
0024 200 095 262 136 074 182 127 224
0025 220 101 262 148 077 175 119 215
0026 206 101 260 151 069 161 110 215
0027 192 094 259 136 061 178 104 221
0028 208 089 263 131 059 180 114 221
0029 056 165 111 216 223 094 265 142
0030 052 179 093 221 200 091 264 132
0031 050 180 099 224 220 084 269 125
0032 049 168 089 217 230 090 270 131
0033 219 087 274 126 040 177 081 220
0034 226 085 279 134 041 182 082 224
0035 250 101 291 146 049 191 086 233
0036 255 137 302 190 056 201 094 238
0037 254 173 312 234 069 213 109 237
0038 243 211 285 239 080 217 114 239
0039 084 220 120 239 000 000 000 000
