0000 187 203 212 239 114 205 134 236
0001 188 203 213 238 114 206 135 237
0002 188 202 213 238 107 204 129 236
0003 188 202 213 237 083 198 111 237
0004 188 201 213 237 051 172 091 199
0005 038 124 079 151 189 202 213 238
0006 047 078 086 125 189 202 214 238
0007 058 057 092 108 189 203 214 238
0008 062 054 100 101 189 202 214 238
0009 066 050 106 097 189 202 214 237
0010 065 049 106 097 190 201 214 237
0011 066 049 104 098 190 203 214 237
0012 066 048 106 096 189 201 213 237
0013 065 048 108 097 189 202 213 237
0014 065 048 108 096 189 202 213 237
0015 065 047 108 094 189 201 213 237
0016 066 047 109 093 189 201 214 237
0017 068 047 109 095 189 202 214 237
0018 068 046 109 095 189 202 214 238
0019 069 045 109 094 189 201 214 238
0020 070 044 108 094 189 201 214 238
0021 069 047 109 094 190 201 214 238
0022 067 057 106 108 189 202 214 238
0023 065 070 105 122 188 203 213 238
0024 188 202 213 238 069 151 103 176
0025 188 202 213 238 080 173 107 213
0026 189 202 213 238 094 202 118 239
0027 189 203 213 238 100 206 123 237
0028 189 203 213 238 105 209 126 239
0029 189 204 213 238 107 206 127 237
0030 189 204 212 238 108 206 128 235
0031 189 203 213 239 113 208 136 239
0032 188 204 212 239 115 206 139 238
0033 187 204 212 239 111 204 140 236
