0016 147 219 184 238 000 000 000 000
0017 151 202 190 237 000 000 000 000
0018 160 171 193 225 000 000 000 000
0019 164 152 208 198 000 000 000 000
0020 168 141 210 192 000 000 000 000
0021 177 121 218 167 000 000 000 000
0022 185 108 222 151 000 000 000 000
0023 189 104 226 147 000 000 000 000
0024 193 097 226 140 000 000 000 000
0025 196 092 233 134 000 000 000 000
0026 196 093 234 133 000 000 000 000
0027 196 091 236 133 000 000 000 000
0028 198 090 239 131 000 000 000 000
0029 198 088 240 128 000 000 000 000
0030 198 087 241 127 000 000 000 000
0031 200 086 242 126 000 000 000 000
0032 200 086 243 127 000 000 000 000
0033 200 087 243 128 000 000 000 000
0034 200 087 242 127 000 000 000 000
0035 199 086 242 126 000 000 000 000
0036 200 087 241 125 000 000 000 000
0037 199 087 240 126 000 000 000 000
0038 199 086 241 125 000 000 000 000
0039 199 088 239 128 000 000 000 000
0040 199 088 239 128 000 000 000 000
0041 198 088 238 130 000 000 000 000
0042 198 086 240 126 000 000 000 000
0043 198 086 240 125 000 000 000 000
0044 198 087 240 126 000 000 000 000
0045 198 088 240 126 000 000 000 000
0046 198 087 240 127 000 000 000 000
0047 198 087 239 127 000 000 000 000
0048 198 087 239 125 000 000 000 000
0049 198 088 239 125 000 000 000 000
0050 198 088 239 127 000 000 000 000
0051 198 088 239 127 000 000 000 000
0052 198 087 239 125 000 000 000 000
0053 198 087 239 125 000 000 000 000
0054 198 087 239 125 000 000 000 000
0055 198 087 239 127 000 000 000 000
0056 198 086 239 127 000 000 000 000
0057 196 086 237 126 000 000 000 000
0058 194 087 236 125 000 000 000 000
0059 193 093 232 134 000 000 000 000
0060 191 104 226 141 000 000 000 000
0061 168 139 211 188 000 000 000 000
0062 155 156 204 209 000 000 000 000
0063 131 201 171 238 000 000 000 000
0064 123 222 155 239 000 000 000 000
