0000 177 203 230 239 140 213 174 239
0001 178 204 229 239 140 212 176 237
0002 178 207 231 238 140 210 177 237
0003 141 205 176 237 177 200 228 239
0004 140 189 174 239 177 200 226 236
0005 136 162 174 223 177 201 227 238
0006 137 134 177 179 176 204 228 239
0007 176 204 228 239 139 113 180 161
0008 145 086 183 123 176 204 230 239
0009 151 067 189 103 176 204 232 239
0010 176 203 232 239 153 055 191 092
0011 176 203 231 239 160 048 193 087
0012 176 203 233 239 158 041 189 086
0013 176 203 231 239 160 047 192 087
0014 177 204 230 239 157 047 192 083
0015 176 203 230 239 157 051 194 087
0016 176 203 230 239 160 047 191 083
0017 176 203 230 239 156 047 192 086
0018 175 203 231 239 159 038 191 085
0019 175 203 230 239 159 039 190 085
0020 176 203 230 239 159 047 191 083
0021 175 203 231 239 159 048 190 082
0022 175 203 231 239 159 046 188 083
0023 175 203 231 239 158 040 190 085
0024 176 203 231 239 157 037 191 084
0025 172 200 230 235 160 047 189 081
0026 177 204 230 239 160 048 190 081
0027 177 204 230 239 160 043 189 086
0028 177 203 230 239 161 036 194 085
0029 177 204 230 239 161 048 192 084
0030 177 204 230 239 161 047 190 083
0031 177 204 230 239 160 046 195 083
0032 177 204 230 239 163 049 191 083
0033 175 203 230 239 160 033 198 082
0034 175 204 229 239 162 048 199 082
0035 175 203 230 239 161 047 192 083
0036 177 204 228 239 157 049 191 089
0037 176 201 230 239 155 076 196 112
0038 176 201 230 239 156 118 199 161
0039 156 151 198 196 176 204 230 239
0040 153 186 194 238 184 201 231 237
0041 151 207 183 237 175 203 234 238
0042 174 203 238 235 150 210 186 239
0043 177 200 230 238 151 215 184 239
0044 175 203 237 235 151 214 185 238
0045 180 200 232 235 152 214 185 239
0046 176 201 234 237 150 213 184 237
0047 175 202 237 234 151 215 185 239
0048 175 203 237 234 152 212 185 239
0049 177 201 229 238 151 214 182 239
0050 174 203 238 235 151 214 184 239
