0004 051 224 087 239 000 000 000 000
0005 044 215 090 239 000 000 000 000
0006 053 201 093 235 105 221 145 238
0007 060 190 104 231 090 202 145 239
0008 094 170 144 218 077 173 107 214
0009 095 144 145 196 000 000 000 000
0010 103 123 148 186 097 124 117 190
0011 102 117 125 184 119 114 149 176
0012 119 113 147 184 107 110 128 182
0013 123 112 151 183 109 116 129 184
0014 119 114 146 185 108 115 130 182
0015 123 114 151 182 108 116 131 181
0016 122 114 150 179 109 117 133 184
0017 122 118 149 180 109 120 131 185
0018 119 117 143 186 107 125 126 185
0019 119 118 143 185 107 125 125 183
0020 119 117 144 184 107 120 130 181
0021 121 118 149 188 106 120 130 180
0022 121 117 147 183 107 121 131 180
0023 121 119 149 187 106 121 130 183
0024 120 123 150 188 106 122 129 192
0025 116 123 150 194 000 000 000 000
0026 101 129 128 190 120 124 154 187
0027 088 150 125 199 124 147 159 198
0028 124 157 159 204 082 161 123 208
0029 115 176 165 219 070 176 112 219
0030 112 189 163 236 063 189 100 232
0031 112 196 159 238 061 196 099 236
0032 054 207 094 239 112 211 159 239
0033 114 220 156 239 058 220 094 239
