0007 179 202 224 236 000 000 000 000
0008 188 133 232 202 000 000 000 000
0009 185 090 242 164 000 000 000 000
0010 191 066 241 149 000 000 000 000
0011 185 062 241 139 000 000 000 000
0012 183 064 234 139 000 000 000 000
0013 182 065 236 141 000 000 000 000
0014 183 064 237 139 000 000 000 000
0015 183 065 238 143 000 000 000 000
0016 183 072 239 146 000 000 000 000
0017 184 075 236 151 000 000 000 000
0018 179 113 227 176 000 000 000 000
0019 174 177 211 220 112 221 147 239
0020 170 213 215 239 093 217 130 239
0021 075 213 116 239 000 000 000 000
0022 060 219 106 239 000 000 000 000
0023 062 222 103 239 000 000 000 000
