0005 173 212 209 236 000 000 000 000
0006 189 176 230 229 000 000 000 000
0007 204 141 244 194 000 000 000 000
0008 211 111 256 174 000 000 000 000
0009 217 085 264 158 000 000 000 000
0010 227 066 268 134 000 000 000 000
0011 232 054 277 116 000 000 000 000
0012 236 042 282 105 000 000 000 000
0013 230 034 278 103 000 000 000 000
0014 231 032 275 095 000 000 000 000
0015 226 030 268 096 000 000 000 000
0016 222 023 261 092 000 000 000 000
0017 214 024 252 094 000 000 000 000
0018 208 029 248 096 000 000 000 000
0019 199 027 245 095 000 000 000 000
0020 192 027 239 099 000 000 000 000
0021 191 030 238 096 000 000 000 000
0022 190 021 233 098 000 000 000 000
0023 189 018 232 097 000 000 000 000
0024 186 028 233 093 000 000 000 000
0025 191 019 234 092 000 000 000 000
0026 190 019 236 097 000 000 000 000
0027 183 032 236 095 000 000 000 000
0028 186 037 233 099 000 000 000 000
0029 192 032 238 101 000 000 000 000
0030 190 040 240 109 000 000 000 000
0031 191 038 240 110 000 000 000 000
0032 192 036 237 113 000 000 000 000
0033 187 042 240 110 000 000 000 000
0034 188 040 240 114 000 000 000 000
0035 182 047 238 111 000 000 000 000
0036 183 043 234 113 000 000 000 000
0037 189 043 232 113 000 000 000 000
0038 185 046 233 116 000 000 000 000
0039 189 044 231 119 000 000 000 000
0040 185 047 230 121 000 000 000 000
0041 186 043 230 121 000 000 000 000
0042 187 044 230 128 000 000 000 000
0043 183 047 226 117 000 000 000 000
0044 183 046 225 124 000 000 000 000
0045 183 051 225 128 000 000 000 000
0046 180 057 229 131 000 000 000 000
0047 183 059 225 135 000 000 000 000
0048 182 063 224 138 066 222 105 239
0049 183 068 224 145 066 214 107 238
0050 180 075 225 150 066 204 109 238
0051 066 195 111 239 176 080 230 156
0052 066 188 108 235 174 076 223 143
0053 176 078 226 143 065 184 107 233
0054 181 081 224 146 062 172 098 225
0055 181 088 229 154 068 165 108 216
0056 171 100 223 158 070 170 112 221
0057 159 121 223 170 074 177 117 227
0058 078 176 123 228 147 136 217 182
0059 142 144 214 189 081 179 128 226
0060 083 174 132 224 142 147 214 190
0061 132 149 210 190 081 172 132 220
0062 126 141 208 184 081 176 135 224
0063 131 144 210 190 081 174 143 222
0064 135 153 206 196 087 166 139 214
0065 088 154 142 206 115 152 213 200
0066 136 152 212 200 085 149 139 205
0067 135 145 210 189 081 162 130 210
0068 077 173 133 217 135 137 213 181
0069 076 173 141 216 131 135 217 178
0070 149 133 220 180 079 162 138 209
0071 146 134 218 178 075 164 130 208
0072 147 124 222 169 069 174 130 217
0073 162 117 232 162 068 166 133 208
0074 167 113 235 161 067 159 123 209
0075 067 171 124 215 163 106 244 151
0076 180 099 246 145 065 165 120 213
0077 062 170 114 215 178 095 247 141
0078 191 092 252 137 062 169 117 214
0079 191 092 254 134 061 151 111 206
0080 195 084 257 126 051 151 099 205
0081 207 076 267 122 032 140 071 196
0082 003 150 042 212 229 069 280 117
0083 262 080 308 136 000 188 032 232
0084 000 210 042 234 280 113 319 173
0085 286 172 319 226 000 000 000 000
0086 252 215 301 239 000 000 000 000
