0000 190 212 214 239 124 133 150 155
0001 190 212 214 239 124 133 150 156
0002 190 213 214 239 124 134 149 156
0003 190 212 214 239 124 134 149 156
0004 190 212 214 239 123 133 150 156
0005 190 212 214 239 124 134 150 156
0006 190 212 214 239 123 133 151 157
0007 189 209 213 238 124 134 151 157
0008 181 201 206 235 122 138 146 160
0009 170 187 196 221 120 143 148 165
0010 156 150 196 176 121 138 146 160
0011 105 120 131 146 189 115 214 149
0012 220 095 259 132 078 105 116 136
0013 065 098 104 130 234 108 277 131
0014 057 104 098 129 240 118 280 138
0015 056 105 090 133 241 121 283 143
0016 057 107 092 134 241 123 283 144
0017 057 107 093 134 236 119 279 141
0018 063 109 097 135 234 119 269 147
0019 217 140 246 170 073 119 106 147
0020 188 167 217 202 090 134 121 164
0021 176 185 206 225 106 149 134 176
0022 173 196 201 237 117 159 145 188
0023 171 200 198 235 123 161 148 192
