0008 180 216 212 237 000 000 000 000
0009 186 191 230 228 000 000 000 000
0010 205 167 245 207 000 000 000 000
0011 203 158 253 200 000 000 000 000
0012 209 151 257 193 000 000 000 000
0013 207 142 258 191 000 000 000 000
0014 209 134 261 183 000 000 000 000
0015 210 133 259 181 000 000 000 000
0016 210 131 263 181 000 000 000 000
0017 211 132 263 183 000 000 000 000
0018 210 133 261 182 000 000 000 000
0019 211 128 257 179 000 000 000 000
0020 210 131 260 180 000 000 000 000
0021 210 131 261 180 000 000 000 000
0022 211 130 262 179 000 000 000 000
0023 210 129 259 182 000 000 000 000
0024 211 127 259 183 000 000 000 000
0025 211 127 258 181 000 000 000 000
0026 211 128 258 184 000 000 000 000
0027 211 129 257 184 000 000 000 000
0028 211 129 257 183 000 000 000 000
0029 211 128 258 184 000 000 000 000
0030 212 128 260 183 000 000 000 000
0031 213 136 255 187 000 000 000 000
0032 211 149 253 188 000 000 000 000
0033 198 171 235 212 000 000 000 000
0034 179 201 216 236 000 000 000 000
0035 168 216 207 236 000 000 000 000
