0000 061 193 089 233 133 184 160 221
0001 059 194 086 234 135 187 159 224
0002 058 193 085 233 135 188 158 223
0003 055 194 082 233 135 187 159 223
0004 055 192 080 230 134 182 160 218
0005 055 195 082 233 136 182 164 218
0006 054 193 081 233 134 179 169 216
0007 055 193 081 233 137 176 165 215
0008 055 193 080 230 137 168 171 210
0009 144 157 174 205 053 193 080 234
0010 152 148 178 192 054 193 083 234
0011 054 193 082 234 160 142 184 183
0012 053 194 080 233 169 132 193 167
0013 049 195 076 233 175 125 199 162
0014 048 194 075 233 179 122 204 158
0015 048 193 073 231 188 117 210 155
0016 047 195 073 231 182 112 215 153
0017 046 194 072 229 195 110 223 147
0018 046 193 072 229 200 104 231 139
0019 046 193 072 229 203 104 239 139
0020 046 194 072 230 204 098 248 131
0021 044 195 071 232 207 098 254 131
0022 043 195 071 232 213 093 260 127
0023 043 195 070 232 208 094 254 126
0024 209 092 261 122 043 195 069 232
0025 209 089 261 119 042 195 069 232
0026 211 087 261 118 041 194 069 231
0027 211 086 260 117 040 195 068 231
0028 215 085 265 113 041 192 068 229
0029 216 085 269 113 041 194 068 229
0030 213 086 267 113 042 193 068 228
0031 216 085 268 112 042 194 068 228
0032 217 085 268 112 042 194 068 228
0033 222 088 274 115 042 194 068 228
0034 221 086 273 114 042 194 068 228
0035 219 088 273 116 042 193 068 228
0036 221 088 271 116 042 194 068 228
0037 219 083 277 114 042 193 068 228
0038 220 082 278 114 042 193 068 228
0039 223 084 276 114 041 193 068 228
0040 224 082 273 112 041 193 068 228
0041 225 080 273 111 041 193 068 228
0042 224 078 274 108 041 194 068 228
0043 225 080 280 112 042 194 068 228
0044 227 081 278 113 041 193 068 228
0045 228 081 279 114 041 193 067 228
0046 228 081 279 114 041 193 067 229
0047 227 082 284 114 040 193 067 229
0048 225 081 284 117 040 193 067 228
0049 040 193 067 229 229 085 278 115
0050 228 079 280 114 040 192 067 229
0051 227 081 280 116 040 192 068 229
0052 227 081 280 117 040 193 068 229
0053 227 082 279 116 040 192 067 228
0054 228 083 280 118 040 192 067 228
0055 226 085 283 120 040 191 067 228
0056 225 088 275 122 040 192 068 229
0057 222 095 273 130 042 192 069 229
0058 216 107 266 141 041 193 067 224
0059 211 125 259 162 044 192 070 225
0060 046 194 073 230 193 165 223 210
0061 175 181 197 226 048 193 076 230
0062 053 193 080 229 156 188 179 228
0063 054 194 081 231 141 185 164 227
