0000 193 169 231 209 134 218 168 239
0001 188 170 229 211 133 220 163 239
0002 190 169 230 207 000 000 000 000
0003 191 171 227 208 000 000 000 000
0004 191 175 234 208 000 000 000 000
0005 192 171 231 207 000 000 000 000
0006 193 170 231 205 131 216 164 239
0007 194 170 231 204 127 210 169 238
0008 125 193 167 231 194 170 230 205
0009 192 170 233 206 118 146 166 193
0010 121 080 169 144 193 169 233 203
0011 128 042 178 111 193 169 233 204
0012 132 033 182 096 193 168 232 203
0013 138 024 178 095 193 167 232 203
0014 135 027 181 093 192 167 232 203
0015 133 027 180 095 193 168 232 203
0016 129 028 177 092 193 168 232 203
0017 127 029 177 094 193 168 233 203
0018 131 031 172 100 192 168 233 203
0019 131 060 171 134 192 167 233 204
0020 192 170 232 206 127 161 173 195
0021 134 211 181 239 189 172 229 208
0022 190 174 228 212 132 220 166 239
0023 188 174 228 209 130 221 166 239
0024 188 176 228 209 132 223 166 239
0025 184 175 227 209 000 000 000 000
0026 185 175 227 211 000 000 000 000
0027 187 175 228 208 000 000 000 000
0028 186 173 228 206 000 000 000 000
0029 187 173 227 205 000 000 000 000
0030 187 173 227 205 131 223 166 239
0031 186 173 227 206 000 000 000 000
