0000 172 215 196 239 112 208 133 235
0001 172 215 196 239 113 208 131 235
0002 112 214 130 237 173 215 195 239
0003 173 212 195 239 096 208 123 236
0004 093 198 117 223 174 203 198 234
0005 083 155 109 188 168 183 193 206
0006 163 120 195 148 094 093 116 126
0007 106 060 128 097 159 076 186 107
0008 115 041 140 084 155 055 185 088
0009 120 037 144 078 153 052 179 078
0010 130 035 158 073 145 044 170 077
0011 132 038 170 077 000 000 000 000
0012 132 038 170 077 000 000 000 000
0013 140 038 167 075 000 000 000 000
0014 133 038 168 077 000 000 000 000
0015 134 035 159 075 147 044 170 078
0016 124 035 146 069 152 042 177 072
0017 172 034 197 065 102 029 127 066
0018 073 035 101 067 203 033 228 067
0019 042 055 074 084 236 053 261 085
0020 025 082 063 110 254 077 284 110
0021 271 121 302 150 024 128 050 148
0022 257 172 287 195 053 171 076 195
0023 244 187 276 213 068 184 089 208
0024 215 207 242 230 092 197 113 223
0025 199 212 221 234 112 201 128 228
0026 186 209 213 236 000 000 000 000
0027 187 213 208 237 111 206 126 235
0028 187 212 208 234 104 208 123 236
0029 184 210 212 236 099 210 118 232
0030 185 211 213 237 094 210 115 232
0031 183 211 211 237 101 208 118 234
0032 108 213 126 236 185 214 208 238
0033 112 210 130 236 185 214 207 238
0034 113 211 131 237 185 213 207 238
0035 111 210 129 235 188 214 210 235
0036 184 213 212 238 108 213 125 237
0037 107 207 125 234 182 213 209 238
0038 102 211 123 237 183 212 205 239
0039 108 210 126 236 185 215 205 239
0040 109 209 129 236 181 215 206 238
0041 110 214 129 239 182 212 204 238
0042 111 211 130 237 184 215 206 238
0043 109 214 128 237 184 215 206 239
0044 108 214 127 238 185 217 206 239
0045 108 214 127 237 183 214 205 239
0046 180 214 206 238 107 213 127 237
