0002 143 216 180 238 000 000 000 000
0003 121 176 153 209 000 000 000 000
0004 116 160 145 191 000 000 000 000
0005 113 161 140 191 000 000 000 000
0006 111 161 139 190 000 000 000 000
0007 107 156 144 189 000 000 000 000
0008 110 157 138 186 000 000 000 000
0009 111 160 139 189 000 000 000 000
0010 106 158 144 191 000 000 000 000
0011 110 160 137 186 000 000 000 000
0012 106 158 143 190 000 000 000 000
0013 110 161 139 191 000 000 000 000
0014 106 161 143 193 000 000 000 000
0015 108 163 138 193 000 000 000 000
0016 108 164 138 197 000 000 000 000
0017 108 162 138 194 000 000 000 000
0018 107 161 140 192 000 000 000 000
0019 106 158 141 193 000 000 000 000
0020 106 157 140 190 000 000 000 000
0021 105 155 135 192 000 000 000 000
0022 105 156 134 192 000 000 000 000
0023 104 156 133 190 000 000 000 000
0024 102 154 133 191 000 000 000 000
0025 103 154 133 190 000 000 000 000
0026 103 154 133 189 000 000 000 000
0027 104 154 133 190 000 000 000 000
0028 104 154 134 190 000 000 000 000
0029 102 161 139 196 000 000 000 000
0030 104 183 146 222 000 000 000 000
0031 116 214 153 239 000 000 000 000
