0000 126 209 165 235 073 208 101 236
0001 125 209 165 236 074 208 101 235
0002 124 209 165 236 073 208 101 236
0003 124 208 164 233 069 206 105 236
0004 126 205 168 234 069 205 106 237
0005 132 199 172 225 074 208 101 236
0006 074 209 101 236 145 177 177 209
0007 074 209 101 236 138 132 173 177
0008 074 209 101 236 160 107 192 170
0009 167 088 196 139 074 209 101 236
0010 169 074 199 119 074 209 102 236
0011 172 060 203 107 074 209 102 236
0012 173 058 205 104 074 209 101 236
0013 176 056 206 098 074 209 101 236
0014 179 050 208 093 074 209 101 236
0015 180 045 209 089 074 209 101 236
0016 180 042 210 088 074 209 101 236
0017 181 042 211 088 074 209 101 236
0018 181 040 211 086 074 209 101 236
0019 181 040 211 085 074 209 101 236
0020 181 039 211 084 074 207 101 235
0021 181 038 210 083 073 209 101 236
0022 181 038 210 083 073 209 101 236
0023 181 038 210 084 073 209 101 236
0024 181 040 210 084 073 209 101 236
0025 181 041 210 085 073 209 101 236
0026 181 041 210 085 073 209 101 236
0027 181 042 210 085 073 209 101 236
0028 181 041 210 086 073 209 101 236
0029 182 041 210 087 073 209 101 236
0030 181 042 209 086 073 207 102 236
0031 179 055 207 097 073 209 101 236
0032 173 070 201 109 073 209 101 236
0033 163 086 191 134 073 207 102 235
0034 156 116 185 167 073 207 102 235
0035 073 207 102 235 143 131 179 175
0036 073 207 102 235 143 159 174 196
0037 135 181 172 212 073 207 102 235
0038 131 195 170 223 070 206 106 236
0039 129 207 170 235 073 207 102 235
0040 128 210 170 239 074 209 101 236
0041 130 208 170 235 073 207 102 235
0042 129 208 170 235 073 207 102 235
