0006 034 222 064 239 000 000 000 000
0007 029 195 066 237 000 000 000 000
0008 041 160 081 205 000 000 000 000
0009 050 141 088 187 000 000 000 000
0010 060 129 106 176 000 000 000 000
0011 072 124 129 175 000 000 000 000
0012 077 123 134 177 000 000 000 000
0013 079 119 133 175 000 000 000 000
0014 086 119 139 170 000 000 000 000
0015 086 118 146 166 000 000 000 000
0016 085 121 148 168 000 000 000 000
0017 088 124 156 168 000 000 000 000
0018 091 127 164 175 000 000 000 000
0019 104 127 171 175 000 000 000 000
0020 111 124 179 176 000 000 000 000
0021 113 120 178 171 000 000 000 000
0022 112 118 179 167 000 000 000 000
0023 114 120 182 169 000 000 000 000
0024 116 126 190 173 000 000 000 000
0025 122 126 193 176 000 000 000 000
0026 127 128 197 176 000 000 000 000
0027 127 126 198 176 000 000 000 000
0028 126 119 188 170 000 000 000 000
0029 124 119 182 168 000 000 000 000
0030 128 122 189 169 000 000 000 000
0031 137 129 204 180 000 000 000 000
0032 142 133 214 185 000 000 000 000
0033 146 133 223 188 000 000 000 000
0034 148 130 222 184 000 000 000 000
0035 139 123 201 170 000 000 000 000
0036 122 115 175 166 000 000 000 000
0037 095 124 158 168 000 000 000 000
0038 072 150 115 205 000 000 000 000
0039 037 217 071 239 000 000 000 000
0053 073 224 109 239 000 000 000 000
