0003 200 198 236 236 000 000 000 000
0004 205 164 247 213 000 000 000 000
0005 217 115 258 175 000 000 000 000
0006 219 090 261 161 000 000 000 000
0007 222 078 262 151 000 000 000 000
0008 221 077 266 143 000 000 000 000
0009 221 076 266 144 000 000 000 000
0010 221 075 263 151 000 000 000 000
0011 221 075 262 149 000 000 000 000
0012 222 075 262 145 000 000 000 000
0013 221 074 262 146 000 000 000 000
0014 221 074 262 147 000 000 000 000
0015 222 075 262 148 000 000 000 000
0016 222 076 262 148 000 000 000 000
0017 221 075 262 149 000 000 000 000
0018 221 076 262 148 000 000 000 000
0019 221 078 261 149 000 000 000 000
0020 219 092 261 154 000 000 000 000
0021 210 127 247 181 000 000 000 000
0022 199 177 237 225 000 000 000 000
0023 186 212 224 239 000 000 000 000
