0001 056 223 080 239 000 000 000 000
0002 056 223 080 239 000 000 000 000
0004 056 223 080 239 000 000 000 000
0012 051 221 078 239 000 000 000 000
0015 133 224 168 239 054 220 084 239
0016 053 214 095 237 107 220 150 238
0017 089 201 139 239 055 202 105 234
0018 061 181 113 231 091 183 131 237
0019 061 172 124 232 000 000 000 000
0020 060 160 119 219 000 000 000 000
0021 055 155 116 215 000 000 000 000
0022 052 155 112 209 000 000 000 000
0023 051 148 111 203 000 000 000 000
0024 050 142 111 197 000 000 000 000
0025 040 143 109 190 000 000 000 000
0026 042 132 108 182 000 000 000 000
0027 042 121 103 172 000 000 000 000
0028 040 105 103 162 000 000 000 000
0029 038 102 104 156 000 000 000 000
0030 041 097 106 151 000 000 000 000
0031 044 087 106 147 000 000 000 000
0032 047 082 107 140 000 000 000 000
0033 048 085 110 142 000 000 000 000
0034 047 081 108 140 000 000 000 000
0035 044 078 103 138 000 000 000 000
0036 049 081 110 134 000 000 000 000
0037 049 077 111 135 000 000 000 000
0038 043 070 106 142 000 000 000 000
0039 048 077 110 135 000 000 000 000
0040 048 077 110 135 000 000 000 000
0041 048 077 110 135 000 000 000 000
0042 048 078 110 135 000 000 000 000
0043 049 077 110 135 000 000 000 000
0044 049 077 109 135 000 000 000 000
0045 049 078 110 136 000 000 000 000
0046 049 077 110 134 000 000 000 000
0047 049 076 110 134 000 000 000 000
0048 045 084 106 140 000 000 000 000
0049 049 075 108 133 000 000 000 000
0050 048 079 110 136 000 000 000 000
0051 048 080 110 138 000 000 000 000
0052 046 083 104 144 000 000 000 000
0053 048 102 113 157 000 000 000 000
0054 057 117 116 173 000 000 000 000
0055 063 155 128 206 000 000 000 000
0056 087 188 129 235 054 187 089 223
0057 056 205 093 235 097 210 143 238
0058 053 210 093 237 116 213 162 234
0059 052 212 088 239 123 217 163 239
0060 056 218 083 237 129 223 164 239
0064 056 223 087 239 000 000 000 000
