0007 238 152 280 193 000 000 000 000
0008 209 098 251 145 000 000 000 000
0009 202 090 244 139 000 000 000 000
0010 204 087 244 133 000 000 000 000
0011 226 093 268 139 000 000 000 000
0012 223 083 263 135 000 000 000 000
0013 222 082 266 134 000 000 000 000
0014 220 083 264 134 000 000 000 000
0015 219 083 264 135 000 000 000 000
0016 219 082 264 134 000 000 000 000
0017 219 081 265 135 000 000 000 000
0018 220 082 264 135 000 000 000 000
0019 219 083 265 136 000 000 000 000
0020 220 083 265 136 000 000 000 000
0021 220 083 265 136 000 000 000 000
0022 219 084 264 137 000 000 000 000
0023 220 085 263 137 000 000 000 000
0024 223 094 264 146 000 000 000 000
0025 236 122 276 172 000 000 000 000
0026 257 202 297 236 000 000 000 000
