0010 155 221 196 239 000 000 000 000
0011 175 185 220 235 000 000 000 000
0012 183 150 227 201 000 000 000 000
0013 182 120 224 174 000 000 000 000
0014 187 092 222 153 000 000 000 000
0015 187 067 217 123 000 000 000 000
0016 187 057 216 115 000 000 000 000
0017 185 051 215 109 000 000 000 000
0018 183 048 213 103 000 000 000 000
0019 183 041 213 099 000 000 000 000
0020 181 039 213 100 000 000 000 000
0021 180 041 212 100 000 000 000 000
0022 181 042 212 102 000 000 000 000
0023 182 044 212 104 000 000 000 000
0024 186 046 214 103 000 000 000 000
0025 185 046 215 105 000 000 000 000
0026 185 047 214 105 000 000 000 000
0027 185 047 215 107 000 000 000 000
0028 183 045 214 107 000 000 000 000
0029 183 047 214 107 000 000 000 000
0030 183 048 214 108 000 000 000 000
0031 183 048 213 109 000 000 000 000
0032 183 048 213 109 000 000 000 000
0033 182 049 213 109 000 000 000 000
0034 182 049 212 109 000 000 000 000
0035 182 051 212 110 000 000 000 000
0036 180 053 211 111 000 000 000 000
0037 177 060 209 118 000 000 000 000
0038 161 100 203 154 000 000 000 000
0039 148 140 194 191 000 000 000 000
0040 130 195 169 234 000 000 000 000
0041 119 210 159 237 000 000 000 000
