0000 100 206 140 235 000 000 000 000
0001 098 195 140 227 000 000 000 000
0002 092 161 139 195 000 000 000 000
0003 094 112 138 150 000 000 000 000
0004 090 080 140 126 000 000 000 000
0005 092 066 140 114 000 000 000 000
0006 092 056 139 105 000 000 000 000
0007 091 056 139 105 000 000 000 000
0008 090 061 138 106 000 000 000 000
0009 094 069 140 114 000 000 000 000
0010 095 097 143 140 000 000 000 000
0011 091 147 140 183 000 000 000 000
0012 096 195 139 229 000 000 000 000
0013 101 206 139 235 000 000 000 000
0014 099 208 140 236 000 000 000 000
0015 100 208 139 235 000 000 000 000
0016 100 208 140 235 000 000 000 000
0017 099 207 140 236 000 000 000 000
