0000 231 209 284 237 000 000 000 000
0001 208 146 258 197 000 000 000 000
0002 188 094 232 154 000 000 000 000
0003 177 070 220 141 000 000 000 000
0004 172 060 214 129 000 000 000 000
0005 168 065 214 132 000 000 000 000
0006 168 069 215 128 000 000 000 000
0007 173 074 218 132 000 000 000 000
0008 175 071 216 133 000 000 000 000
0009 175 071 220 134 000 000 000 000
0010 175 065 219 135 000 000 000 000
0011 176 066 220 129 000 000 000 000
0012 182 074 221 136 000 000 000 000
0013 183 070 224 133 000 000 000 000
0014 184 065 224 132 000 000 000 000
0015 187 067 231 130 000 000 000 000
0016 185 060 232 128 000 000 000 000
0017 193 056 233 125 000 000 000 000
0018 192 063 242 127 000 000 000 000
0019 194 066 247 129 000 000 000 000
0020 204 071 252 135 000 000 000 000
0021 207 077 261 146 000 000 000 000
0022 223 112 272 175 000 000 000 000
0023 239 187 298 239 000 000 000 000
