0000 198 184 218 212 134 188 153 218
0001 198 184 218 213 136 184 156 214
0002 198 184 218 212 139 182 161 211
0003 149 162 172 191 198 183 218 212
0004 198 184 218 211 152 140 184 170
0005 153 116 189 144 198 184 218 211
0006 161 096 196 118 198 183 218 211
0007 198 183 217 211 166 089 196 108
0008 198 183 217 211 000 000 000 000
0009 198 183 217 210 160 075 188 102
0010 198 183 217 211 162 075 193 104
0011 198 183 217 211 000 000 000 000
0012 198 183 217 211 162 075 192 105
0013 198 183 217 211 162 076 192 105
0014 198 184 217 212 156 076 189 103
0015 198 184 217 211 159 073 192 101
0016 198 184 217 211 159 072 192 101
0017 198 184 217 210 160 073 192 099
0018 198 184 217 210 159 073 191 099
0019 198 184 216 210 161 074 192 102
0020 198 184 216 210 160 073 191 103
0021 198 184 216 211 161 074 191 097
0022 198 184 217 211 160 074 192 104
0023 198 184 217 211 160 072 189 097
0024 199 185 217 211 000 000 000 000
0025 198 184 217 211 000 000 000 000
0026 198 185 217 211 000 000 000 000
0027 199 185 217 211 000 000 000 000
0028 199 184 217 211 000 000 000 000
0029 199 184 217 211 161 077 190 108
0030 154 098 192 121 199 185 217 212
0031 152 121 190 144 199 185 217 211
0032 149 147 181 170 199 183 218 211
0033 141 169 167 191 199 184 218 211
0034 199 184 218 211 139 176 161 205
0035 199 184 218 212 133 187 154 211
0036 198 185 218 213 134 187 152 215
0037 198 186 217 213 132 187 152 211
0038 198 185 217 213 136 187 155 216
0039 198 183 217 211 136 188 155 218
0040 198 183 217 211 137 188 155 218
0041 197 184 217 212 137 188 155 218
