0015 154 209 191 239 000 000 000 000
0016 157 149 194 190 000 000 000 000
0017 151 123 191 167 000 000 000 000
0018 151 112 186 156 000 000 000 000
0019 150 110 188 155 000 000 000 000
0020 151 108 188 159 000 000 000 000
0021 153 114 189 160 022 219 054 239
0022 001 172 050 217 152 110 188 157
0023 000 132 048 183 152 109 187 159
0024 000 125 063 173 144 108 182 151
0025 051 145 085 199 137 111 178 155
0026 138 110 178 151 059 140 092 196
0027 036 131 087 182 143 106 183 147
0028 047 130 089 182 141 105 182 146
0029 138 104 179 146 065 129 107 184
0030 137 105 179 148 059 120 100 169
0031 138 106 178 149 063 134 097 183
0032 137 105 178 148 062 138 096 182
0033 138 116 177 159 057 155 094 202
0034 134 139 177 180 056 182 091 239
0035 138 179 182 230 000 000 000 000
0036 150 210 181 239 000 000 000 000
