0005 107 222 141 239 000 000 000 000
0006 094 208 138 238 000 000 000 000
0007 093 192 137 232 153 209 194 239
0008 091 172 146 219 155 184 206 227
0009 097 159 154 206 156 165 208 215
0010 097 146 154 194 148 150 204 201
0011 091 146 150 193 150 142 204 196
0012 078 130 136 178 156 137 214 193
0013 067 125 129 177 167 128 221 185
0014 061 118 118 169 177 123 232 181
0015 057 118 114 170 181 128 237 185
0016 055 120 111 171 182 131 238 186
0017 056 122 112 172 183 132 242 187
0018 057 124 115 172 179 128 235 184
0019 058 125 115 177 179 129 230 185
0020 055 125 115 176 177 133 226 188
0021 056 128 116 180 174 138 225 195
0022 062 134 117 190 172 144 228 204
0023 062 157 120 208 173 152 218 218
0024 081 178 134 228 162 172 216 232
0025 107 210 144 238 167 201 205 237
0026 113 215 148 237 175 218 209 239
