0000 162 217 200 239 090 211 121 239
0001 162 217 200 239 090 212 121 239
0002 162 217 200 239 089 213 120 239
0003 162 217 201 239 089 213 120 239
0004 162 217 201 239 086 214 119 239
0005 161 218 206 239 085 214 119 239
0006 166 213 209 239 083 210 121 239
0007 174 208 215 239 085 213 119 239
0008 087 213 121 239 186 203 230 238
0009 209 151 261 204 082 211 119 237
0010 224 109 273 173 087 209 121 238
0011 234 038 275 110 082 211 120 237
0012 224 000 254 061 086 214 119 239
0013 207 000 234 042 086 214 119 239
0014 085 214 119 239 184 000 213 039
0015 140 001 192 040 081 212 118 236
0016 134 002 187 042 085 213 119 239
0017 137 001 186 044 085 213 119 239
0018 137 001 190 042 085 213 119 239
0019 143 000 199 044 081 212 118 236
0020 166 000 212 046 085 213 119 239
0021 188 020 232 078 084 213 118 239
0022 197 070 241 132 085 213 119 239
0023 197 165 240 222 085 213 119 239
0024 189 208 232 239 085 213 118 239
0025 188 199 233 234 085 213 117 239
