0003 077 222 114 239 000 000 000 000
0004 075 216 114 237 000 000 000 000
0005 075 215 114 236 000 000 000 000
0006 168 209 214 239 076 209 116 237
0007 157 203 205 239 069 206 124 234
0008 154 196 208 235 077 197 132 229
0009 157 188 209 228 080 188 135 225
0010 075 186 140 221 157 183 210 221
0011 155 176 209 219 084 183 134 231
0012 158 173 207 215 090 174 141 231
0013 157 169 209 210 091 172 146 222
0014 159 165 209 204 090 170 146 206
0015 157 166 209 202 096 172 148 202
0016 158 167 210 203 099 171 151 202
0017 100 170 153 213 163 167 214 205
0018 106 167 157 214 162 164 214 206
0019 107 165 157 211 164 158 206 209
0020 108 166 159 210 163 162 213 208
0021 104 161 157 209 165 161 215 205
0022 109 157 153 206 167 162 215 208
0023 166 159 215 208 108 154 157 203
0024 112 154 164 202 174 153 217 206
0025 114 153 163 207 174 153 216 211
0026 117 149 171 210 174 153 218 209
0027 173 157 218 211 121 145 167 210
0028 171 159 220 214 126 140 168 208
0029 172 158 221 214 127 140 174 200
0030 179 151 225 206 128 138 181 184
0031 185 145 226 202 127 140 185 183
0032 124 140 179 182 184 143 229 194
0033 130 144 181 183 183 145 233 192
0034 131 143 182 187 191 146 239 189
0035 132 143 184 188 187 147 241 193
0036 129 142 184 193 193 147 239 193
0037 134 142 188 191 190 145 237 196
0038 134 142 190 191 190 146 237 197
0039 138 141 184 198 189 148 238 192
0040 137 142 187 192 189 147 239 192
0041 136 141 188 190 193 146 239 192
0042 137 139 190 194 192 144 237 195
0043 136 141 191 195 192 147 236 201
0044 133 140 189 194 191 149 231 194
0045 139 142 188 191 193 145 241 194
0046 138 140 190 179 194 146 246 194
0047 198 145 244 198 137 142 202 185
0048 140 139 203 190 195 146 246 197
0049 137 141 203 181 198 142 245 191
0050 136 139 201 174 203 147 252 189
0051 138 139 204 173 199 154 252 193
0052 136 144 198 177 193 157 245 196
0053 131 153 194 184 193 151 238 202
0054 126 170 189 207 190 173 231 223
0055 123 180 180 226 183 184 225 235
0056 177 195 220 236 123 194 176 238
0057 170 201 215 238 117 200 164 237
0058 165 207 211 238 112 210 158 239
0059 161 212 210 239 106 211 150 238
0060 165 219 208 238 106 215 145 239
0061 167 224 206 239 107 216 146 239
