0003 052 206 115 236 000 000 000 000
0004 057 192 107 235 072 158 114 190
0005 061 134 112 169 065 162 113 197
0006 059 135 114 177 078 125 120 158
0007 069 101 116 135 077 148 121 181
0008 066 102 116 138 086 140 131 170
0009 071 121 125 166 000 000 000 000
0010 074 146 124 184 087 102 130 137
0011 088 101 129 138 078 132 125 155
0012 092 111 129 156 079 098 125 132
0013 077 091 125 122 094 136 136 169
0014 076 113 130 155 000 000 000 000
0015 080 143 125 183 095 098 133 132
0016 085 101 128 138 077 132 123 161
0017 086 110 133 150 000 000 000 000
0018 081 151 133 188 070 118 126 150
0019 085 176 129 218 071 142 122 171
0020 072 171 119 208 073 212 107 237
0021 072 194 121 236 000 000 000 000
0022 082 213 127 239 000 000 000 000
