0000 098 213 125 237 123 219 155 238
0001 094 211 123 239 122 221 156 239
0002 089 221 114 239 127 224 156 239
0003 128 222 158 239 083 222 106 239
0004 130 223 159 239 000 000 000 000
0005 044 221 084 239 000 000 000 000
0006 029 211 070 239 000 000 000 000
0007 016 192 053 220 000 000 000 000
0008 004 167 039 192 000 000 000 000
0009 002 129 033 155 000 000 000 000
0010 007 091 038 122 000 000 000 000
0011 019 071 049 101 000 000 000 000
0012 035 038 063 071 000 000 000 000
0013 057 010 087 056 000 000 000 000
0014 081 001 114 041 000 000 000 000
0015 109 005 146 038 000 000 000 000
0016 127 032 173 069 000 000 000 000
0017 153 081 190 119 000 000 000 000
0018 149 132 186 185 000 000 000 000
0019 137 162 179 214 000 000 000 000
0020 110 183 147 239 000 000 000 000
0021 094 209 128 239 000 000 000 000
0022 075 217 105 239 000 000 000 000
0023 072 221 099 239 000 000 000 000
0024 072 222 098 239 000 000 000 000
0025 075 222 099 239 000 000 000 000
0026 077 223 100 239 000 000 000 000
0027 078 221 100 239 000 000 000 000
0029 076 221 099 239 000 000 000 000
0030 076 220 099 239 000 000 000 000
0031 074 221 097 239 000 000 000 000
0032 075 221 098 239 000 000 000 000
0033 076 221 098 239 000 000 000 000
0034 076 221 098 239 000 000 000 000
0035 075 221 098 239 000 000 000 000
0036 076 220 098 239 000 000 000 000
0037 076 221 098 239 000 000 000 000
0038 076 220 098 239 000 000 000 000
0039 076 220 098 239 000 000 000 000
0040 076 220 098 239 000 000 000 000
0041 076 224 096 239 000 000 000 000
0046 076 222 098 239 000 000 000 000
0047 076 222 099 239 000 000 000 000
0048 076 222 098 239 000 000 000 000
0049 075 221 098 239 000 000 000 000
0050 075 221 099 239 000 000 000 000
0051 075 221 099 239 000 000 000 000
0052 075 221 099 239 000 000 000 000
0053 075 221 099 239 000 000 000 000
0054 076 221 098 239 000 000 000 000
0055 076 221 098 239 000 000 000 000
0056 076 221 098 239 000 000 000 000
0057 076 221 098 239 000 000 000 000
0058 076 221 098 239 000 000 000 000
0059 076 221 098 239 000 000 000 000
0060 076 221 098 239 000 000 000 000
0061 077 223 096 239 000 000 000 000
0062 076 223 095 239 000 000 000 000
0063 076 221 098 239 000 000 000 000
0064 076 221 098 239 000 000 000 000
