0000 130 170 157 197 196 212 222 238
0001 196 212 222 238 130 170 157 197
0002 196 212 222 238 130 170 157 198
0003 131 169 157 196 196 211 222 238
0004 196 212 222 238 130 170 158 198
0005 196 212 222 238 131 174 153 196
0006 196 212 222 238 130 170 157 198
0007 130 169 157 198 196 210 222 237
0008 131 169 157 198 196 211 222 237
0009 131 169 157 197 196 211 222 237
0010 131 172 156 194 194 211 223 237
0011 131 169 157 198 195 209 221 237
0012 196 211 222 237 132 174 156 196
0013 196 211 222 237 133 169 155 195
0014 196 211 222 238 131 174 156 195
0015 196 211 222 237 130 168 155 197
0016 196 211 222 237 132 170 158 196
0017 133 169 156 194 196 210 222 237
0018 130 175 155 194 196 210 222 237
0019 131 174 155 194 196 210 222 237
0020 131 170 155 196 196 210 222 237
0021 131 170 156 196 196 209 222 237
0022 132 168 156 195 195 209 221 237
0023 197 209 222 237 131 169 156 197
0024 198 208 222 237 132 174 156 193
0025 199 208 223 237 132 168 154 191
0026 199 208 223 236 132 168 154 192
0027 199 208 226 239 132 168 154 191
0028 132 170 157 195 205 208 227 237
0029 130 166 156 193 212 206 237 237
0030 222 205 245 239 129 167 156 195
0031 246 187 271 228 126 166 153 194
0032 127 170 151 191 270 162 297 189
0033 124 169 151 196 281 131 311 155
0034 125 170 151 196 282 098 310 124
0035 125 169 150 196 272 069 309 099
0036 127 170 151 196 272 052 299 081
0037 127 170 152 196 264 040 293 073
0038 128 170 153 198 263 038 289 068
0039 130 169 156 197 261 034 291 067
0040 130 169 155 197 258 035 296 070
0041 129 174 154 194 263 041 294 071
0042 128 169 153 196 268 046 296 077
0043 127 170 153 196 277 059 306 083
0044 127 170 152 196 278 061 304 084
0045 126 170 151 196 278 062 305 085
0046 126 170 151 196 274 062 305 086
0047 126 169 151 195 278 058 307 083
0048 126 170 151 197 277 062 303 086
0049 126 170 151 197 277 059 303 085
0050 126 170 152 197 275 058 310 085
0051 126 170 151 197 275 059 309 085
0052 126 170 151 197 275 058 310 085
0053 274 056 311 085 126 170 151 196
0054 126 170 151 196 275 057 310 085
0055 126 170 151 196 275 057 310 085
0056 126 170 151 196 276 061 306 086
0057 280 064 310 089 126 170 151 196
0058 127 169 152 196 279 084 312 112
0059 127 170 153 197 265 138 292 167
0060 239 176 266 231 126 169 151 195
0061 219 204 241 239 125 165 151 193
0062 125 165 151 193 207 208 228 235
0063 192 209 221 238 126 166 151 193
0064 126 165 151 193 189 208 221 238
