0009 072 222 114 239 000 000 000 000
0010 054 149 112 210 000 000 000 000
0011 055 117 109 182 000 000 000 000
0012 063 072 114 146 000 000 000 000
0013 067 055 117 122 000 000 000 000
0014 075 049 123 116 000 000 000 000
0015 082 047 125 109 000 000 000 000
0016 080 046 126 107 000 000 000 000
0017 082 047 127 110 000 000 000 000
0018 080 048 127 112 000 000 000 000
0019 082 049 127 114 000 000 000 000
0020 080 050 125 114 000 000 000 000
0021 081 047 122 115 000 000 000 000
0022 078 046 122 116 000 000 000 000
0023 078 046 122 115 000 000 000 000
0024 078 051 124 115 000 000 000 000
0025 077 050 124 116 000 000 000 000
0026 078 047 120 113 000 000 000 000
0027 080 045 121 116 000 000 000 000
0028 080 046 121 114 000 000 000 000
0029 077 049 119 113 000 000 000 000
0030 076 050 124 114 000 000 000 000
0031 079 050 122 125 000 000 000 000
0032 078 065 124 132 000 000 000 000
0033 076 095 128 163 000 000 000 000
0034 078 145 128 202 000 000 000 000
0035 081 211 132 239 000 000 000 000
