0000 116 201 155 239 086 153 113 181
0001 116 197 155 237 000 000 000 000
0002 120 189 157 231 000 000 000 000
0003 125 182 161 211 089 154 119 184
0004 126 177 160 208 088 152 117 183
0005 136 167 165 207 000 000 000 000
0006 145 119 171 157 087 152 114 181
0007 152 059 176 116 085 155 108 183
0008 151 045 176 098 083 154 108 182
0009 149 058 174 095 083 153 108 181
0010 146 072 170 100 000 000 000 000
0011 146 076 171 100 000 000 000 000
0012 147 079 170 102 000 000 000 000
0013 146 079 169 102 083 156 108 182
0014 146 078 169 102 082 153 106 182
0015 145 078 169 102 083 155 109 183
0016 146 078 170 102 083 153 109 182
0017 146 078 170 102 086 151 113 180
0018 145 076 169 101 085 154 113 182
0019 143 069 169 101 086 154 116 183
0020 134 073 163 112 084 152 110 180
0021 120 128 161 169 086 150 116 178
0022 122 167 156 218 085 152 114 180
0023 119 186 150 235 082 153 110 182
0024 114 199 151 238 000 000 000 000
0025 118 207 151 237 000 000 000 000
0026 117 208 151 237 000 000 000 000
0027 118 208 150 237 000 000 000 000
0028 118 208 150 236 000 000 000 000
0029 119 208 149 236 000 000 000 000
0030 119 208 149 236 000 000 000 000
0031 119 208 149 236 000 000 000 000
0032 119 208 149 236 000 000 000 000
0033 119 208 149 236 000 000 000 000
0034 118 208 149 236 000 000 000 000
0035 118 208 149 236 000 000 000 000
0036 115 206 149 239 087 151 113 180
