0001 091 219 122 237 172 222 207 239
0002 158 186 195 234 093 186 133 223
0003 158 153 198 192 093 166 135 206
0004 156 113 195 154 092 131 136 179
0005 099 106 139 145 149 086 191 131
0006 100 090 134 132 145 066 188 110
0007 098 081 133 124 142 061 186 098
0008 102 074 133 116 132 061 181 092
0009 134 061 180 091 104 073 133 115
0010 132 061 179 091 105 070 137 110
0011 134 061 180 089 099 070 139 109
0012 132 060 180 088 106 071 137 110
0013 128 058 184 088 102 074 136 113
0014 130 063 183 090 105 073 136 112
0015 127 062 178 090 108 072 139 107
0016 128 062 179 089 107 072 137 112
0017 126 062 179 089 108 071 139 111
0018 108 072 140 110 129 063 178 089
0019 130 062 178 090 108 071 139 111
0020 130 062 181 089 108 072 139 110
0021 132 063 180 090 109 071 141 109
0022 132 065 176 090 111 070 140 108
0023 132 065 178 091 110 072 138 109
0024 134 066 180 091 109 071 140 114
0025 133 066 181 092 109 070 140 112
0026 129 065 182 094 109 070 138 113
0027 110 074 139 115 130 068 178 089
0028 109 074 139 117 131 069 178 094
0029 109 075 140 119 127 072 180 095
0030 126 072 181 095 109 084 136 123
0031 126 073 180 096 108 085 136 122
0032 108 085 139 127 122 076 177 098
0033 106 083 136 127 121 076 176 100
0034 107 085 138 125 122 078 178 100
0035 107 086 139 128 125 078 179 100
0036 107 085 139 128 124 080 180 102
0037 107 086 139 129 125 080 180 102
0038 107 086 139 128 125 080 179 102
0039 107 085 139 127 125 078 176 100
0040 122 076 179 100 107 084 138 127
0041 107 087 142 129 123 077 179 099
0042 109 085 138 127 128 078 178 102
0043 109 086 138 126 129 079 178 102
0044 111 086 139 128 128 079 179 102
0045 111 086 140 126 130 079 179 103
0046 111 086 140 125 128 080 178 103
0047 111 087 141 127 126 080 182 104
0048 111 088 140 126 131 080 179 105
0049 111 091 143 130 130 081 183 110
0050 108 104 148 143 133 093 188 122
0051 147 130 201 169 093 152 141 201
0052 174 219 207 239 099 222 132 239
