0000 167 210 214 239 062 210 100 239
0001 168 210 213 239 062 214 100 238
0002 170 209 209 237 064 211 101 237
0003 073 201 117 239 169 208 208 237
0004 151 201 197 235 105 163 169 202
0005 116 139 179 170 133 172 193 213
0006 119 131 188 169 000 000 000 000
0007 119 140 183 173 133 112 185 144
0008 131 106 185 140 123 139 180 172
0009 130 125 189 167 000 000 000 000
0010 126 146 177 180 134 116 190 143
0011 126 124 191 164 000 000 000 000
0012 125 113 175 143 124 148 180 178
0013 119 124 184 157 000 000 000 000
0014 123 147 180 178 132 113 182 135
0015 123 125 187 163 000 000 000 000
0016 120 118 167 146 121 148 183 180
0017 112 120 167 150 127 151 185 178
0018 108 133 178 170 000 000 000 000
0019 106 133 177 170 000 000 000 000
0020 108 140 174 177 000 000 000 000
0021 109 142 175 177 000 000 000 000
0022 112 146 175 183 000 000 000 000
0023 115 161 175 205 000 000 000 000
0024 114 179 175 226 000 000 000 000
0025 098 190 149 238 138 197 182 236
0026 078 202 123 239 148 203 187 237
0027 068 209 109 238 149 204 188 236
