0004 140 208 176 237 000 000 000 000
0005 151 180 183 235 000 000 000 000
0006 158 153 193 223 000 000 000 000
0007 166 139 204 208 000 000 000 000
0008 178 126 212 194 000 000 000 000
0009 184 118 222 183 000 000 000 000
0010 190 109 228 174 000 000 000 000
0011 197 100 232 166 000 000 000 000
0012 199 096 236 163 000 000 000 000
0013 202 094 239 158 000 000 000 000
0014 202 092 240 151 000 000 000 000
0015 198 094 242 149 000 000 000 000
0016 194 092 235 146 000 000 000 000
0017 170 092 216 148 000 000 000 000
0018 163 093 208 150 000 000 000 000
0019 160 092 207 150 000 000 000 000
0020 158 091 206 148 000 000 000 000
0021 158 092 204 148 000 000 000 000
0022 157 093 203 149 000 000 000 000
0023 157 093 203 150 000 000 000 000
0024 157 092 203 151 000 000 000 000
0025 163 088 199 150 000 000 000 000
0026 178 097 222 153 000 000 000 000
0027 197 106 243 162 000 000 000 000
0028 208 106 252 163 000 000 000 000
0029 211 098 255 159 000 000 000 000
0030 207 100 252 158 000 000 000 000
0031 207 099 251 157 000 000 000 000
0032 207 098 252 156 000 000 000 000
0033 204 095 253 156 000 000 000 000
0034 204 096 250 154 000 000 000 000
0035 196 091 236 151 000 000 000 000
0036 172 089 218 151 000 000 000 000
0037 167 089 214 149 000 000 000 000
0038 165 090 209 147 000 000 000 000
0039 160 090 207 148 000 000 000 000
0040 159 089 205 148 000 000 000 000
0041 158 089 204 147 000 000 000 000
0042 159 090 202 146 000 000 000 000
0043 157 088 206 145 000 000 000 000
0044 156 087 204 145 000 000 000 000
0045 156 088 204 146 000 000 000 000
0046 158 083 198 151 000 000 000 000
0047 159 091 201 152 000 000 000 000
0048 169 107 223 161 000 000 000 000
0049 192 106 234 161 000 000 000 000
0050 202 109 244 163 000 000 000 000
0051 203 113 246 164 000 000 000 000
0052 205 108 247 163 000 000 000 000
0053 202 111 246 164 000 000 000 000
0054 201 110 246 163 000 000 000 000
0055 201 107 244 162 000 000 000 000
0056 199 107 243 162 000 000 000 000
0057 196 106 242 161 000 000 000 000
0058 189 091 229 160 000 000 000 000
0059 177 092 217 159 000 000 000 000
0060 164 091 207 152 000 000 000 000
0061 157 091 205 152 000 000 000 000
0062 151 086 200 149 000 000 000 000
0063 147 086 196 148 000 000 000 000
0064 146 085 194 148 000 000 000 000
0065 146 085 194 148 000 000 000 000
0066 146 086 194 148 000 000 000 000
0067 145 085 194 150 000 000 000 000
0068 145 088 193 152 000 000 000 000
0069 146 098 183 167 000 000 000 000
0070 141 131 182 190 000 000 000 000
0071 134 165 167 219 000 000 000 000
0072 118 214 158 237 000 000 000 000
0087 183 217 207 239 000 000 000 000
