0002 081 210 133 237 000 000 000 000
0003 090 157 124 218 112 155 145 223
0004 101 126 132 193 118 128 148 200
0005 107 112 128 162 123 105 150 173
0006 128 072 152 153 112 072 135 146
0007 125 051 151 136 114 057 134 130
0008 115 044 137 122 130 048 156 122
0009 129 042 154 114 116 038 136 115
0010 113 041 133 106 124 035 149 110
0011 113 036 133 106 128 037 153 106
0012 120 039 141 106 000 000 000 000
0013 120 036 141 107 000 000 000 000
0014 114 035 136 107 127 038 152 109
0015 113 039 133 109 124 036 148 109
0016 114 039 133 108 124 036 148 109
0017 114 039 133 109 124 037 148 109
0018 115 035 136 108 128 038 151 112
0019 114 039 132 106 125 037 148 109
0020 113 039 132 108 125 037 148 110
0021 113 041 132 109 125 039 150 110
0022 113 038 135 120 125 042 147 113
0023 109 052 130 128 121 055 148 129
0024 121 083 148 156 103 082 126 150
0025 103 119 132 181 000 000 000 000
0026 091 161 134 221 000 000 000 000
0027 082 209 127 239 000 000 000 000
0028 076 220 116 239 000 000 000 000
