0000 144 208 192 238 069 209 106 239
0001 142 207 187 239 069 208 105 239
0002 142 205 191 238 075 211 108 237
0003 136 194 190 237 074 211 108 236
0004 133 185 189 233 074 211 107 236
0005 132 173 188 222 074 211 107 236
0006 128 159 188 207 069 210 106 239
0007 127 151 189 196 074 212 107 235
0008 132 141 186 185 069 209 106 239
0009 134 133 186 175 074 211 107 236
0010 133 126 185 168 069 209 105 239
0011 131 119 183 162 069 210 105 239
0012 132 116 182 158 069 209 106 239
0013 130 112 185 156 069 209 106 239
0014 130 112 182 154 074 210 107 236
0015 131 111 183 153 074 210 107 236
0016 133 111 183 153 074 210 107 236
0017 135 111 184 153 074 211 107 236
0018 137 111 187 153 074 211 107 236
0019 138 114 190 157 074 211 107 236
0020 138 113 190 157 074 210 107 236
0021 138 115 189 156 074 211 107 236
0022 138 112 190 157 074 211 107 236
0023 138 113 190 156 074 211 107 236
0024 137 111 189 155 074 211 107 236
0025 137 111 188 154 074 211 107 236
0026 137 111 189 154 074 210 107 236
0027 137 110 188 153 074 210 107 236
0028 138 109 187 152 074 209 107 236
0029 138 109 187 152 074 210 107 236
0030 138 109 187 152 075 210 107 236
0031 138 109 186 152 074 210 107 236
0032 138 109 187 152 075 210 108 236
0033 137 109 186 153 075 210 107 236
0034 137 110 186 153 075 210 107 236
0035 137 110 187 154 075 210 107 236
0036 137 111 187 155 073 210 107 236
0037 136 115 185 156 073 210 107 236
0038 135 119 184 163 073 210 107 237
0039 136 138 185 181 073 210 107 237
0040 131 164 188 216 073 210 107 236
0041 133 194 185 238 073 210 107 236
0042 141 205 187 238 074 211 107 237
0043 074 210 107 237 142 209 190 238
0044 074 211 107 237 141 208 194 236
0045 074 210 107 237 142 210 188 238
0046 074 211 107 237 144 206 189 238
