0008 164 222 205 238 000 000 000 000
0009 169 155 209 203 000 000 000 000
0010 170 068 209 135 000 000 000 000
0011 185 031 222 097 000 000 000 000
0012 207 008 248 067 000 000 000 000
0013 151 060 191 105 000 000 000 000
0014 160 056 209 105 000 000 000 000
0015 218 044 258 107 000 000 000 000
0016 183 073 228 124 000 000 000 000
0017 156 099 204 140 000 000 000 000
0018 167 095 209 137 099 216 131 239
0019 095 193 136 239 168 093 215 131
0020 089 137 140 200 177 075 225 110
0021 080 071 125 111 183 051 221 086
0022 081 055 120 089 182 045 220 080
0023 091 065 133 101 173 059 215 101
0024 151 103 205 155 090 105 146 170
0025 080 162 132 221 147 141 208 191
0026 075 139 128 210 161 103 224 153
0027 076 112 124 178 165 078 223 127
0028 077 078 122 121 179 048 226 088
0029 080 065 120 101 181 037 222 078
0030 088 072 130 113 176 053 212 100
0031 140 104 203 157 083 118 138 168
0032 066 145 127 197 135 141 205 188
0033 063 145 126 195 136 122 205 172
0034 140 110 205 156 073 141 125 192
0035 150 110 211 153 077 143 123 204
0036 161 115 215 155 079 158 126 216
0037 086 190 138 239 170 157 209 203
0038 164 189 203 235 093 206 145 238
0039 162 208 198 239 098 215 138 239
0040 163 209 199 239 102 221 139 236
0041 158 215 196 239 000 000 000 000
0042 158 223 198 239 000 000 000 000
0043 159 223 198 239 000 000 000 000
