0000 138 197 172 237 000 000 000 000
0001 139 154 173 194 000 000 000 000
0002 139 131 173 174 000 000 000 000
0003 136 105 173 145 000 000 000 000
0004 135 086 171 127 000 000 000 000
0005 136 064 178 117 000 000 000 000
0006 146 059 184 118 000 000 000 000
0007 152 070 196 124 000 000 000 000
0008 160 074 196 134 000 000 000 000
0009 157 086 189 141 000 000 000 000
0010 153 093 184 142 000 000 000 000
0011 150 096 179 141 000 000 000 000
0012 151 096 180 142 000 000 000 000
0013 155 098 185 145 000 000 000 000
0014 155 105 184 150 000 000 000 000
0015 155 119 184 164 000 000 000 000
0016 154 147 183 189 000 000 000 000
0017 152 184 185 234 000 000 000 000
