0005 132 183 190 232 000 000 000 000
0006 153 157 207 201 000 000 000 000
0007 174 136 238 183 000 000 000 000
0008 193 127 254 173 000 000 000 000
0009 199 122 263 169 000 000 000 000
0010 207 121 268 164 000 000 000 000
0011 208 120 269 166 000 000 000 000
0012 209 120 269 162 000 000 000 000
0013 209 120 269 162 000 000 000 000
0014 209 120 269 162 000 000 000 000
0015 207 117 269 161 000 000 000 000
0016 207 120 270 162 000 000 000 000
0017 200 117 269 163 000 000 000 000
0018 190 122 253 176 000 000 000 000
0019 163 147 218 197 000 000 000 000
0020 131 176 198 230 000 000 000 000
0021 102 211 144 239 000 000 000 000
