0000 152 178 203 223 200 200 237 236
0001 156 190 200 234 200 199 237 236
0002 156 200 201 237 200 199 238 235
0003 200 198 238 236 157 204 198 237
0004 158 201 199 237 200 198 238 235
0005 159 202 200 237 200 199 238 235
0006 160 198 203 237 202 199 237 235
0007 157 190 207 239 200 199 237 234
0008 158 174 208 222 203 199 236 235
0009 156 152 210 191 199 200 237 236
0010 147 134 210 167 200 200 237 236
0011 200 200 237 236 147 123 211 153
0012 199 200 236 236 144 119 207 148
0013 198 200 237 237 142 118 207 148
0014 198 200 237 237 145 117 209 147
0015 198 200 237 237 150 118 219 149
0016 198 200 237 237 159 117 223 149
0017 198 200 237 237 158 117 227 153
0018 199 200 238 236 150 124 223 157
0019 134 124 197 164 199 200 238 236
0020 122 129 186 169 198 199 237 237
0021 198 200 237 237 112 134 175 174
0022 198 200 236 236 109 132 172 171
0023 117 131 187 170 197 200 236 236
0024 136 127 199 166 199 200 237 236
0025 199 200 237 236 153 128 221 166
0026 199 200 237 236 154 130 222 163
0027 199 199 237 236 149 127 220 163
0028 200 200 237 236 132 124 196 162
0029 129 124 188 163 200 201 237 236
0030 199 201 237 236 123 125 184 162
0031 199 200 238 237 122 125 184 163
0032 199 200 237 236 133 125 193 163
0033 143 126 210 163 198 200 237 237
0034 199 200 237 236 161 123 228 158
0035 199 199 237 236 163 126 225 160
0036 200 200 238 236 152 124 221 164
0037 139 131 205 168 200 200 237 236
0038 128 127 186 172 200 200 237 236
0039 199 200 237 236 123 129 188 175
0040 199 200 236 237 122 131 182 176
0041 199 199 237 237 125 131 181 179
0042 129 133 180 188 199 199 237 237
0043 199 199 237 237 131 144 184 184
0044 199 200 237 237 133 156 183 196
0045 134 181 181 224 199 200 237 236
0046 138 201 179 237 200 200 237 236
0047 200 201 236 236 133 215 174 239
0048 199 200 237 236 128 219 171 239
0049 199 201 237 236 000 000 000 000
0050 199 200 237 236 000 000 000 000
0051 200 201 237 236 000 000 000 000
0052 200 201 237 236 000 000 000 000
0053 199 201 237 237 000 000 000 000
