0012 183 223 218 239 000 000 000 000
0013 187 189 257 239 000 000 000 000
0014 194 159 255 225 000 000 000 000
0015 197 136 262 200 000 000 000 000
0016 197 124 263 189 000 000 000 000
0017 197 121 267 179 000 000 000 000
0018 196 110 266 172 000 000 000 000
0019 192 102 260 169 000 000 000 000
0020 192 097 261 162 000 000 000 000
0021 188 089 259 158 000 000 000 000
0022 183 088 253 156 000 000 000 000
0023 185 077 250 156 000 000 000 000
0024 183 078 249 144 000 000 000 000
0025 178 076 247 142 000 000 000 000
0026 178 072 244 143 000 000 000 000
0027 176 067 242 137 000 000 000 000
0028 178 071 241 137 000 000 000 000
0029 176 065 242 137 000 000 000 000
0030 180 072 243 140 000 000 000 000
0031 176 067 243 139 000 000 000 000
0032 181 071 246 145 000 000 000 000
0033 183 079 246 158 000 000 000 000
0034 189 098 249 166 000 000 000 000
0035 192 118 256 182 000 000 000 000
0036 191 142 255 208 000 000 000 000
0037 192 170 259 230 000 000 000 000
0038 190 196 248 239 000 000 000 000
