0007 099 216 136 239 018 220 051 239
0008 093 204 132 239 020 209 062 237
0009 089 187 130 239 029 189 074 239
0010 034 171 079 233 091 171 127 233
0011 086 156 131 215 039 161 082 219
0012 087 145 131 198 042 149 086 200
0013 085 139 128 189 044 146 090 192
0014 085 143 120 199 047 149 090 200
0015 085 146 124 196 050 150 092 202
0016 085 146 119 206 051 153 091 205
0017 053 151 090 208 086 148 124 205
0018 085 149 124 208 051 157 092 210
0019 087 150 125 205 051 158 089 210
0020 052 157 093 210 082 155 125 214
0021 052 159 094 210 087 151 126 211
0022 052 158 093 211 087 152 125 211
0023 088 151 125 210 052 158 094 213
0024 049 157 093 210 088 151 125 210
0025 052 155 094 209 088 151 126 209
0026 053 158 093 210 087 152 125 210
0027 052 159 094 212 087 154 125 213
0028 086 156 125 217 049 165 092 219
0029 085 168 127 225 047 174 090 228
0030 091 185 131 239 035 195 083 239
0031 025 210 076 239 098 209 136 235
