0000 149 205 177 234 105 203 136 238
0001 107 204 137 234 149 205 177 234
0002 107 202 138 233 148 204 178 239
0003 149 205 177 234 107 201 139 237
0004 149 205 177 235 108 200 140 233
0005 108 202 141 236 145 203 180 238
0006 109 201 139 234 148 208 177 239
0007 110 199 141 231 149 203 177 239
0008 114 195 144 228 147 198 182 234
0009 111 190 143 227 148 194 176 227
0010 111 186 141 222 147 186 176 222
0011 147 168 175 198 110 171 140 204
0012 150 141 178 168 104 143 133 170
0013 100 120 126 149 157 121 182 146
0014 167 100 194 130 092 093 117 124
0015 077 077 107 111 181 084 207 114
0016 199 073 226 103 057 065 086 099
0017 034 054 061 088 219 061 246 095
0018 014 048 043 086 232 056 260 093
0019 000 049 025 087 245 054 276 091
0020 248 070 283 094 000 064 019 096
0021 248 076 286 098 000 073 018 103
0022 247 077 286 099 000 076 018 106
0023 248 075 285 097 000 075 017 105
0024 252 074 286 094 001 075 017 104
0025 249 075 285 097 000 075 016 105
0026 250 074 288 098 000 000 000 000
0027 249 075 288 099 001 076 016 110
0028 251 075 288 098 001 077 019 105
0029 251 069 286 089 000 069 016 092
0030 242 044 271 073 000 040 025 069
0031 009 025 038 054 216 029 257 064
0032 021 008 049 041 210 016 253 055
0033 026 009 053 037 208 018 251 057
0034 026 009 054 038 204 017 251 058
0035 021 014 052 042 210 023 245 058
0036 005 030 036 059 236 041 270 066
0037 000 041 026 077 247 048 278 079
0038 001 057 018 086 250 070 291 090
0039 252 068 286 088 000 059 021 082
0040 000 041 026 073 247 049 279 075
0041 007 026 040 057 236 037 266 064
0042 018 010 050 042 214 020 251 057
0043 195 006 245 060 032 008 062 032
0044 196 006 236 053 034 002 062 029
0045 034 003 064 030 199 005 238 052
0046 198 006 238 053 032 002 059 032
0047 196 005 238 052 029 003 058 032
0048 027 002 057 030 197 005 236 046
0049 027 003 057 030 206 005 236 045
0050 031 002 059 031 202 005 229 042
0051 199 014 228 050 036 006 064 040
0052 048 022 075 063 194 028 222 062
0053 191 044 218 078 054 036 080 083
0054 061 067 086 108 183 067 218 101
0055 067 098 094 138 183 090 209 121
0056 176 125 203 161 081 137 111 172
0057 092 163 120 204 170 157 198 197
0058 095 180 129 221 163 178 191 220
0059 098 200 128 236 157 198 185 234
0060 102 206 133 237 152 205 181 236
0061 100 204 135 236 152 204 179 239
