0006 113 218 148 239 000 000 000 000
0007 105 193 146 236 192 209 230 239
0008 098 161 141 202 178 177 218 221
0009 097 128 138 164 164 132 204 169
0010 153 113 194 151 100 114 142 149
0011 138 106 186 142 100 105 143 141
0012 136 106 182 139 102 104 144 138
0013 136 105 180 141 101 103 146 139
0014 138 106 182 142 099 106 142 139
0015 142 105 186 142 100 106 138 139
0016 088 104 128 140 164 106 202 144
0017 081 107 118 142 183 109 219 144
0018 071 107 111 149 192 111 228 148
0019 072 115 107 161 200 120 232 156
0020 076 112 117 168 189 124 228 165
0021 083 115 128 164 172 130 216 168
0022 089 114 138 158 158 123 206 160
0023 093 107 142 146 144 114 192 149
0024 141 109 187 143 093 105 144 140
0025 139 108 187 143 092 105 144 139
0026 139 109 187 145 092 105 143 140
0027 092 105 144 140 139 110 187 145
0028 093 106 143 140 138 110 187 145
0029 093 105 142 140 139 111 187 145
0030 093 106 142 140 139 111 187 145
0031 093 106 142 140 139 111 187 145
0032 139 111 187 146 093 104 138 139
0033 092 107 141 144 139 111 186 144
0034 093 110 141 145 140 113 183 143
0035 088 114 143 147 143 109 189 142
0036 087 130 140 165 148 099 203 130
0037 088 170 134 213 154 101 208 129
0038 156 101 214 125 086 194 125 237
0039 163 078 216 114 083 210 118 239
0040 156 090 209 126 000 000 000 000
0041 148 097 210 125 000 000 000 000
0042 145 084 193 125 000 000 000 000
0043 132 105 195 138 000 000 000 000
0044 136 083 188 122 000 000 000 000
0045 108 107 176 139 000 000 000 000
0046 115 106 174 133 000 000 000 000
0047 109 089 153 129 000 000 000 000
0048 081 111 150 144 000 000 000 000
0049 091 094 146 130 000 000 000 000
0050 069 107 136 138 000 000 000 000
0051 084 104 141 145 000 000 000 000
0052 077 096 130 132 000 000 000 000
0053 066 113 132 148 000 000 000 000
0054 078 102 133 133 000 000 000 000
0055 057 102 116 139 000 000 000 000
0056 072 109 130 148 000 000 000 000
0057 073 101 123 136 000 000 000 000
0058 068 118 129 148 000 000 000 000
0059 091 118 144 148 000 000 000 000
0060 131 134 173 174 000 000 000 000
0061 166 173 204 218 000 000 000 000
0062 191 208 229 236 000 000 000 000
