0004 088 188 128 237 182 194 223 238
0005 092 153 127 206 184 158 233 210
0006 176 131 214 175 103 125 137 175
0007 116 117 147 158 164 111 198 161
0008 155 116 184 157 126 116 157 150
0009 152 121 184 159 127 118 157 157
0010 150 123 184 161 127 125 157 159
0011 151 124 183 165 124 124 153 161
0012 150 123 183 166 123 123 153 162
0013 148 124 183 166 123 123 153 164
0014 149 123 183 169 124 121 152 160
0015 147 124 183 167 123 125 153 165
0016 150 125 183 167 124 126 152 166
0017 148 127 183 165 124 125 151 160
0018 148 126 183 172 125 126 151 166
0019 150 130 183 175 125 130 151 173
0020 146 145 184 191 121 146 151 187
0021 150 180 183 228 120 180 152 224
0022 115 217 151 236 153 216 189 239
