0003 130 177 173 225 000 000 000 000
0004 162 121 233 181 000 000 000 000
0005 176 107 247 168 000 000 000 000
0006 190 093 253 154 000 000 000 000
0007 192 098 256 153 000 000 000 000
0008 195 108 252 157 000 000 000 000
0009 198 110 246 158 000 000 000 000
0010 193 099 260 156 000 000 000 000
0011 196 107 254 158 000 000 000 000
0012 193 101 260 155 000 000 000 000
0013 197 108 251 160 000 000 000 000
0014 198 093 264 153 000 000 000 000
0015 195 103 258 154 000 000 000 000
0016 194 102 260 156 000 000 000 000
0017 194 097 265 153 000 000 000 000
0018 192 105 263 156 000 000 000 000
0019 193 105 257 155 000 000 000 000
0020 192 103 263 156 000 000 000 000
0021 193 102 260 155 000 000 000 000
0022 193 101 259 158 000 000 000 000
0023 185 106 258 160 000 000 000 000
0024 173 111 247 174 165 212 201 238
0025 145 141 209 203 000 000 000 000
0026 112 195 158 236 000 000 000 000
