0000 194 204 237 238 000 000 000 000
0001 195 204 237 238 108 213 142 239
0002 087 201 126 237 195 205 238 237
0003 043 166 097 209 195 206 238 237
0004 022 138 079 176 194 206 237 237
0005 021 113 076 152 193 204 238 238
0006 193 204 238 238 032 100 078 144
0007 193 204 237 238 030 100 074 137
0008 028 097 079 135 193 203 237 238
0009 194 203 237 238 029 095 084 134
0010 029 095 083 133 194 203 237 238
0011 029 094 082 133 194 203 237 238
0012 194 204 238 238 029 094 083 133
0013 030 094 082 132 194 204 238 238
0014 194 204 239 238 030 093 084 132
0015 031 094 081 133 194 204 238 238
0016 031 093 082 133 194 204 238 238
0017 194 205 239 238 031 095 084 133
0018 030 096 084 137 194 205 239 238
0019 031 097 085 137 194 205 239 238
0020 030 097 085 138 194 205 239 238
0021 194 205 239 238 030 100 087 140
0022 030 103 084 145 194 205 239 238
0023 041 133 090 179 193 205 239 238
0024 193 205 239 238 069 169 101 223
0025 193 204 240 238 091 190 126 239
0026 112 205 148 239 195 204 239 238
0027 195 204 238 238 117 210 155 239
0028 194 204 238 238 121 217 155 239
0029 195 204 238 238 120 217 160 236
