0007 142 204 184 237 000 000 000 000
0008 147 169 196 234 000 000 000 000
0009 158 122 207 203 000 000 000 000
0010 166 099 213 177 000 000 000 000
0011 171 081 220 160 000 000 000 000
0012 173 069 222 147 000 000 000 000
0013 175 066 225 144 000 000 000 000
0014 177 061 226 139 000 000 000 000
0015 178 061 226 136 000 000 000 000
0016 177 060 226 136 000 000 000 000
0017 179 059 227 134 000 000 000 000
0018 176 058 227 137 000 000 000 000
0019 180 057 223 133 000 000 000 000
0020 176 056 227 136 000 000 000 000
0021 177 056 227 136 000 000 000 000
0022 177 057 227 136 000 000 000 000
0023 180 059 227 135 000 000 000 000
0024 181 060 227 136 000 000 000 000
0025 180 060 226 135 000 000 000 000
0026 177 058 226 135 000 000 000 000
0027 176 062 221 141 000 000 000 000
0028 169 076 214 161 000 000 000 000
0029 159 095 209 173 000 000 000 000
0030 149 139 192 214 000 000 000 000
0031 138 174 179 230 000 000 000 000
0032 125 221 163 239 000 000 000 000
