0002 151 213 196 239 000 000 000 000
0003 139 152 192 196 000 000 000 000
0004 131 126 187 165 000 000 000 000
0005 126 107 182 149 000 000 000 000
0006 123 098 179 143 000 000 000 000
0007 123 100 177 144 000 000 000 000
0008 125 098 179 144 000 000 000 000
0009 129 092 183 142 000 000 000 000
0010 143 095 194 145 000 000 000 000
0011 150 095 193 147 000 000 000 000
0012 156 103 207 151 000 000 000 000
0013 163 102 216 141 000 000 000 000
0014 169 092 221 131 000 000 000 000
0015 177 063 228 118 000 000 000 000
0016 190 056 232 117 000 000 000 000
0017 200 065 241 120 000 000 000 000
0018 204 070 246 126 000 000 000 000
0019 207 080 256 136 000 000 000 000
0020 210 091 266 139 000 000 000 000
0021 212 094 268 135 000 000 000 000
0022 215 090 271 127 000 000 000 000
0023 220 080 276 127 000 000 000 000
0024 229 080 285 130 000 000 000 000
0025 232 076 287 129 000 000 000 000
0026 237 084 298 132 000 000 000 000
0027 240 084 298 134 000 000 000 000
0028 239 081 298 133 000 000 000 000
0029 236 085 294 134 000 000 000 000
0030 231 088 281 133 000 000 000 000
0031 222 087 266 130 000 000 000 000
0032 205 079 252 123 000 000 000 000
0033 186 067 235 113 000 000 000 000
0034 172 060 223 110 000 000 000 000
0035 166 064 215 111 000 000 000 000
0036 164 066 214 117 000 000 000 000
0037 163 065 210 119 000 000 000 000
0038 164 072 214 122 000 000 000 000
0039 168 074 215 125 000 000 000 000
0040 169 074 216 127 000 000 000 000
0041 170 074 215 127 000 000 000 000
0042 166 078 213 132 000 000 000 000
0043 170 074 215 126 000 000 000 000
0044 170 073 215 126 000 000 000 000
0045 170 073 215 126 000 000 000 000
0046 167 078 213 131 000 000 000 000
0047 162 083 216 134 000 000 000 000
0048 153 111 206 167 000 000 000 000
0049 151 151 209 201 000 000 000 000
0050 151 211 200 239 000 000 000 000
