0000 140 214 181 239 000 000 000 000
0001 138 208 179 239 000 000 000 000
0002 137 198 178 238 050 217 087 236
0003 131 188 175 238 055 203 098 236
0004 131 173 173 222 061 184 107 232
0005 067 173 113 217 128 166 168 213
0006 073 159 120 203 123 157 163 200
0007 079 155 121 197 119 149 160 195
0008 119 148 157 197 084 150 121 198
0009 079 151 123 191 119 148 156 195
0010 118 149 156 197 080 150 122 191
0011 085 148 122 196 120 148 155 197
0012 081 151 122 190 118 148 155 193
0013 120 147 155 197 084 149 124 190
0014 121 145 155 196 083 149 125 190
0015 121 148 154 196 083 151 123 193
0016 082 157 125 201 121 152 154 204
0017 081 158 127 203 121 155 153 205
0018 081 157 126 203 121 155 153 204
0019 080 156 127 203 120 155 153 205
0020 080 158 127 205 120 156 153 207
0021 080 159 126 206 120 156 153 203
0022 080 159 126 205 120 156 153 205
0023 081 159 125 205 120 156 153 203
0024 083 158 123 205 118 156 152 203
0025 082 156 123 204 118 155 152 205
0026 082 156 124 204 117 154 153 205
0027 113 163 154 210 083 163 124 207
0028 118 168 154 222 083 171 125 221
0029 083 178 122 236 119 178 151 234
0030 118 199 157 239 074 197 117 238
0031 061 212 101 239 127 214 167 239
