0000 112 179 132 214 183 173 203 209
0001 112 179 132 213 183 173 204 210
0002 112 179 132 214 182 173 203 211
0003 181 173 203 210 112 179 132 215
0004 112 179 132 215 181 172 202 210
0005 112 179 132 215 182 170 202 205
0006 179 151 203 180 112 178 131 215
0007 175 124 200 147 112 179 131 215
0008 170 090 197 126 112 179 131 215
0009 162 071 189 109 112 178 131 215
0010 160 068 185 101 112 178 132 214
0011 156 073 184 097 113 178 133 214
0012 152 071 182 096 111 178 130 212
0013 150 069 180 100 111 178 130 212
0014 149 070 180 100 110 178 130 212
0015 111 178 130 212 149 068 180 099
0016 149 069 179 100 112 179 130 212
0017 149 069 179 101 111 180 130 214
0018 111 180 130 214 147 069 179 102
0019 111 180 130 213 153 067 181 102
0020 166 067 189 101 111 180 130 213
0021 112 180 130 213 178 076 198 108
0022 110 180 128 209 184 088 209 118
0023 111 179 130 212 190 127 216 152
0024 187 149 219 174 111 179 130 213
0025 188 159 216 189 111 179 130 213
0026 190 169 211 199 113 179 132 213
0027 112 179 132 213 188 172 208 202
0028 113 180 132 214 183 176 202 208
0029 113 180 132 214 182 173 202 205
0030 113 179 132 214 181 172 201 204
0031 112 179 131 214 183 173 202 204
