0000 162 195 186 235 066 207 093 238
0001 162 196 186 235 067 207 093 238
0002 162 196 186 235 066 208 094 236
0003 066 208 093 236 163 194 186 234
0004 163 191 187 232 066 208 093 238
0005 066 208 093 236 165 183 189 222
0006 066 208 094 236 171 156 195 197
0007 172 137 198 165 065 206 092 238
0008 176 103 199 137 065 206 092 239
0009 174 072 200 117 062 206 097 238
0010 173 059 198 103 065 208 092 238
0011 176 054 200 095 065 213 093 239
0012 176 053 202 095 065 213 094 239
0013 171 052 196 097 063 212 092 239
0014 158 060 183 098 061 209 088 236
0015 150 061 179 099 060 212 089 239
0016 158 062 183 095 063 209 093 239
0017 163 056 187 095 063 211 092 239
0018 163 053 188 096 063 208 089 235
0019 154 058 182 099 060 211 089 239
0020 153 059 180 095 059 209 088 236
0021 162 058 185 093 061 211 088 239
0022 163 055 188 097 063 208 091 239
0023 151 059 180 101 063 208 091 239
0024 156 059 182 097 063 210 089 239
0025 164 058 187 095 060 211 090 239
0026 163 057 188 099 062 209 089 239
0027 151 059 180 102 061 210 090 239
0028 151 063 180 098 061 211 090 239
0029 162 064 186 097 061 211 090 239
0030 162 059 186 098 063 209 089 235
0031 153 063 182 104 063 211 092 239
0032 158 062 184 096 061 210 090 237
0033 165 059 189 099 063 208 090 235
0034 157 060 184 100 063 211 092 239
0035 154 063 181 100 063 208 090 235
0036 161 064 185 096 063 212 092 239
0037 164 060 189 100 063 208 089 235
0038 154 062 182 100 063 211 092 239
0039 156 063 183 099 063 211 092 239
0040 164 062 189 100 064 212 093 239
0041 166 058 192 105 064 213 094 239
0042 158 061 184 100 063 209 090 237
0043 153 064 182 103 064 212 093 239
0044 157 063 183 100 063 211 093 239
0045 165 061 191 098 063 211 093 239
0046 166 059 191 103 064 212 093 239
0047 158 065 184 105 064 211 093 239
0048 150 066 179 104 063 212 091 239
0049 156 064 182 100 063 211 092 239
0050 163 063 189 101 063 211 092 239
0051 168 059 193 102 064 211 093 239
0052 168 059 193 102 064 212 093 239
0053 161 061 186 103 063 211 093 239
0054 151 064 179 105 061 210 090 239
0055 149 061 178 100 062 209 090 239
0056 157 060 184 099 064 211 094 239
0057 162 060 187 101 065 213 093 239
0058 164 059 190 102 065 213 093 239
0059 163 061 188 103 065 213 094 239
0060 156 063 182 106 063 212 092 239
0061 149 060 178 105 060 212 090 239
0062 144 059 172 101 061 211 091 239
0063 148 059 176 098 064 212 094 239
0064 154 058 179 097 065 213 093 239
0065 158 060 184 100 065 213 093 239
0066 162 060 186 102 064 213 093 239
0067 161 060 187 105 061 212 090 239
0068 158 060 183 103 061 214 089 239
0069 151 060 178 104 061 213 088 239
0070 148 059 175 101 063 208 093 239
0071 152 060 178 098 064 212 093 239
0072 160 061 184 099 065 212 093 239
0073 163 061 189 102 065 212 093 239
0074 164 061 189 104 065 210 091 238
0075 159 060 183 103 062 209 088 238
0076 152 060 177 103 060 211 088 239
0077 152 060 179 102 060 211 088 239
0078 157 062 183 100 062 209 090 235
0079 164 066 188 105 065 212 094 239
0080 167 072 191 114 066 211 095 239
0081 168 092 192 128 065 212 094 239
0082 064 213 093 239 164 118 190 153
0083 065 213 093 239 162 139 187 169
0084 064 213 093 239 157 169 181 205
0085 150 190 176 229 066 211 095 239
