0005 204 211 249 239 000 000 000 000
0006 220 125 261 185 000 000 000 000
0007 217 071 258 120 000 000 000 000
0008 213 033 253 079 000 000 000 000
0009 209 013 245 055 000 000 000 000
0010 153 014 200 067 000 000 000 000
0011 145 020 191 069 000 000 000 000
0012 146 017 185 066 000 000 000 000
0013 144 021 190 069 000 000 000 000
0014 144 023 198 075 000 000 000 000
0015 151 036 203 080 000 000 000 000
0016 169 083 221 139 000 000 000 000
0017 182 194 220 239 000 000 000 000
0018 174 223 208 239 000 000 000 000
