0000 107 222 129 239 000 000 000 000
0001 089 215 113 237 000 000 000 000
0002 052 193 085 222 000 000 000 000
0003 025 160 063 187 000 000 000 000
0004 016 131 049 154 000 000 000 000
0005 017 118 050 139 000 000 000 000
0006 015 112 053 137 000 000 000 000
0007 014 111 052 136 000 000 000 000
0008 017 111 050 135 189 202 217 239
0009 015 111 049 134 181 161 210 191
0010 013 111 049 136 179 128 210 162
0011 014 112 050 137 178 122 210 154
0012 013 111 049 136 178 124 209 162
0013 014 113 050 137 182 155 216 187
0014 202 179 231 217 013 111 049 140
0015 013 114 050 137 240 180 283 212
0016 010 113 046 139 245 125 284 160
0017 010 116 044 140 216 107 244 141
0018 010 116 044 140 190 140 231 175
0019 145 163 193 201 016 112 049 137
0020 013 112 047 136 128 143 169 169
0021 133 108 169 138 013 108 048 133
0022 156 111 185 150 012 105 048 131
0023 185 183 215 224 014 104 049 133
0024 010 107 042 135 225 190 264 233
0025 007 107 044 132 255 147 297 179
0026 008 107 045 135 239 111 282 146
0027 006 111 043 134 203 120 240 157
0028 143 154 190 187 009 112 042 135
0029 011 110 043 133 131 125 170 151
0030 011 106 044 133 157 095 189 126
0031 010 105 042 128 181 126 210 159
0032 011 107 041 130 194 157 233 204
0033 009 105 041 132 230 172 271 215
0034 011 107 045 131 250 134 290 164
0035 007 109 042 133 206 111 235 140
0036 159 146 207 182 009 118 042 146
0037 155 171 198 203 012 140 051 165
0038 161 195 201 234 029 176 068 203
0039 061 204 091 233 182 219 212 239
0040 086 220 115 238 000 000 000 000
0041 106 223 130 239 000 000 000 000
0042 110 223 135 239 000 000 000 000
0043 106 224 133 239 000 000 000 000
0044 106 223 132 239 000 000 000 000
0045 103 223 128 239 000 000 000 000
0046 105 222 130 239 000 000 000 000
