0000 128 218 166 237 000 000 000 000
0001 125 215 165 239 000 000 000 000
0002 126 216 165 239 000 000 000 000
0003 127 217 166 237 000 000 000 000
0004 127 214 165 237 000 000 000 000
0005 121 210 158 237 000 000 000 000
0006 114 194 152 234 000 000 000 000
0007 103 123 136 181 000 000 000 000
0008 080 087 133 140 000 000 000 000
0009 091 044 136 106 000 000 000 000
0010 089 033 132 100 000 000 000 000
0011 082 031 130 098 000 000 000 000
0012 086 033 129 101 000 000 000 000
0013 083 033 126 098 000 000 000 000
0014 086 037 129 102 000 000 000 000
0015 083 034 130 103 000 000 000 000
0016 086 037 129 098 000 000 000 000
0017 084 036 131 104 000 000 000 000
0018 074 076 123 136 000 000 000 000
0019 081 121 127 176 000 000 000 000
0020 072 184 118 238 000 000 000 000
0021 094 212 138 238 000 000 000 000
0022 094 211 141 238 000 000 000 000
0023 090 213 142 236 000 000 000 000
