0000 181 217 202 239 100 224 118 239
0001 182 216 203 239 000 000 000 000
0002 179 212 202 236 093 220 117 236
0003 182 211 204 239 060 206 083 237
0004 195 207 215 236 002 171 037 205
0005 237 178 260 202 001 126 018 155
0006 254 123 285 155 000 111 017 136
0007 251 079 276 111 000 107 017 133
0008 241 051 266 085 001 106 017 132
0009 242 046 266 073 000 107 016 132
0010 245 045 271 078 000 103 017 130
0011 247 050 273 079 000 102 017 128
0012 245 047 269 072 000 102 017 127
0013 217 031 242 068 001 103 017 129
0014 207 066 234 090 002 101 018 128
0015 239 072 263 093 003 105 021 133
0016 243 053 272 084 001 110 021 134
0017 236 034 256 063 000 107 023 134
0018 209 028 233 064 000 102 027 135
0019 000 110 029 135 199 068 227 094
0020 000 111 030 139 233 081 257 102
0021 000 116 035 143 252 062 278 094
0022 001 114 036 139 247 048 271 080
0023 002 110 039 134 227 029 250 067
0024 000 112 037 138 201 057 229 086
0025 000 115 033 141 214 088 243 120
0026 000 116 031 142 239 083 265 107
0027 001 114 033 139 244 068 273 096
0028 002 110 043 138 239 049 266 079
0029 011 114 051 140 228 049 252 084
0030 016 124 061 149 225 079 248 112
0031 020 143 062 168 228 124 254 152
0032 029 172 062 198 228 158 266 190
0033 222 191 250 226 061 197 086 233
0034 205 215 227 239 093 217 118 239
0035 194 219 214 239 000 000 000 000
0036 193 219 214 239 113 217 131 237
0037 191 216 213 239 113 216 131 236
0038 192 221 213 239 114 220 131 239
0039 191 217 214 239 116 220 134 239
