0003 173 213 196 236 000 000 000 000
0004 170 176 192 204 000 000 000 000
0005 168 149 194 190 000 000 000 000
0006 165 143 188 183 000 000 000 000
0007 169 137 192 180 000 000 000 000
0008 177 135 202 180 000 000 000 000
0009 183 130 208 180 000 000 000 000
0010 183 131 208 181 000 000 000 000
0011 183 135 210 186 000 000 000 000
0012 181 135 207 180 000 000 000 000
0013 181 134 207 180 000 000 000 000
0014 184 133 208 183 000 000 000 000
0015 178 139 202 185 000 000 000 000
0016 170 155 197 192 000 000 000 000
0017 166 169 194 205 000 000 000 000
0018 168 202 192 234 000 000 000 000
