0004 152 203 173 234 000 000 000 000
0006 120 211 168 238 000 000 000 000
0007 122 178 172 233 149 186 189 229
0008 129 155 180 212 000 000 000 000
0009 138 118 188 182 000 000 000 000
0010 139 086 191 156 000 000 000 000
0011 143 066 192 137 000 000 000 000
0012 146 055 196 125 000 000 000 000
0013 144 041 196 113 000 000 000 000
0014 146 036 195 110 000 000 000 000
0015 145 034 196 107 000 000 000 000
0016 145 035 196 107 000 000 000 000
0017 144 036 197 109 000 000 000 000
0018 144 038 196 109 000 000 000 000
0019 143 038 196 110 000 000 000 000
0020 141 037 191 108 000 000 000 000
0021 143 037 194 112 000 000 000 000
0022 141 037 191 109 000 000 000 000
0023 144 042 193 113 000 000 000 000
0024 141 048 192 121 000 000 000 000
0025 140 070 193 136 000 000 000 000
0026 143 115 194 174 000 000 000 000
0027 137 158 184 210 000 000 000 000
0028 127 200 174 239 000 000 000 000
0029 129 224 162 239 000 000 000 000
