0000 073 214 101 239 170 205 196 237
0001 169 202 194 236 074 209 102 237
0002 076 213 106 239 165 199 192 235
0003 077 213 107 239 165 192 191 228
0004 077 213 107 239 163 184 190 216
0005 076 214 107 239 164 172 192 202
0006 162 154 191 190 075 212 103 238
0007 164 136 191 170 069 213 099 237
0008 164 125 189 160 068 212 100 238
0009 162 116 188 150 068 212 096 238
0010 161 109 186 142 066 209 096 237
0011 160 109 185 144 067 214 096 239
0012 065 214 095 239 158 100 183 134
0013 158 099 182 133 063 214 094 239
0014 061 208 092 237 158 097 182 131
0015 062 212 094 238 157 092 181 125
0016 063 209 088 239 156 088 179 115
0017 062 210 091 239 156 077 182 112
0018 062 217 090 239 159 058 184 090
0019 055 210 087 237 165 022 188 055
0020 050 206 079 238 166 000 189 029
0021 050 205 079 237 163 003 185 032
0022 051 210 082 239 164 003 186 032
0023 053 212 083 239 165 004 186 032
0024 053 213 083 239 165 004 188 033
0025 053 213 083 239 165 003 188 033
0026 053 213 084 239 166 005 189 034
0027 056 210 084 238 169 009 189 032
0028 056 214 088 239 167 009 190 038
0029 056 208 085 239 168 016 191 046
0030 057 208 085 239 169 022 193 053
0031 172 040 197 074 058 209 086 239
0032 174 057 201 093 059 209 086 239
0033 175 074 201 112 062 211 088 239
0034 171 088 200 132 063 210 090 239
0035 169 116 198 153 062 211 092 238
0036 163 141 194 183 066 215 095 239
0037 158 175 186 204 065 209 095 237
0038 158 191 185 223 068 214 097 239
0039 155 206 184 239 069 215 097 239
0040 067 214 098 239 162 211 187 236
0041 071 215 100 239 165 209 193 238
0042 067 212 096 238 169 209 196 239
0043 070 211 097 238 170 204 199 237
