0003 192 206 240 239 000 000 000 000
0004 179 187 244 238 000 000 000 000
0005 167 168 235 217 000 000 000 000
0006 154 165 223 202 000 000 000 000
0007 156 161 219 200 000 000 000 000
0008 156 159 220 196 000 000 000 000
0009 156 159 221 196 000 000 000 000
0010 151 158 225 194 000 000 000 000
0011 145 160 226 195 000 000 000 000
0012 148 156 223 190 000 000 000 000
0013 145 155 225 189 000 000 000 000
0014 152 156 231 194 000 000 000 000
0015 149 154 224 200 000 000 000 000
0016 149 156 217 201 000 000 000 000
0017 153 157 212 207 000 000 000 000
0018 158 155 213 214 000 000 000 000
0019 156 153 210 213 000 000 000 000
0020 152 153 215 209 000 000 000 000
0021 147 155 217 204 000 000 000 000
0022 149 155 218 202 000 000 000 000
0023 148 154 216 196 000 000 000 000
0024 146 152 215 191 000 000 000 000
0025 144 153 221 189 000 000 000 000
0026 144 151 219 190 000 000 000 000
0027 141 151 212 195 000 000 000 000
0028 141 150 212 198 000 000 000 000
0029 143 150 210 194 000 000 000 000
0030 144 151 208 196 000 000 000 000
0031 142 150 208 201 000 000 000 000
0032 153 147 210 200 000 000 000 000
0033 145 151 211 200 000 000 000 000
0034 147 150 216 194 000 000 000 000
0035 147 147 216 200 000 000 000 000
0036 152 147 216 203 000 000 000 000
0037 168 149 214 210 000 000 000 000
0038 159 136 214 208 000 000 000 000
0039 157 136 215 208 000 000 000 000
0040 158 140 216 211 000 000 000 000
0041 157 144 215 206 000 000 000 000
0042 153 152 220 198 000 000 000 000
0043 149 150 218 187 000 000 000 000
0044 146 152 214 189 000 000 000 000
0045 143 152 206 198 000 000 000 000
0046 144 149 203 197 000 000 000 000
0047 146 150 204 199 000 000 000 000
0048 151 152 210 195 000 000 000 000
0049 146 157 213 195 000 000 000 000
0050 151 161 217 204 000 000 000 000
0051 177 178 232 238 000 000 000 000
0052 192 222 241 239 000 000 000 000
