0000 142 176 181 236 066 175 113 229
0001 137 163 179 222 072 172 115 217
0002 136 155 172 216 080 164 121 218
0003 132 148 171 207 083 158 128 214
0004 084 155 127 204 131 140 171 193
0005 129 135 165 191 090 147 129 200
0006 088 145 131 194 128 129 166 186
0007 090 146 131 194 123 128 165 183
0008 089 144 134 201 126 132 168 186
0009 090 144 133 203 124 134 166 191
0010 096 145 133 204 124 134 169 190
0011 095 145 134 206 129 137 166 200
0012 092 147 139 207 128 138 169 195
0013 092 147 138 206 130 135 167 199
0014 097 145 135 206 130 138 164 203
0015 093 148 138 206 131 140 164 202
0016 095 149 137 203 132 142 164 205
0017 094 149 138 209 130 140 167 203
0018 131 145 165 208 099 151 136 207
0019 131 144 165 209 096 150 137 205
0020 097 151 138 205 130 144 169 209
0021 099 151 135 211 130 150 164 214
0022 098 150 135 212 132 148 168 212
0023 131 147 165 209 099 151 135 212
0024 131 146 164 210 098 150 135 214
0025 097 150 136 215 130 150 164 217
0026 097 150 136 215 130 147 168 213
0027 097 151 136 216 129 147 168 214
0028 097 151 136 216 129 147 168 213
0029 098 151 136 215 130 148 165 214
0030 097 151 137 213 129 146 168 213
0031 097 151 137 214 130 146 168 213
0032 091 151 138 211 130 146 168 212
0033 090 150 138 211 132 145 168 211
0034 097 150 135 214 130 147 168 213
0035 095 159 136 218 130 151 169 218
0036 132 161 170 221 091 172 135 219
0037 080 176 125 228 138 175 174 230
0038 074 187 115 237 140 193 175 237
0039 142 197 179 234 067 194 112 236
0040 141 196 182 236 061 197 110 237
0041 144 202 182 236 061 199 108 238
0042 144 202 183 236 059 202 106 237
0043 144 202 183 236 059 203 107 238
0044 144 202 182 236 059 203 104 238
0045 144 201 182 235 060 204 105 239
0046 144 201 181 235 059 205 105 239
0047 139 200 180 239 059 206 104 239
0048 144 203 178 239 060 207 101 238
0049 144 204 177 239 060 208 100 237
0050 144 205 178 239 060 208 100 237
0051 060 208 099 237 143 201 182 235
0052 144 206 177 239 061 209 102 237
