0003 122 195 178 237 000 000 000 000
0004 126 149 170 182 133 162 182 210
0005 125 093 166 134 000 000 000 000
0006 130 073 171 123 000 000 000 000
0007 133 073 173 120 000 000 000 000
0008 129 098 171 137 000 000 000 000
0009 123 131 172 163 000 000 000 000
0010 118 157 165 199 000 000 000 000
0011 116 164 165 211 000 000 000 000
0012 112 165 164 213 000 000 000 000
0013 112 151 163 190 000 000 000 000
0014 113 132 159 162 000 000 000 000
0015 117 101 164 143 000 000 000 000
0016 120 091 169 141 000 000 000 000
0017 123 120 162 162 000 000 000 000
0018 121 143 161 180 000 000 000 000
0019 122 182 170 224 000 000 000 000
0020 125 188 170 235 000 000 000 000
0021 128 193 172 236 000 000 000 000
0022 131 196 173 235 000 000 000 000
0023 136 215 177 236 000 000 000 000
