0007 251 218 295 239 000 000 000 000
0008 261 194 318 230 000 000 000 000
0009 247 172 312 208 000 000 000 000
0010 226 152 282 190 000 000 000 000
0011 211 145 265 178 000 000 000 000
0012 190 134 239 171 000 000 000 000
0013 170 133 223 168 000 000 000 000
0014 159 134 210 168 000 000 000 000
0015 147 133 199 166 000 000 000 000
0016 143 132 192 164 000 000 000 000
0017 121 131 188 163 000 000 000 000
0018 118 127 183 158 000 000 000 000
0019 119 126 189 158 000 000 000 000
0020 124 126 193 158 000 000 000 000
0021 143 130 196 162 000 000 000 000
0022 155 130 208 161 000 000 000 000
0023 167 130 223 161 098 220 142 239
0024 184 130 233 160 000 000 000 000
0025 200 130 260 160 000 000 000 000
0026 211 125 271 160 000 000 000 000
0027 221 120 280 152 000 000 000 000
0028 225 116 287 149 000 000 000 000
0029 219 125 283 155 000 000 000 000
0030 218 125 273 154 000 000 000 000
0031 206 126 263 158 000 000 000 000
0032 199 132 253 161 000 000 000 000
0033 187 133 234 163 000 000 000 000
0034 164 131 219 162 000 000 000 000
0035 157 130 207 161 000 000 000 000
0036 147 127 201 157 000 000 000 000
0037 145 123 200 154 000 000 000 000
0038 146 126 200 156 000 000 000 000
0039 152 126 205 160 000 000 000 000
0040 163 131 217 164 000 000 000 000
0041 171 134 224 161 000 000 000 000
0042 190 133 239 165 000 000 000 000
0043 205 136 266 168 000 000 000 000
0044 221 137 276 171 000 000 000 000
0045 238 140 291 175 000 000 000 000
0046 243 150 294 183 000 000 000 000
0047 257 175 306 218 000 000 000 000
0048 250 215 308 239 000 000 000 000
