0000 189 187 208 213 138 182 162 211
0001 138 182 162 208 189 184 210 211
0002 137 182 161 209 189 186 207 213
0003 138 181 161 208 187 184 209 211
0004 138 183 160 209 187 183 210 211
0005 138 183 160 209 187 184 209 211
0006 138 181 164 207 183 187 202 212
0007 151 173 173 197 171 180 193 207
0008 163 163 192 188 000 000 000 000
0009 179 150 208 179 138 166 161 188
0010 135 161 164 186 183 152 210 176
0011 182 155 211 181 142 162 171 189
0012 181 162 209 183 146 164 173 193
0013 148 163 177 193 182 162 212 187
0014 183 162 212 188 149 164 178 191
0015 148 163 174 189 183 162 211 188
0016 147 163 176 192 182 163 212 188
0017 145 163 173 191 182 160 208 184
0018 144 163 172 191 181 163 209 184
0019 182 161 210 183 143 161 173 191
0020 143 163 172 189 182 160 210 183
0021 182 161 208 183 146 164 174 189
0022 182 160 208 183 143 162 170 187
0023 185 163 210 184 144 161 172 189
0024 181 162 211 186 145 163 172 190
0025 182 162 211 186 145 163 171 190
0026 182 162 211 186 141 159 175 188
0027 145 164 172 191 182 161 211 185
0028 143 162 171 185 182 161 210 184
0029 147 165 177 189 180 160 207 182
0030 161 167 193 192 000 000 000 000
0031 150 170 175 197 170 176 192 198
0032 172 181 197 204 137 175 162 204
0033 131 178 154 206 175 187 198 206
0034 125 183 148 211 176 188 198 208
0035 125 181 148 209 175 184 198 205
0036 126 183 149 210 176 185 199 206
0037 127 185 149 213 176 186 198 205
0038 129 185 152 213 178 182 201 208
0039 130 186 152 214 182 182 203 208
0040 131 185 151 213 183 186 202 212
0041 132 185 152 212 182 183 205 209
0042 131 184 153 213 183 183 205 210
0043 132 183 151 211 183 184 205 210
0044 132 189 152 212 183 183 205 209
0045 132 182 151 212 183 184 205 210
0046 131 185 151 214 183 183 205 209
0047 130 185 152 214 183 183 205 209
0048 132 185 153 214 183 183 205 208
0049 132 185 153 214 182 183 205 209
