0001 137 221 172 239 000 000 000 000
0002 126 190 177 231 000 000 000 000
0003 132 158 182 201 000 000 000 000
0004 140 124 180 158 000 000 000 000
0005 140 094 182 129 000 000 000 000
0006 135 080 184 123 000 000 000 000
0007 133 079 183 120 000 000 000 000
0008 138 068 184 112 000 000 000 000
0009 136 068 185 111 000 000 000 000
0010 134 066 184 108 000 000 000 000
0011 135 066 183 108 000 000 000 000
0012 134 063 182 102 000 000 000 000
0013 134 063 183 102 000 000 000 000
0014 134 061 184 103 000 000 000 000
0015 134 062 184 102 000 000 000 000
0016 135 062 184 102 000 000 000 000
0017 135 062 184 103 000 000 000 000
0018 134 062 183 103 000 000 000 000
0019 134 063 183 102 000 000 000 000
0020 135 064 183 104 000 000 000 000
0021 135 071 183 113 000 000 000 000
0022 135 100 184 144 000 000 000 000
0023 134 145 177 201 000 000 000 000
0024 132 196 174 237 000 000 000 000
0025 134 221 168 239 000 000 000 000
