0004 183 219 215 239 000 000 000 000
0005 090 208 118 237 179 182 215 226
0006 186 171 216 201 090 185 119 222
0007 188 140 223 179 085 173 119 204
0008 081 141 119 188 190 107 225 160
0009 078 122 117 161 190 092 228 144
0010 077 105 118 151 191 085 223 133
0011 190 080 222 132 078 098 112 140
0012 077 088 117 137 188 076 223 129
0013 079 089 114 138 187 076 222 130
0014 187 078 219 132 083 086 116 134
0015 186 078 217 130 086 085 123 131
0016 184 077 216 128 090 080 122 129
0017 184 076 216 126 089 075 122 126
0018 185 073 217 125 090 074 122 126
0019 183 079 218 124 090 076 121 125
0020 186 073 216 126 091 076 119 125
0021 185 073 217 124 091 076 120 124
0022 184 072 216 122 091 076 121 124
0023 186 072 217 121 091 074 121 124
0024 185 070 216 121 092 076 120 119
0025 185 069 216 120 091 075 121 121
0026 185 066 215 116 092 074 122 120
0027 184 066 214 114 092 072 122 119
0028 181 065 211 113 093 073 124 117
0029 182 067 211 115 092 069 125 116
0030 180 058 219 106 092 061 122 109
0031 183 058 214 108 092 061 121 109
0032 182 059 214 111 091 061 121 111
0033 183 060 213 111 090 062 120 110
0034 181 060 211 109 090 062 120 110
0035 181 060 212 111 089 062 120 112
0036 180 058 211 108 088 062 120 110
0037 179 059 210 108 084 061 121 110
0038 179 059 210 106 084 061 121 110
0039 178 060 210 108 084 061 122 110
0040 178 061 210 108 084 061 121 110
0041 173 058 210 105 088 062 119 111
0042 173 057 210 104 088 062 119 111
0043 173 057 211 104 089 062 121 111
0044 173 058 210 104 090 062 122 111
0045 178 060 210 107 091 064 120 108
0046 178 060 210 108 091 062 124 113
0047 178 060 210 110 091 060 124 112
0048 179 060 209 110 091 062 122 111
0049 178 060 209 110 090 062 122 111
0050 179 058 209 107 091 062 121 110
0051 178 058 210 108 090 061 120 108
0052 178 057 209 108 090 061 121 109
0053 179 058 210 111 089 066 122 114
0054 182 070 213 118 089 079 121 131
0055 083 128 121 175 188 125 223 178
0056 197 179 233 226 083 189 119 223
0057 193 221 217 239 088 220 112 239
