0005 142 222 163 239 000 000 000 000
0006 208 216 256 234 000 000 000 000
0007 206 204 262 239 000 000 000 000
0008 206 164 265 230 000 000 000 000
0009 208 136 265 205 000 000 000 000
0010 206 124 261 195 000 000 000 000
0011 203 108 257 180 000 000 000 000
0012 196 097 256 170 000 000 000 000
0013 194 091 254 161 000 000 000 000
0014 194 086 253 160 000 000 000 000
0015 193 083 252 159 000 000 000 000
0016 193 073 253 161 000 000 000 000
0017 190 071 252 161 000 000 000 000
0018 191 078 252 151 000 000 000 000
0019 190 076 250 149 000 000 000 000
0020 185 078 247 148 000 000 000 000
0021 185 079 248 149 000 000 000 000
0022 186 078 248 149 000 000 000 000
0023 186 079 248 149 000 000 000 000
0024 187 080 247 149 000 000 000 000
0025 191 081 250 152 000 000 000 000
0026 190 081 253 158 000 000 000 000
0027 201 117 253 184 000 000 000 000
0028 199 176 250 228 000 000 000 000
