0009 166 204 198 237 000 000 000 000
0010 178 191 204 230 000 000 000 000
0011 170 157 217 221 000 000 000 000
0012 174 154 217 214 000 000 000 000
0013 175 143 224 209 000 000 000 000
0014 174 136 220 201 000 000 000 000
0015 182 120 221 191 000 000 000 000
0016 182 108 225 181 000 000 000 000
0017 179 095 223 173 000 000 000 000
0018 177 083 223 165 000 000 000 000
0019 181 078 223 160 000 000 000 000
0020 179 076 223 154 000 000 000 000
0021 180 076 223 155 000 000 000 000
0022 180 073 221 154 000 000 000 000
0023 181 073 223 155 000 000 000 000
0024 180 074 225 156 000 000 000 000
0025 181 075 225 155 000 000 000 000
0026 180 074 224 155 000 000 000 000
0027 181 074 225 154 000 000 000 000
0028 181 071 225 153 000 000 000 000
0029 180 073 225 155 000 000 000 000
0030 181 072 225 154 000 000 000 000
0031 181 073 225 155 000 000 000 000
0032 181 074 225 157 000 000 000 000
0033 180 074 225 154 000 000 000 000
0034 180 073 226 155 000 000 000 000
0035 178 075 225 156 000 000 000 000
0036 182 074 226 154 000 000 000 000
0037 181 073 225 153 000 000 000 000
0038 182 071 227 151 000 000 000 000
0039 184 073 228 151 000 000 000 000
0040 186 071 229 151 000 000 000 000
0041 186 072 230 152 000 000 000 000
0042 186 070 230 151 000 000 000 000
0043 187 072 230 151 000 000 000 000
0044 186 069 231 153 000 000 000 000
0045 186 067 234 155 000 000 000 000
0046 187 071 231 152 000 000 000 000
0047 187 072 230 150 000 000 000 000
0048 186 071 230 153 000 000 000 000
0049 188 077 230 156 000 000 000 000
0050 184 092 226 168 000 000 000 000
0052 168 187 205 234 000 000 000 000
0053 161 215 190 237 000 000 000 000
