0000 161 207 196 236 071 208 111 239
0001 072 206 112 239 164 206 193 239
0002 071 207 113 239 166 202 196 239
0003 072 206 113 239 162 171 196 229
0004 072 208 113 239 158 111 198 173
0005 164 060 199 126 072 207 113 239
0006 168 037 204 110 072 206 114 239
0007 172 027 209 101 071 209 113 239
0008 171 021 207 093 070 209 113 239
0009 176 020 211 088 071 206 113 239
0010 177 019 211 089 071 209 113 239
0011 177 018 212 088 071 209 113 239
0012 178 018 213 088 070 208 113 239
0013 177 022 212 088 070 209 112 239
0014 166 039 210 101 070 210 111 239
0015 070 208 114 239 148 091 200 139
0016 148 157 196 214 070 208 113 239
0017 156 201 196 237 070 209 113 239
0018 156 201 197 237 069 207 112 239
