0003 074 213 100 236 245 214 275 238
0004 048 162 085 204 250 165 312 210
0005 048 125 082 160 250 123 304 156
0006 242 070 277 117 061 080 090 116
0007 077 049 106 091 224 048 253 096
0008 086 042 115 085 215 044 244 090
0009 092 047 119 087 214 046 242 089
0010 213 047 240 088 097 053 125 088
0011 213 049 241 091 099 056 123 089
0012 213 050 242 093 100 055 126 093
0013 214 052 241 094 096 055 125 092
0014 212 052 241 095 098 055 125 093
0015 098 053 126 090 212 050 242 094
0016 096 052 125 089 212 051 241 094
0017 095 050 125 090 214 049 242 095
0018 093 054 122 091 213 049 242 094
0019 213 049 242 094 095 052 121 090
0020 213 048 242 094 094 050 122 090
0021 213 050 241 095 094 050 122 090
0022 212 049 241 095 095 051 121 091
0023 094 052 121 093 214 048 244 095
0024 092 060 119 102 220 059 250 108
0025 084 096 112 137 232 104 270 144
0026 232 175 270 227 083 170 112 211
0027 099 214 122 237 220 217 244 239
