0000 112 206 137 236 187 196 209 230
0001 112 206 137 236 187 196 209 230
0002 113 206 138 237 187 194 209 229
0003 120 196 149 224 182 184 205 221
0004 176 163 199 190 140 168 171 193
0005 143 142 175 166 173 138 199 159
0006 131 125 161 157 182 092 211 122
0007 199 065 226 095 111 163 140 190
0008 098 193 121 216 221 038 246 074
0009 235 019 262 059 093 199 116 231
0010 243 015 277 055 086 200 110 230
0011 085 199 109 228 243 017 277 057
0012 081 201 107 231 244 017 279 057
0013 080 199 107 230 246 015 283 056
0014 081 199 108 231 246 015 285 056
0015 249 015 283 054 115 167 146 192
0016 145 123 182 155 246 016 285 056
0017 246 016 286 055 154 111 181 138
0018 247 016 286 055 154 108 184 138
0019 247 016 286 055 154 109 184 139
0020 247 016 286 054 153 108 184 138
0021 250 017 289 055 153 108 184 138
0022 251 017 289 055 155 112 182 140
0023 251 017 289 055 123 185 146 208
0024 069 201 094 234 254 021 287 057
0025 253 024 291 062 074 196 097 224
0026 254 025 290 063 073 200 105 224
0027 256 026 290 064 074 200 098 225
0028 257 027 288 064 074 200 098 225
0029 257 029 288 065 076 199 100 228
0030 258 027 294 062 077 199 100 228
0031 244 029 273 072 075 200 106 227
0032 215 073 238 113 087 203 108 229
0033 095 204 123 234 193 144 215 173
0034 101 208 130 236 189 170 210 200
0035 109 206 137 236 189 185 209 219
0036 116 207 138 230 188 193 210 231
0037 113 206 137 234 191 193 213 231
0038 192 192 212 230 113 206 136 234
0039 191 192 212 229 113 205 137 234
