0000 148 211 169 234 240 222 267 239
0001 148 214 172 239 240 222 267 239
0002 145 212 168 239 240 222 267 239
0003 130 199 151 236 239 221 268 239
0004 115 159 140 203 239 222 266 239
0005 116 100 140 140 240 223 267 239
0006 130 047 159 087 240 223 267 239
0007 137 026 169 074 240 223 267 239
0008 150 016 191 059 239 224 267 239
0009 163 022 209 061 239 223 267 239
0010 167 019 210 059 239 223 266 239
0011 168 021 212 062 240 222 268 238
0012 167 018 211 058 240 222 268 238
0013 167 019 211 058 240 223 268 239
0014 166 019 211 058 240 223 268 239
0015 166 019 211 059 240 223 268 239
0016 166 018 211 058 240 223 268 239
0017 166 018 210 057 240 223 268 239
0018 166 018 209 056 240 223 268 239
0019 160 016 206 058 240 223 268 239
0020 150 027 186 072 240 223 267 239
0021 137 077 167 125 238 223 268 238
0022 131 145 164 196 239 222 269 238
0023 139 179 160 225 243 221 270 238
0024 142 203 162 234 239 221 269 237
0025 148 213 170 239 243 221 270 238
0026 149 210 170 237 243 221 269 238
0027 147 212 167 235 242 222 269 239
0028 150 212 171 238 241 222 268 239
