0000 068 172 120 213 000 000 000 000
0001 088 189 143 230 000 000 000 000
0002 108 215 147 239 000 000 000 000
0004 114 223 167 239 000 000 000 000
0005 111 221 151 239 000 000 000 000
0006 110 209 148 235 000 000 000 000
0007 107 191 150 227 000 000 000 000
0008 105 149 153 197 000 000 000 000
0009 104 110 152 173 000 000 000 000
0010 109 084 145 156 000 000 000 000
0011 107 067 146 144 000 000 000 000
0012 106 054 148 131 000 000 000 000
0013 106 056 147 130 000 000 000 000
0014 105 048 148 123 000 000 000 000
0015 109 047 149 120 000 000 000 000
0016 106 053 148 128 000 000 000 000
0017 107 056 147 133 000 000 000 000
0018 110 068 144 144 000 000 000 000
0019 104 108 149 176 000 000 000 000
0020 103 150 149 205 000 000 000 000
0021 105 175 151 226 000 000 000 000
0022 110 210 154 238 000 000 000 000
0023 112 221 151 239 000 000 000 000
