0003 125 219 189 239 000 000 000 000
0004 140 158 199 213 000 000 000 000
0005 141 136 198 203 000 000 000 000
0006 149 125 201 188 219 216 256 236
0007 151 125 205 184 190 181 240 228
0008 165 126 210 188 000 000 000 000
0009 146 119 208 172 000 000 000 000
0010 149 114 209 165 000 000 000 000
0011 141 115 204 164 000 000 000 000
0012 143 116 201 169 171 112 207 148
0013 141 116 201 172 000 000 000 000
0014 142 117 205 169 000 000 000 000
0015 141 114 204 171 000 000 000 000
0016 147 111 209 173 000 000 000 000
0017 141 120 205 171 000 000 000 000
0018 142 119 191 168 169 110 214 161
0019 139 119 190 168 170 111 216 170
0020 140 123 185 170 179 112 226 165
0021 185 111 232 168 140 125 188 174
0022 144 132 192 185 204 131 258 183
0023 152 138 193 193 000 000 000 000
0024 151 139 202 194 000 000 000 000
0025 151 142 202 196 000 000 000 000
0026 152 143 194 202 201 145 267 220
0027 153 145 204 200 211 148 270 185
0028 163 171 215 222 203 151 256 196
0029 172 158 239 232 000 000 000 000
0030 148 204 211 239 000 000 000 000
