0000 077 177 112 238 150 173 188 216
0001 152 124 182 175 074 123 116 175
0002 084 092 119 145 148 093 175 147
0003 095 081 130 132 127 077 159 137
0004 097 076 130 127 127 073 152 137
0005 097 076 129 125 122 072 153 132
0006 096 074 129 125 124 071 155 130
0007 099 078 129 126 126 080 156 128
0008 102 076 130 120 128 079 158 114
0009 130 055 171 116 087 060 122 113
0010 149 059 187 123 070 062 113 118
0011 055 100 094 157 164 098 201 153
0012 042 152 085 202 170 147 202 199
0013 046 178 086 231 163 168 199 221
0014 154 196 190 235 053 211 092 239
0015 145 209 182 239 000 000 000 000
0016 143 210 184 239 000 000 000 000
