0008 139 188 177 229 000 000 000 000
0009 150 125 182 184 000 000 000 000
0010 149 086 185 160 000 000 000 000
0011 148 068 181 134 000 000 000 000
0012 146 062 177 125 000 000 000 000
0013 145 058 177 119 000 000 000 000
0014 144 057 175 119 000 000 000 000
0015 143 058 175 120 000 000 000 000
0016 143 058 174 118 000 000 000 000
0017 143 057 175 119 000 000 000 000
0018 141 059 175 123 000 000 000 000
0019 133 077 175 152 000 000 000 000
0020 128 114 171 172 000 000 000 000
0021 119 181 168 226 000 000 000 000
0022 126 211 166 239 000 000 000 000
