0004 092 224 137 239 000 000 000 000
0005 079 179 160 215 000 000 000 000
0006 107 115 157 154 000 000 000 000
0007 108 095 168 142 000 000 000 000
0008 113 074 172 122 000 000 000 000
0009 115 068 174 117 000 000 000 000
0010 120 065 173 112 000 000 000 000
0011 127 065 188 125 000 000 000 000
0012 131 063 186 128 000 000 000 000
0013 131 063 186 125 000 000 000 000
0014 131 065 186 127 000 000 000 000
0015 129 062 185 124 000 000 000 000
0016 130 071 183 130 000 000 000 000
0017 129 074 184 130 000 000 000 000
0018 119 117 160 162 000 000 000 000
0019 105 177 165 221 000 000 000 000
