0005 160 224 189 239 000 000 000 000
0006 122 189 168 226 000 000 000 000
0007 116 095 155 143 000 000 000 000
0008 124 066 155 105 000 000 000 000
0009 126 057 159 103 000 000 000 000
0010 127 059 160 099 000 000 000 000
0011 128 059 160 099 000 000 000 000
0012 127 057 160 098 000 000 000 000
0013 128 057 160 098 000 000 000 000
0014 128 057 160 099 000 000 000 000
0015 128 057 159 099 000 000 000 000
0016 129 058 159 099 000 000 000 000
0017 129 058 159 100 000 000 000 000
0018 129 059 160 100 000 000 000 000
0019 129 061 159 102 000 000 000 000
0020 130 059 160 100 000 000 000 000
0021 128 063 160 106 000 000 000 000
0022 116 095 157 144 000 000 000 000
0023 114 147 155 191 000 000 000 000
0024 132 205 174 239 000 000 000 000
