0000 110 208 130 235 172 203 189 230
0001 110 208 130 235 175 203 192 228
0002 110 208 130 235 173 206 189 234
0003 109 207 130 234 176 204 194 232
0004 107 207 128 234 182 199 208 224
0005 207 181 235 210 105 203 125 233
0006 223 159 249 180 102 203 126 238
0007 228 124 251 148 100 203 124 236
0008 221 104 245 126 108 199 127 228
0009 216 079 237 107 118 187 144 216
0010 206 058 227 088 141 171 165 194
0011 201 050 220 080 151 162 171 184
0012 194 037 210 071 157 139 177 161
0013 156 129 178 155 191 037 209 068
0014 157 127 178 150 189 036 208 068
0015 187 036 207 069 156 125 176 148
0016 186 035 207 068 156 123 177 146
0017 185 035 206 069 153 125 175 148
0018 186 036 206 069 150 130 174 153
0019 186 035 207 068 148 130 172 157
0020 187 037 208 069 145 141 170 168
0021 186 038 207 070 133 153 163 183
0022 186 040 206 070 115 177 140 197
0023 184 044 205 074 093 194 120 224
0024 082 198 103 227 182 046 204 081
0025 182 048 204 082 080 192 100 221
0026 182 047 204 082 082 195 102 223
0027 086 197 105 225 184 048 205 081
0028 181 053 203 083 088 197 107 225
0029 092 201 113 225 178 067 200 093
0030 096 204 117 233 174 097 198 126
0031 178 167 200 199 102 201 125 234
0032 176 195 197 230 105 202 126 234
0033 100 210 127 238 175 197 192 228
0034 100 211 127 239 173 197 191 228
0035 106 207 125 234 172 200 189 227
0036 102 204 129 234 175 196 194 223
0037 102 204 128 234 173 199 189 227
0038 104 210 130 238 173 201 190 229
0039 106 207 125 234 173 201 190 229
0040 106 208 126 235 173 201 190 230
