0000 085 194 105 229 157 206 177 230
0001 158 201 179 233 085 196 105 229
0002 086 197 104 228 159 184 180 223
0003 159 173 181 209 087 195 107 230
0004 157 139 183 182 087 196 106 224
0005 155 122 181 146 085 194 105 228
0006 089 195 106 227 151 100 177 120
0007 089 195 107 226 146 094 174 117
0008 138 092 168 121 085 193 107 228
0009 087 195 107 228 135 099 168 124
0010 134 097 165 125 088 194 108 229
0011 134 095 166 123 088 195 107 229
0012 139 099 174 127 087 195 105 228
0013 141 107 173 142 087 196 105 228
0014 142 131 173 168 088 193 106 228
0015 147 158 176 208 087 198 105 229
0016 149 181 176 228 086 193 106 228
0017 151 194 178 234 086 194 106 228
0018 088 198 106 229 154 195 178 231
0019 157 194 176 231 086 194 106 229
0020 086 200 104 231 157 195 178 230
