0000 136 221 171 239 000 000 000 000
0001 119 173 160 214 000 000 000 000
0002 115 137 160 168 000 000 000 000
0003 126 100 176 142 000 000 000 000
0004 130 076 182 121 000 000 000 000
0005 138 052 191 100 000 000 000 000
0006 143 044 194 095 000 000 000 000
0007 143 040 195 092 000 000 000 000
0008 144 039 196 091 000 000 000 000
0009 142 036 196 088 000 000 000 000
0010 144 045 195 098 000 000 000 000
0011 138 062 188 110 000 000 000 000
0012 126 099 173 142 000 000 000 000
0013 118 145 163 176 000 000 000 000
0014 119 183 162 224 000 000 000 000
0015 131 220 164 239 000 000 000 000
