0000 112 216 152 239 000 000 000 000
0001 112 220 150 239 000 000 000 000
0002 107 207 148 239 000 000 000 000
0003 101 182 156 219 000 000 000 000
0004 108 145 155 181 000 000 000 000
0005 093 096 154 135 000 000 000 000
0006 106 061 155 110 000 000 000 000
0007 106 053 154 100 000 000 000 000
0008 105 043 158 090 000 000 000 000
0009 106 041 155 088 000 000 000 000
0010 107 040 155 085 000 000 000 000
0011 106 041 157 087 000 000 000 000
0012 104 043 155 087 000 000 000 000
0013 105 043 156 087 000 000 000 000
0014 104 044 156 088 000 000 000 000
0015 104 043 156 089 000 000 000 000
0016 104 049 153 093 000 000 000 000
0017 100 065 148 106 000 000 000 000
0018 092 096 150 136 000 000 000 000
0019 093 140 151 176 000 000 000 000
0020 093 183 146 223 000 000 000 000
0021 103 200 146 235 000 000 000 000
0022 105 205 150 235 000 000 000 000
0023 104 205 150 235 000 000 000 000
0024 106 207 151 235 000 000 000 000
