0008 110 202 160 236 188 221 219 237
0009 106 157 144 196 122 171 202 226
0010 148 149 216 202 097 137 137 181
0011 157 131 226 184 091 113 128 169
0012 152 131 224 178 089 112 132 168
0013 155 126 221 175 087 112 126 163
0014 150 132 218 183 092 112 135 168
0015 148 131 216 182 117 106 151 160
0016 138 140 213 185 142 101 184 148
0017 138 133 206 187 173 099 212 161
0018 127 144 200 196 228 105 260 182
0019 124 145 197 200 243 110 278 179
0020 119 150 191 202 266 112 296 183
0021 116 157 188 209 276 127 307 195
0022 113 162 184 213 276 147 316 213
0023 099 180 174 230 270 188 319 239
0024 038 217 088 239 075 216 137 239
0036 192 222 228 239 000 000 000 000
0038 193 221 229 239 000 000 000 000
