0003 128 213 163 239 000 000 000 000
0004 169 193 210 239 132 178 179 233
0005 150 168 202 223 000 000 000 000
0006 143 138 195 191 000 000 000 000
0007 144 111 187 167 000 000 000 000
0008 145 097 185 149 000 000 000 000
0009 144 093 187 147 000 000 000 000
0010 147 100 189 155 000 000 000 000
0011 147 100 190 154 000 000 000 000
0012 146 102 189 156 000 000 000 000
0013 144 103 189 159 000 000 000 000
0014 144 102 190 159 000 000 000 000
0015 144 103 188 161 000 000 000 000
0016 144 106 187 157 000 000 000 000
0017 145 105 188 158 000 000 000 000
0018 145 110 188 165 000 000 000 000
0019 142 120 188 176 000 000 000 000
0020 136 146 194 207 000 000 000 000
0021 174 175 215 228 127 185 179 236
