0000 109 195 129 226 180 199 203 235
0001 108 195 128 227 192 194 214 226
0002 108 193 128 227 000 000 000 000
0003 204 113 240 150 108 194 128 226
0004 202 058 235 106 107 191 127 225
0005 194 036 221 078 107 192 126 225
0006 175 030 204 074 107 191 126 225
0007 167 036 197 082 108 192 127 225
0008 182 040 210 089 109 192 128 225
0009 200 048 230 097 109 193 129 225
0010 203 047 237 097 108 194 128 226
0011 201 046 227 087 108 195 128 227
0012 187 045 212 084 107 195 129 227
0013 171 041 198 083 108 196 126 224
0014 170 045 198 089 108 196 128 227
0015 182 047 209 095 109 196 128 228
0016 196 048 225 097 110 195 127 223
0017 189 047 217 092 108 196 129 228
0018 180 045 207 092 108 198 129 230
0019 176 048 202 093 108 199 129 229
0020 174 059 201 104 108 199 129 230
0021 109 198 130 230 176 109 198 133
0022 109 199 129 230 180 157 202 198
0023 108 197 129 230 187 199 206 237
