0004 069 209 127 239 000 000 000 000
0005 089 179 153 221 066 222 096 239
0006 122 140 170 185 091 207 121 238
0007 130 115 177 160 107 189 171 226
0008 126 099 179 140 130 173 193 202
0009 149 091 190 134 135 153 196 182
0010 172 082 210 133 133 145 194 175
0011 153 084 192 133 132 147 196 177
0012 148 083 190 130 138 144 194 175
0013 131 145 193 175 169 080 203 131
0014 172 077 210 137 131 144 196 173
0015 157 086 200 140 138 140 193 171
0016 143 087 189 137 132 144 194 173
0017 156 087 197 130 132 145 195 175
0018 167 082 209 134 131 146 196 177
0019 149 087 190 139 137 151 198 183
0020 146 092 189 138 136 149 194 178
0021 135 149 192 179 150 093 195 135
0022 148 106 190 147 133 156 188 186
0023 134 129 181 171 122 171 173 208
0024 110 187 153 236 121 156 165 200
0025 118 187 158 234 000 000 000 000
0026 117 209 154 237 000 000 000 000
0027 116 210 152 236 000 000 000 000
0028 117 211 152 237 000 000 000 000
