0000 174 205 219 237 056 212 112 239
0001 175 183 222 232 055 213 113 239
0002 174 110 222 165 055 212 111 234
0003 174 063 220 123 055 214 113 239
0004 172 043 217 105 052 212 111 239
0005 172 036 218 099 052 212 111 239
0006 174 034 219 097 056 212 113 239
0007 174 033 221 099 056 212 113 239
0008 174 033 221 098 051 211 112 239
0009 175 034 222 096 051 212 111 239
0010 180 044 222 114 055 213 112 239
0011 178 090 225 152 050 214 112 239
0012 180 162 224 210 052 214 112 239
0013 176 208 217 238 051 213 111 239
0014 051 211 111 239 170 215 211 239
0015 053 211 111 239 171 213 212 239
