0000 108 206 140 235 050 202 089 237
0001 106 204 140 236 048 201 090 237
0002 103 202 137 236 049 202 090 236
0003 101 200 137 235 049 201 089 237
0004 098 184 137 227 049 200 087 233
0005 093 148 139 201 053 205 091 235
0006 097 110 149 177 050 202 087 236
0007 099 096 149 162 048 201 087 236
0008 095 077 146 137 049 201 087 236
0009 100 066 149 131 051 202 088 235
0010 097 059 149 122 052 203 088 236
0011 094 057 146 121 052 203 089 236
0012 099 062 151 125 046 201 087 236
0013 100 063 154 130 047 201 088 236
0014 099 063 152 126 049 202 089 236
0015 101 062 151 124 048 202 090 236
0016 101 060 151 123 049 202 089 236
0017 100 060 153 125 049 202 088 235
0018 101 062 153 125 049 202 089 235
0019 099 062 154 126 049 201 090 236
0020 100 069 151 131 049 202 090 236
0021 100 081 150 139 051 202 090 236
0022 101 100 149 151 054 202 090 235
0023 102 111 146 159 050 199 089 234
0024 103 138 149 177 050 202 089 236
0025 104 163 146 192 054 204 089 235
0026 105 180 142 204 051 203 089 236
0027 102 189 145 219 054 207 092 235
0028 105 199 148 235 055 207 093 235
0029 108 205 148 236 055 203 090 235
0030 107 207 148 239 055 203 090 235
0031 108 209 146 239 056 203 090 235
0032 108 210 146 239 056 203 090 236
0033 108 210 146 239 056 203 090 236
0034 108 211 146 239 056 203 090 236
0035 108 211 146 239 055 203 090 235
0036 108 212 145 239 047 200 088 235
