0009 068 221 100 238 000 000 000 000
0010 067 208 104 236 000 000 000 000
0011 072 178 107 235 149 205 196 238
0012 128 183 174 223 078 163 111 213
0013 112 170 163 211 079 152 118 206
0014 105 160 154 204 080 144 118 198
0015 078 141 110 188 100 152 153 203
0016 070 132 116 187 096 146 155 197
0017 069 125 114 178 095 147 146 196
0018 078 126 117 181 096 153 151 202
0019 071 127 117 175 101 163 154 202
0020 079 132 115 179 093 162 157 201
0021 074 134 118 183 100 144 152 196
0022 073 132 118 182 103 134 148 196
0023 076 138 119 186 103 138 150 196
0024 078 135 126 179 098 152 157 199
0025 078 136 125 182 100 158 160 199
0026 077 133 122 184 112 154 160 199
0027 083 131 129 174 118 134 161 180
0028 086 130 138 173 117 132 156 176
0029 095 128 141 175 120 133 158 182
0030 101 135 149 181 000 000 000 000
0031 109 145 155 192 000 000 000 000
0032 093 162 151 200 000 000 000 000
0033 095 178 157 222 000 000 000 000
0034 105 188 152 231 000 000 000 000
0035 094 198 134 235 115 209 178 238
0036 098 197 140 238 135 212 181 236
0037 074 190 130 235 144 203 190 238
0038 150 176 202 226 058 165 119 216
0039 050 137 108 198 159 150 215 208
0040 044 109 105 182 170 126 225 187
0041 041 095 103 168 175 109 231 176
0042 039 088 098 162 180 105 235 171
0043 039 090 093 157 188 098 241 162
0044 189 102 244 161 041 101 091 159
0045 187 112 245 167 045 111 094 166
0046 049 122 093 173 187 126 240 176
0047 183 142 229 189 050 138 091 187
0048 054 153 090 209 171 158 217 207
0049 160 175 207 227 061 181 105 235
0050 156 187 197 233 066 206 107 237
0051 149 188 191 235 073 225 106 239
0052 144 187 188 236 000 000 000 000
0053 140 186 184 236 000 000 000 000
