0000 093 205 123 236 174 191 195 224
0001 174 191 195 225 099 207 121 236
0002 173 190 194 222 099 207 121 236
0003 171 183 193 216 099 207 121 236
0004 094 207 123 235 170 167 197 198
0005 194 151 223 179 098 207 123 236
0006 094 206 123 235 202 159 229 192
0007 184 166 209 201 098 206 120 236
0008 099 206 121 236 181 154 209 188
0009 100 207 122 236 193 155 221 189
0010 093 206 123 236 195 167 221 199
0011 098 205 120 236 175 165 202 197
0012 099 208 121 237 191 152 213 178
0013 099 208 121 237 202 159 228 193
0014 098 205 119 236 188 167 214 204
0015 099 206 121 236 185 158 208 187
0016 195 152 222 183 099 206 121 236
0017 196 162 223 194 098 208 119 234
0018 181 157 206 192 098 208 119 235
0019 099 206 121 235 187 148 213 173
0020 099 206 122 235 192 153 218 179
0021 189 158 214 189 098 208 119 234
0022 098 206 120 236 186 161 212 185
0023 097 208 120 232 183 169 208 201
0024 097 208 119 236 173 187 196 222
0025 097 206 119 235 169 191 192 224
0026 170 193 192 227 098 207 120 236
0027 173 192 196 224 098 207 121 237
0028 172 192 194 224 098 207 121 237
