0000 189 199 211 231 106 207 127 238
0001 191 201 212 232 104 203 124 235
0002 191 201 212 234 090 204 110 234
0003 190 201 212 235 044 190 085 222
0004 191 203 215 238 011 147 063 175
0005 191 203 216 239 015 086 052 127
0006 037 049 067 100 188 203 214 239
0007 054 038 082 085 188 204 212 239
0008 055 037 085 084 187 204 211 239
0009 055 039 085 087 185 203 209 239
0010 054 041 084 088 186 203 210 239
0011 053 041 084 088 188 204 211 239
0012 052 041 084 088 189 202 213 239
0013 052 041 084 088 189 201 215 239
0014 052 041 084 088 191 201 218 239
0015 052 041 084 087 191 202 217 239
0016 052 040 082 088 189 201 216 239
0017 047 043 083 090 189 201 215 239
0018 045 061 074 103 190 202 214 239
0019 189 203 213 239 027 109 057 140
0020 189 200 213 237 049 165 080 196
0021 191 202 214 233 079 193 101 233
0022 189 199 214 236 094 201 113 232
0023 109 206 128 235 188 199 214 232
0024 108 206 128 237 188 201 211 235
0025 107 206 128 237 189 200 211 234
0026 109 207 129 236 189 200 210 234
0027 188 200 210 234 108 207 128 237
