0000 232 185 259 227 143 184 162 218
0001 228 185 256 227 145 183 165 221
0002 227 185 255 228 136 177 158 220
0003 226 184 253 229 118 163 144 197
0004 096 132 132 159 227 185 254 227
0005 089 088 123 119 227 185 254 226
0006 098 048 128 090 227 185 254 226
0007 110 029 139 076 227 184 253 226
0008 122 026 151 073 227 186 253 228
0009 127 030 153 071 227 186 253 227
0010 124 031 150 073 228 185 253 227
0011 125 031 152 073 226 185 254 227
0012 125 031 152 073 228 185 256 228
0013 228 184 257 227 125 033 150 075
0014 125 031 152 074 228 184 257 228
0015 125 031 152 075 228 184 256 228
0016 125 031 152 074 228 184 256 227
0017 126 032 153 076 231 184 257 227
0018 125 032 152 075 228 184 256 227
0019 125 033 152 078 231 182 257 225
0020 121 034 147 076 229 183 256 226
0021 112 046 140 087 228 184 255 227
0022 102 089 134 114 226 184 253 227
0023 227 184 254 226 110 137 131 170
0024 125 161 146 198 225 183 253 226
0025 227 183 254 226 138 168 159 209
0026 229 184 255 226 144 175 166 211
0027 228 184 255 226 146 176 166 211
