0000 221 212 257 239 132 212 170 239
0001 221 212 257 239 132 212 171 239
0002 221 212 257 239 132 212 172 239
0003 221 212 257 239 131 211 173 239
0004 221 213 256 239 132 212 172 239
0005 221 214 257 239 130 212 172 239
0006 220 214 258 239 130 212 172 239
0007 220 211 260 239 133 212 173 239
0008 226 210 267 239 133 212 173 239
0009 241 208 289 239 130 216 175 239
0010 250 191 308 233 132 212 173 239
0011 257 171 318 211 132 212 173 239
0012 261 142 319 188 132 212 172 237
0013 259 112 319 167 132 211 174 239
0014 254 086 314 153 131 211 174 239
0015 250 075 310 140 131 211 173 239
0016 242 063 301 128 132 211 173 239
0017 232 055 290 125 131 210 173 239
0018 222 051 275 119 131 210 174 239
0019 217 052 268 115 131 210 174 239
0020 215 050 265 112 131 210 174 239
0021 211 047 261 112 131 210 174 239
0022 210 048 260 114 131 210 174 239
0023 210 049 260 117 132 212 173 237
0024 211 050 261 117 131 211 174 239
0025 211 051 262 117 131 211 174 239
0026 211 051 263 118 131 211 174 239
0027 211 051 263 118 132 211 173 239
0028 214 052 266 117 131 211 174 239
0029 215 052 265 117 132 211 173 239
0030 215 054 266 118 131 211 174 239
0031 220 055 270 118 132 211 173 239
0032 233 062 281 128 132 211 173 239
0033 247 085 294 149 132 211 173 239
0034 256 135 304 182 132 211 173 239
0035 247 173 298 213 132 210 173 239
0036 242 198 283 237 132 211 174 239
0037 232 206 273 237 132 211 174 239
0038 231 202 270 234 131 211 175 239
0039 230 201 275 234 132 212 173 237
