0008 233 201 262 236 112 223 134 239
0009 242 159 276 190 106 218 128 239
0010 244 077 286 124 094 216 120 237
0011 241 046 283 094 090 215 115 236
0012 235 039 277 088 087 215 118 236
0013 234 043 276 094 092 216 116 236
0014 237 044 278 094 091 218 119 237
0015 238 045 280 095 091 219 118 237
0016 242 046 284 093 093 216 115 236
0017 238 033 274 085 090 221 115 239
0018 203 022 240 073 088 217 117 236
0019 163 040 209 085 093 216 115 235
0020 151 068 195 105 095 219 119 237
0021 152 059 196 102 092 217 115 236
0022 170 043 210 082 092 221 116 239
0023 210 027 240 075 090 221 116 239
0024 258 048 288 087 092 217 114 236
0025 267 069 307 110 091 222 116 239
0026 266 075 308 116 090 221 115 239
0027 266 074 307 115 087 215 110 236
0028 260 069 305 109 088 216 111 235
0029 263 070 304 113 090 221 115 239
0030 260 067 302 112 092 221 116 239
0031 260 066 302 112 093 221 117 239
0032 260 069 303 114 091 221 116 239
0033 257 094 293 140 093 219 117 237
0034 252 157 294 197 099 223 123 239
0035 231 221 264 239 107 224 129 239
0036 112 224 135 239 000 000 000 000
0037 114 223 136 239 000 000 000 000
0038 114 222 136 239 000 000 000 000
0040 113 222 137 239 000 000 000 000
