0001 142 215 185 237 000 000 000 000
0002 164 160 207 209 000 000 000 000
0003 177 110 216 153 000 000 000 000
0004 178 083 215 120 000 000 000 000
0005 176 068 216 107 000 000 000 000
0006 176 064 216 101 000 000 000 000
0007 178 059 210 096 000 000 000 000
0008 182 061 217 097 000 000 000 000
0009 181 057 219 094 000 000 000 000
0010 180 058 212 096 000 000 000 000
0011 180 058 213 097 000 000 000 000
0012 183 062 219 099 000 000 000 000
0013 182 060 219 098 000 000 000 000
0014 182 060 219 098 000 000 000 000
0015 182 061 218 099 000 000 000 000
0016 181 061 218 099 000 000 000 000
0017 181 062 218 100 000 000 000 000
0018 179 068 216 106 000 000 000 000
0019 176 089 217 131 000 000 000 000
0020 175 135 210 179 000 000 000 000
0021 157 186 197 230 000 000 000 000
0022 141 211 183 239 000 000 000 000
