0004 182 198 241 236 000 000 000 000
0005 167 171 226 228 000 000 000 000
0006 152 152 209 206 000 000 000 000
0007 151 150 208 206 000 000 000 000
0008 153 149 216 200 000 000 000 000
0009 150 148 219 195 000 000 000 000
0010 153 150 226 190 000 000 000 000
0011 158 139 217 193 000 000 000 000
0012 164 124 206 203 000 000 000 000
0013 163 118 205 197 000 000 000 000
0014 162 115 205 197 000 000 000 000
0015 159 129 212 192 000 000 000 000
0016 149 136 215 178 000 000 000 000
0017 139 137 206 176 000 000 000 000
0018 144 137 204 188 000 000 000 000
0019 150 132 201 187 000 000 000 000
0020 145 133 204 194 000 000 000 000
0021 144 139 204 192 000 000 000 000
0022 151 138 210 180 000 000 000 000
0023 150 139 215 194 000 000 000 000
0024 158 135 215 197 000 000 000 000
0025 155 137 215 196 000 000 000 000
0026 154 144 219 190 000 000 000 000
0027 156 159 225 196 000 000 000 000
0028 165 182 221 225 000 000 000 000
0029 174 198 221 238 000 000 000 000
