0005 165 221 201 238 000 000 000 000
0006 152 194 195 238 000 000 000 000
0007 148 163 190 202 000 000 000 000
0008 141 134 182 172 000 000 000 000
0009 143 126 180 169 000 000 000 000
0010 137 137 179 178 000 000 000 000
0011 151 161 213 200 000 000 000 000
0012 185 143 253 190 000 000 000 000
0013 208 125 262 180 000 000 000 000
0014 215 092 263 160 000 000 000 000
0015 214 075 256 151 000 000 000 000
0016 203 071 253 145 000 000 000 000
0017 204 068 252 141 000 000 000 000
0018 203 070 252 142 000 000 000 000
0019 205 071 253 143 000 000 000 000
0020 202 075 249 151 000 000 000 000
0021 202 076 251 147 000 000 000 000
0022 205 077 250 148 000 000 000 000
0023 204 079 251 149 000 000 000 000
0024 200 100 249 163 000 000 000 000
0025 190 134 230 189 000 000 000 000
0026 170 183 214 232 000 000 000 000
0027 164 223 199 239 000 000 000 000
