0005 040 211 082 239 000 000 000 000
0006 035 206 081 233 000 000 000 000
0007 133 207 173 235 041 171 079 220
0008 106 174 154 226 000 000 000 000
0009 073 166 135 217 037 202 061 228
0010 056 158 109 195 145 212 188 238
0011 042 157 103 190 147 196 196 230
0012 034 156 101 188 146 192 195 230
0013 039 153 095 190 141 192 196 230
0014 145 189 194 229 034 155 094 191
0015 040 158 104 194 139 189 190 228
0016 130 195 183 229 065 164 112 193
0017 105 181 148 222 000 000 000 000
0018 087 204 116 233 041 181 088 213
0019 046 205 080 235 041 163 077 211
0020 015 201 059 238 201 196 248 234
0021 011 198 050 234 200 193 253 234
0022 010 202 046 236 202 200 240 232
0023 014 207 048 237 193 195 233 236
0024 012 217 050 238 186 206 217 238
0026 161 211 189 235 025 215 061 239
0027 026 213 064 239 154 207 182 234
0028 023 214 064 239 152 217 179 239
0029 029 214 061 236 153 213 178 235
