0000 088 198 110 229 156 198 180 231
0001 088 198 109 229 148 198 171 231
0002 130 174 159 208 088 197 109 228
0003 088 197 109 229 110 140 160 169
0004 088 197 109 229 114 110 149 129
0005 111 091 156 113 089 198 110 229
0006 089 199 110 229 113 091 155 112
0007 088 198 110 229 112 088 157 111
0008 111 089 153 111 087 198 109 229
0009 112 090 155 110 087 201 105 231
0010 088 198 109 230 112 101 152 121
0011 114 126 156 151 089 198 110 230
0012 089 198 110 230 127 181 159 212
0013 089 200 110 232 147 197 179 233
0014 089 199 110 231 160 202 179 235
0015 088 198 110 230 164 201 184 232
0016 088 198 110 230 161 197 182 231
