0003 124 212 171 239 000 000 000 000
0004 123 188 180 232 000 000 000 000
0005 137 151 191 192 000 000 000 000
0006 138 133 192 179 000 000 000 000
0007 144 109 197 165 000 000 000 000
0008 147 100 197 155 000 000 000 000
0009 143 092 196 147 000 000 000 000
0010 143 087 195 145 000 000 000 000
0011 145 084 196 142 000 000 000 000
0012 146 081 197 140 000 000 000 000
0013 147 080 195 141 000 000 000 000
0014 147 081 194 141 000 000 000 000
0015 147 081 198 141 000 000 000 000
0016 147 078 197 140 000 000 000 000
0017 147 079 197 141 000 000 000 000
0018 146 083 196 143 000 000 000 000
0019 143 097 200 153 000 000 000 000
0020 138 124 190 167 000 000 000 000
0021 130 149 184 195 000 000 000 000
0022 119 180 174 225 000 000 000 000
0023 116 209 169 238 000 000 000 000
0024 124 222 160 239 000 000 000 000
