0000 130 210 168 236 074 209 101 236
0001 131 210 168 236 072 209 100 236
0002 131 210 168 236 073 206 101 236
0003 130 210 168 236 074 203 103 235
0004 130 209 168 236 077 202 107 235
0005 130 209 169 236 077 194 106 233
0006 132 204 169 235 078 185 110 220
0007 086 169 128 195 136 188 168 220
0008 136 163 171 198 109 145 144 177
0009 138 135 173 179 127 118 156 159
0010 143 105 176 158 000 000 000 000
0011 151 094 183 148 000 000 000 000
0012 157 086 190 136 000 000 000 000
0013 164 081 195 129 000 000 000 000
0014 164 075 199 126 000 000 000 000
0015 169 074 202 124 000 000 000 000
0016 171 074 205 122 000 000 000 000
0017 166 074 205 124 000 000 000 000
0018 170 072 205 120 000 000 000 000
0019 170 069 204 119 000 000 000 000
0020 170 068 204 118 000 000 000 000
0021 171 069 205 119 000 000 000 000
0022 171 068 205 119 000 000 000 000
0023 171 067 207 118 000 000 000 000
0024 171 067 207 117 000 000 000 000
0025 173 067 207 117 000 000 000 000
0026 172 067 207 118 000 000 000 000
0027 172 067 207 118 000 000 000 000
0028 172 067 207 119 000 000 000 000
0029 172 067 207 118 000 000 000 000
0030 172 066 207 117 000 000 000 000
0031 167 072 205 122 000 000 000 000
0032 164 076 200 125 000 000 000 000
0033 151 094 191 137 000 000 000 000
0034 138 111 179 157 000 000 000 000
0035 123 132 171 176 000 000 000 000
0036 114 155 164 196 000 000 000 000
0037 111 180 156 212 115 147 162 191
0038 116 198 153 235 091 187 124 212
0039 122 208 154 239 085 195 116 219
0040 121 210 155 239 078 197 110 226
0041 121 211 155 239 074 196 105 224
0042 118 210 157 238 075 199 105 223
0043 119 210 157 237 075 201 106 228
0044 119 211 157 237 074 203 106 232
0045 121 212 156 239 076 202 105 231
