0005 073 219 111 239 000 000 000 000
0006 099 211 154 239 000 000 000 000
0007 088 191 160 236 000 000 000 000
0008 098 187 169 238 000 000 000 000
0009 106 179 179 237 000 000 000 000
0010 118 179 185 234 000 000 000 000
0011 109 173 184 232 000 000 000 000
0012 093 130 141 177 124 173 193 228
0013 080 113 126 167 128 171 193 229
0014 065 106 108 160 133 166 198 218
0015 136 161 201 211 061 104 100 160
0016 065 108 100 161 135 161 201 210
0017 059 110 100 162 139 164 200 211
0018 139 163 205 210 062 111 102 160
0019 065 108 107 161 143 161 203 205
0020 072 108 115 160 141 162 201 205
0021 141 163 198 205 086 109 132 164
0022 132 161 196 206 111 108 153 150
0023 138 109 181 162 135 162 196 204
0024 145 116 192 170 132 164 202 203
0025 144 114 191 167 137 167 201 206
0026 143 113 190 170 138 166 200 207
0027 144 115 189 169 138 162 199 204
0028 142 114 188 169 137 162 197 203
0029 145 116 189 171 137 165 194 205
0030 163 143 202 212 102 177 170 223
0031 179 195 219 239 000 000 000 000
