0018 128 220 173 239 000 000 000 000
0019 126 177 173 224 000 000 000 000
0020 131 119 180 182 000 000 000 000
0021 131 099 180 164 000 000 000 000
0022 133 080 181 145 000 000 000 000
0023 132 070 182 134 000 000 000 000
0024 129 066 177 126 000 000 000 000
0025 128 063 176 127 000 000 000 000
0026 126 060 176 126 000 000 000 000
0027 125 063 178 131 000 000 000 000
0028 125 066 178 134 000 000 000 000
0029 124 065 178 134 000 000 000 000
0030 127 067 181 134 000 000 000 000
0031 126 068 179 136 000 000 000 000
0032 127 067 182 137 000 000 000 000
0033 127 067 182 137 000 000 000 000
0034 127 067 181 137 000 000 000 000
0035 125 066 178 137 000 000 000 000
0036 128 067 181 137 000 000 000 000
0037 128 069 181 137 000 000 000 000
0038 127 066 181 138 000 000 000 000
0039 127 070 181 140 000 000 000 000
0040 128 074 180 144 000 000 000 000
0041 125 092 175 161 000 000 000 000
0042 124 137 167 184 000 000 000 000
0043 116 182 161 230 000 000 000 000
