0000 134 183 155 212 197 185 217 212
0001 134 184 155 213 198 185 218 211
0002 135 183 155 213 198 185 218 211
0003 134 184 155 214 198 186 218 211
0004 133 183 155 213 198 186 218 211
0005 133 183 154 214 198 186 218 211
0006 129 178 148 209 198 186 218 211
0007 198 186 218 212 124 166 142 191
0008 198 186 218 212 116 141 137 167
0009 198 185 218 212 116 106 140 133
0010 118 074 145 109 198 185 218 212
0011 124 060 151 093 198 185 218 212
0012 198 186 217 212 126 051 154 080
0013 198 185 217 211 130 053 160 077
0014 198 184 217 210 134 054 163 078
0015 198 184 217 211 140 056 165 078
0016 197 185 217 211 138 058 166 080
0017 197 185 217 211 138 057 166 080
0018 197 185 217 211 138 056 165 080
0019 197 185 217 211 137 056 165 081
0020 197 185 217 211 139 055 164 081
0021 197 185 217 211 139 055 164 081
0022 197 185 217 211 138 054 165 081
0023 197 185 217 211 138 056 165 082
0024 198 186 217 211 136 059 164 084
0025 198 186 217 211 137 064 161 089
0026 198 185 217 211 134 085 158 116
0027 198 185 217 211 132 124 157 147
0028 198 185 217 211 134 155 157 179
0029 133 166 156 195 198 185 217 211
0030 198 185 218 212 134 175 156 203
0031 135 177 157 208 198 187 218 213
