0003 186 194 222 235 000 000 000 000
0004 132 223 166 239 000 000 000 000
0005 154 192 195 233 089 209 114 237
0006 169 171 211 211 111 198 140 230
0007 172 140 215 181 120 173 160 209
0008 162 136 206 175 131 160 193 196
0009 132 159 203 197 165 131 201 174
0010 160 131 202 169 139 155 209 189
0011 156 130 199 169 136 154 197 187
0012 145 132 198 171 138 158 204 187
0013 145 128 197 171 136 154 196 186
0014 129 127 186 169 131 153 196 186
0015 127 127 181 168 127 158 189 188
0016 126 156 192 189 119 129 168 167
0017 123 158 191 193 119 135 164 171
0018 125 170 180 204 116 137 170 177
0019 118 146 174 193 117 187 160 229
0020 113 205 142 239 123 160 168 200
0021 129 197 168 234 215 209 256 235
0022 214 211 252 235 145 221 177 239
