0009 137 220 183 239 000 000 000 000
0010 116 156 159 205 000 000 000 000
0011 103 072 137 146 000 000 000 000
0012 097 059 129 127 000 000 000 000
0013 077 074 124 126 000 000 000 000
0014 079 093 148 128 000 000 000 000
0015 121 076 170 116 103 107 127 132
0016 123 070 183 100 000 000 000 000
0017 141 047 187 104 000 000 000 000
0018 146 068 187 124 000 000 000 000
0019 142 098 207 133 000 000 000 000
0020 159 090 214 136 000 000 000 000
0021 173 075 227 110 000 000 000 000
0022 183 054 232 100 000 000 000 000
0023 195 052 235 112 000 000 000 000
0024 194 075 231 138 000 000 000 000
0025 188 099 228 147 000 000 000 000
0026 183 094 225 137 000 000 000 000
0027 182 061 231 105 000 000 000 000
0028 178 038 230 083 000 000 000 000
0029 166 013 222 061 000 000 000 000
0030 156 012 207 062 000 000 000 000
0031 147 041 194 099 000 000 000 000
0032 145 093 191 153 000 000 000 000
0033 144 109 194 163 000 000 000 000
0034 143 103 189 161 000 000 000 000
0035 140 102 190 155 000 000 000 000
0036 138 099 189 150 000 000 000 000
0037 137 104 190 154 000 000 000 000
0038 137 114 197 164 000 000 000 000
0039 145 148 205 199 000 000 000 000
0040 155 194 202 237 000 000 000 000
0041 166 222 199 239 000 000 000 000
