0000 118 218 140 239 201 221 227 239
0001 119 219 142 239 201 222 228 239
0002 118 218 143 239 198 223 227 239
0003 191 220 219 239 119 218 145 239
0004 179 212 211 238 129 213 154 237
0005 164 190 200 227 138 196 165 228
0006 161 164 201 200 144 174 167 205
0007 149 139 197 170 139 143 168 176
0008 147 121 199 152 138 118 166 157
0009 139 092 186 126 000 000 000 000
0010 140 046 165 081 162 067 199 094
0011 158 045 194 074 141 029 166 061
0012 158 035 196 060 144 020 171 050
0013 157 033 198 056 141 016 168 048
0014 175 027 215 055 128 014 154 049
0015 201 026 240 057 109 023 138 053
0016 092 031 122 065 225 028 263 062
0017 237 031 271 066 087 036 114 069
0018 085 036 114 071 240 032 275 067
0019 240 030 276 065 084 037 116 071
0020 244 037 277 075 078 045 108 079
0021 070 071 100 109 256 072 283 103
0022 069 118 100 154 247 131 286 170
0023 238 192 266 235 077 177 105 205
0024 107 217 128 236 212 218 238 239
0025 117 217 137 237 212 222 231 239
0026 118 216 140 239 207 222 231 239
0027 118 219 143 239 214 223 236 239
