0003 180 202 233 239 000 000 000 000
0004 177 126 224 177 000 000 000 000
0005 188 105 230 160 000 000 000 000
0006 202 121 251 182 000 000 000 000
0007 203 138 250 199 000 000 000 000
0008 187 146 235 201 000 000 000 000
0009 171 139 219 193 000 000 000 000
0010 161 121 207 177 000 000 000 000
0011 175 112 217 170 000 000 000 000
0012 202 118 238 181 000 000 000 000
0013 190 141 241 202 000 000 000 000
0014 172 147 220 207 000 000 000 000
0015 162 144 206 198 000 000 000 000
0016 168 124 208 191 000 000 000 000
0017 183 114 231 181 000 000 000 000
0018 208 137 250 198 000 000 000 000
0019 210 189 267 239 000 000 000 000
