0003 172 213 206 238 000 000 000 000
0004 137 196 190 238 000 000 000 000
0005 149 120 193 178 000 000 000 000
0006 151 088 200 158 000 000 000 000
0007 156 057 209 136 000 000 000 000
0008 156 045 209 127 000 000 000 000
0009 154 043 210 121 000 000 000 000
0010 159 036 214 114 000 000 000 000
0011 157 034 213 117 000 000 000 000
0012 155 028 214 116 000 000 000 000
0013 160 028 213 111 000 000 000 000
0014 154 027 210 106 000 000 000 000
0015 160 030 213 112 000 000 000 000
0016 160 035 211 112 000 000 000 000
0017 158 046 214 135 000 000 000 000
0018 156 092 208 168 000 000 000 000
0019 154 150 205 199 000 000 000 000
