0000 065 220 113 239 137 222 185 239
0001 071 199 125 238 138 219 182 239
0002 074 164 124 216 136 220 184 239
0003 076 143 123 192 136 220 184 239
0004 077 143 126 193 135 222 187 239
0005 076 144 125 194 131 213 185 239
0006 148 183 197 234 075 144 125 194
0007 164 155 217 216 076 144 125 194
0008 167 142 221 203 076 145 125 195
0009 076 145 125 194 166 129 201 187
0010 076 144 125 193 162 120 202 181
0011 076 144 125 193 166 120 224 182
0012 076 144 125 191 167 112 213 177
0013 076 144 125 191 165 114 204 177
0014 076 144 125 194 169 111 208 179
0015 075 149 125 199 172 123 216 194
0016 076 158 125 211 176 163 226 214
0017 075 183 124 233 175 190 224 239
0018 172 205 221 239 069 209 123 239
0019 171 210 218 239 065 215 123 239
0020 175 214 216 237 065 218 125 238
0021 174 210 218 239 063 216 122 239
0022 059 218 122 239 175 214 218 239
