0000 115 209 153 239 041 206 070 235
0001 114 209 153 239 040 206 070 235
0002 115 203 151 237 035 208 074 237
0003 113 194 150 235 035 208 074 237
0004 115 175 150 226 035 208 074 238
0005 120 155 152 202 041 207 070 237
0006 122 140 153 176 040 207 070 237
0007 103 135 148 168 041 208 070 237
0008 090 128 149 159 041 208 070 237
0009 097 125 150 155 041 208 070 237
0010 117 126 156 164 041 208 070 237
0011 041 207 070 236 126 130 160 157
0012 041 204 070 235 129 131 168 162
0013 041 204 070 235 116 133 149 165
0014 092 132 144 160 040 204 070 235
0015 090 127 149 157 035 207 074 237
0016 040 205 070 235 116 130 147 162
0017 041 206 070 236 125 132 159 156
0018 041 206 071 235 120 133 154 171
0019 100 132 148 161 040 205 070 235
0020 086 130 140 158 041 205 070 235
0021 087 128 141 156 040 205 070 235
0022 041 206 070 235 115 129 149 166
0023 041 206 071 235 122 130 154 164
0024 040 207 070 235 118 131 148 166
0025 103 131 147 163 042 207 070 235
0026 088 130 144 159 042 207 069 234
0027 089 127 149 157 040 207 069 235
0028 096 132 145 158 042 207 070 235
0029 105 134 149 161 042 207 070 235
0030 118 137 154 175 042 207 070 234
0031 118 138 155 177 040 208 070 236
0032 119 138 153 172 042 207 070 235
0033 116 138 149 171 042 208 070 235
0034 116 141 151 174 041 207 070 235
0035 116 141 152 177 042 207 070 235
0036 115 142 152 176 036 209 074 237
0037 113 145 151 179 039 208 070 235
0038 110 158 154 194 040 209 069 235
0039 110 166 154 203 036 209 074 237
0040 115 175 153 214 041 208 070 235
0041 111 186 154 227 041 208 070 236
0042 112 191 155 234 036 208 074 237
0043 113 195 156 237 041 208 070 235
0044 112 199 154 235 036 208 074 237
0045 112 203 153 235 036 207 074 237
0046 112 205 152 236 036 207 074 237
0047 111 208 153 238 041 208 070 235
0048 111 210 151 238 042 208 069 236
0049 111 209 151 238 042 207 070 235
0050 111 209 151 238 042 207 070 235
0051 111 208 151 238 042 206 069 235
0052 111 209 151 238 041 207 070 235
0053 111 209 151 238 041 207 070 235
0054 111 209 151 238 042 207 070 235
0055 111 209 151 238 042 207 070 235
0056 111 209 151 238 041 206 070 235
