0000 105 214 129 239 185 221 208 237
0001 104 214 131 239 185 222 208 238
0002 101 214 127 239 185 220 210 239
0003 184 218 212 239 103 211 125 237
0004 095 209 121 237 184 217 212 239
0005 098 205 121 236 184 216 212 239
0006 096 192 120 236 183 213 212 239
0007 092 185 119 230 183 203 214 236
0008 092 183 119 225 187 198 213 238
0009 093 179 119 223 183 190 209 235
0010 176 186 203 234 102 179 126 223
0011 166 182 196 229 113 179 136 210
0012 159 177 188 223 125 177 151 217
0013 129 175 156 217 157 177 183 217
0014 158 174 183 217 131 171 157 214
0015 131 170 157 212 159 175 185 215
0016 160 177 186 217 131 171 157 214
0017 161 175 189 216 132 171 159 215
0018 162 174 189 216 131 173 158 215
0019 126 175 154 217 163 176 191 219
0020 170 176 197 223 120 177 144 218
0021 180 176 208 224 108 176 132 219
0022 094 175 121 225 189 175 216 223
0023 085 176 112 223 197 180 226 226
0024 200 175 228 222 080 173 109 220
0025 199 175 227 223 079 174 109 221
0026 086 174 114 222 194 175 222 224
0027 188 173 216 223 093 175 120 224
0028 177 173 206 223 105 176 129 219
0029 164 176 194 223 120 175 145 215
0030 158 176 185 216 127 176 155 215
0031 130 173 156 213 158 176 183 216
0032 161 175 188 217 128 175 155 215
0033 158 173 195 217 123 175 153 219
0034 163 174 191 218 125 175 151 216
0035 168 175 196 223 119 177 146 217
0036 176 174 204 223 112 176 137 217
0037 188 176 215 227 100 176 126 228
0038 198 176 226 226 084 180 112 228
0039 205 176 234 224 073 178 103 226
0040 067 177 098 225 209 177 236 224
0041 207 176 235 223 067 177 098 223
0042 203 176 231 226 070 180 100 225
0043 078 176 107 224 195 177 222 230
0044 091 176 117 227 185 177 212 229
0045 173 179 200 226 106 177 130 226
0046 163 177 189 223 118 178 144 218
0047 122 178 148 213 157 176 186 220
0048 160 176 185 223 124 180 151 215
0049 160 179 187 223 124 180 150 216
0050 161 179 187 222 125 177 151 217
0051 161 179 187 223 122 176 152 218
0052 161 180 187 222 123 176 152 218
0053 162 179 189 223 123 177 152 219
0054 162 178 189 223 123 178 152 218
0055 124 176 151 219 162 180 188 225
0056 169 180 197 226 118 178 144 222
0057 179 183 207 236 107 181 132 230
0058 191 181 217 231 092 183 118 235
0059 079 179 109 230 201 181 229 230
0060 205 181 234 230 074 182 102 230
0061 205 182 234 231 073 181 102 229
0062 079 179 107 229 200 181 229 230
0063 192 182 219 232 090 182 116 229
0064 103 179 129 230 183 181 210 230
0065 172 181 200 228 116 180 141 222
0066 166 184 193 225 124 181 152 223
0067 127 183 155 221 164 183 190 225
0068 163 183 189 225 129 181 158 221
0069 129 180 157 221 163 182 189 225
0070 162 182 190 226 126 180 154 222
0071 125 182 153 224 162 180 189 226
0072 163 184 190 227 124 183 151 222
0073 167 183 194 229 123 185 149 231
0074 168 185 195 237 120 198 146 237
0075 175 192 199 236 114 206 138 239
0076 177 200 203 239 111 205 138 237
0077 110 208 138 239 181 207 209 238
0078 109 205 136 239 184 213 213 238
0079 110 205 137 239 188 220 216 237
