0012 047 210 089 239 000 000 000 000
0013 039 186 085 238 000 000 000 000
0014 033 163 082 224 000 000 000 000
0015 032 150 079 208 000 000 000 000
0016 027 142 075 197 000 000 000 000
0017 027 137 074 191 000 000 000 000
0018 028 130 074 182 000 000 000 000
0019 028 127 075 180 000 000 000 000
0020 030 125 079 177 000 000 000 000
0021 028 119 081 174 000 000 000 000
0022 029 119 081 172 000 000 000 000
0023 029 118 081 170 000 000 000 000
0024 030 116 082 169 000 000 000 000
0025 029 116 081 172 000 000 000 000
0026 028 116 080 171 000 000 000 000
0027 029 116 079 171 000 000 000 000
0028 029 116 079 171 000 000 000 000
0029 029 116 080 171 000 000 000 000
0030 028 115 080 171 000 000 000 000
0031 029 116 080 171 000 000 000 000
0032 028 114 082 169 000 000 000 000
0033 029 117 081 172 000 000 000 000
0034 029 116 082 169 000 000 000 000
0035 029 117 082 170 000 000 000 000
0036 028 118 083 172 000 000 000 000
0037 029 120 084 176 000 000 000 000
0038 029 131 086 187 000 000 000 000
0039 033 148 080 206 000 000 000 000
0040 041 169 084 232 000 000 000 000
0041 048 201 087 238 000 000 000 000
