0009 145 209 200 238 000 000 000 000
0010 203 203 270 238 000 000 000 000
0011 200 167 260 217 187 193 244 229
0012 192 145 248 201 000 000 000 000
0013 191 134 243 191 000 000 000 000
0014 186 124 232 189 000 000 000 000
0015 183 114 225 192 000 000 000 000
0016 181 112 221 187 000 000 000 000
0017 179 115 218 190 000 000 000 000
0018 180 109 221 186 000 000 000 000
0019 176 109 216 187 000 000 000 000
0020 175 110 215 186 000 000 000 000
0021 175 109 214 184 000 000 000 000
0022 174 111 214 186 000 000 000 000
0023 174 111 214 186 000 000 000 000
0024 174 109 213 186 000 000 000 000
0025 176 110 216 188 000 000 000 000
0026 175 112 214 188 000 000 000 000
0027 175 111 214 189 000 000 000 000
0028 173 113 214 193 000 000 000 000
0029 174 113 214 193 000 000 000 000
0030 176 112 215 191 000 000 000 000
0031 178 115 216 192 000 000 000 000
0032 181 115 221 194 000 000 000 000
0033 183 116 222 193 000 000 000 000
0034 186 124 229 203 000 000 000 000
0035 196 183 242 225 207 153 254 212
0036 222 205 271 236 000 000 000 000
