0000 057 213 103 238 000 000 000 000
0001 058 213 102 239 000 000 000 000
0002 055 213 103 238 000 000 000 000
0003 059 214 103 239 155 219 211 239
0004 159 198 214 238 054 214 103 238
0005 159 166 220 225 054 214 103 238
0006 163 131 224 193 056 215 103 238
0007 164 106 226 171 055 216 101 239
0008 171 095 227 160 053 214 106 239
0009 169 084 228 150 054 216 102 239
0010 170 076 227 139 055 216 102 239
0011 168 070 226 140 056 214 103 238
0012 168 069 226 134 057 214 103 238
0013 169 069 227 135 057 215 104 238
0014 169 067 228 133 053 214 101 239
0015 169 068 229 135 057 214 103 238
0016 169 065 232 136 056 213 104 238
0017 169 066 233 136 057 214 103 238
0018 169 066 233 138 057 214 104 238
0019 163 069 234 134 057 213 104 239
0020 168 067 229 136 057 214 104 238
0021 170 067 229 132 057 214 104 238
0022 167 068 229 136 057 214 104 238
0023 166 071 227 136 057 214 104 238
0024 164 073 226 137 053 213 104 238
0025 165 070 228 135 053 213 104 238
0026 163 075 229 137 057 213 104 239
0027 164 068 224 133 057 213 104 239
0028 164 073 224 136 058 213 104 239
0029 164 072 224 136 058 213 104 239
0030 163 073 224 136 058 214 104 239
0031 161 074 223 138 058 214 104 239
0032 162 071 223 138 058 213 104 239
0033 159 074 215 140 057 213 104 239
0034 157 076 212 146 054 213 104 239
0035 156 076 208 148 054 213 104 239
0036 154 073 208 151 054 214 103 239
0037 154 076 200 151 053 214 104 239
0038 155 077 203 153 053 215 104 239
0039 153 078 207 158 053 215 105 239
0040 159 081 203 159 054 215 104 239
0041 157 081 209 160 053 215 104 239
0042 163 080 215 149 055 215 105 239
0043 163 084 214 154 054 216 105 239
0044 163 085 214 155 054 216 104 238
0045 168 083 211 156 054 215 104 238
0046 164 081 214 154 056 215 104 238
0047 170 081 216 153 057 215 105 239
0048 173 080 221 150 055 215 105 239
0049 172 080 221 152 056 215 105 239
0050 172 080 221 151 053 215 104 238
0051 172 084 220 151 053 214 104 238
0052 173 084 220 151 053 214 104 238
0053 173 085 223 152 053 214 104 238
0054 172 085 223 153 054 214 105 238
0055 172 086 223 154 053 214 105 238
0056 173 086 223 152 054 214 104 238
0057 172 085 221 151 053 214 104 238
0058 172 084 221 152 053 214 104 238
0059 175 083 217 156 053 214 105 238
0060 174 082 216 159 053 214 105 238
0061 174 081 216 156 053 214 105 238
0062 174 082 216 159 052 216 104 239
0063 175 080 220 158 053 216 104 239
0064 175 081 221 158 053 216 104 239
0065 175 080 221 157 053 215 104 239
0066 172 088 216 162 053 215 104 239
0067 163 115 213 198 053 215 104 238
0068 155 186 209 238 053 216 103 239
0069 055 215 103 238 000 000 000 000
