0000 149 219 179 238 099 218 129 238
0001 143 214 173 237 102 215 136 237
0002 139 213 170 238 108 214 140 239
0003 136 212 168 239 107 212 135 239
0004 131 208 170 238 109 211 139 239
0005 105 203 139 237 135 201 165 229
0006 122 189 164 224 102 193 139 224
0007 128 178 164 214 098 178 134 211
0008 093 130 143 164 130 135 169 166
0009 121 094 173 124 089 092 143 122
0010 104 047 170 085 000 000 000 000
0011 103 028 169 060 000 000 000 000
0012 123 011 168 045 092 012 141 047
0013 128 010 168 040 094 007 135 038
0014 097 009 139 037 133 009 167 037
0015 097 009 138 037 126 010 166 036
0016 097 006 131 035 129 010 164 037
0017 125 010 164 037 095 010 135 038
0018 095 007 132 036 127 010 162 037
0019 094 007 136 038 128 014 159 040
0020 128 014 159 041 096 008 134 038
0021 125 013 162 039 097 010 133 039
0022 128 013 161 040 098 010 131 036
0023 099 012 133 037 126 012 166 038
0024 097 009 138 039 140 015 179 039
0025 089 010 136 041 176 020 209 049
0026 086 010 133 040 193 033 224 063
0027 087 009 129 037 195 035 224 063
0028 087 013 130 037 197 036 226 065
0029 086 010 134 039 198 034 224 063
0030 086 009 134 039 193 031 223 059
0031 086 010 134 039 191 031 220 058
0032 086 014 132 041 190 030 221 059
0033 191 034 222 063 082 017 127 050
0034 195 048 225 081 072 038 116 073
0035 206 080 234 113 059 087 101 117
0036 204 141 235 169 052 163 078 199
0037 061 205 085 237 200 183 224 212
0038 185 214 210 239 070 217 095 237
0039 174 217 202 239 076 220 100 239
0040 174 219 195 239 082 222 102 238
0041 173 220 193 239 085 221 106 239
0042 171 216 194 239 084 221 105 239
0043 174 219 195 239 085 222 107 239
0044 174 219 195 239 087 221 107 239
0045 175 221 195 239 086 223 106 239
0046 174 222 195 239 086 223 106 239
