0000 183 193 203 224 114 198 133 228
0001 184 193 205 223 114 198 133 228
0002 184 193 206 224 114 198 133 228
0003 183 194 205 224 114 198 132 227
0004 114 198 132 227 179 198 202 227
0005 114 198 132 227 182 200 204 225
0006 183 194 204 225 114 198 132 227
0007 114 199 133 227 183 194 204 225
0008 113 197 133 226 183 194 204 225
0009 113 194 131 217 182 193 205 224
0010 112 184 135 209 183 190 208 224
0011 111 156 144 188 178 182 205 209
0012 166 143 197 172 124 120 159 145
0013 137 099 163 122 158 113 188 141
0014 142 088 181 121 000 000 000 000
0015 148 082 177 113 000 000 000 000
0016 149 083 177 111 000 000 000 000
0017 149 083 179 110 000 000 000 000
0018 149 082 177 110 000 000 000 000
0019 148 079 176 107 000 000 000 000
0020 147 078 175 108 000 000 000 000
0021 146 076 172 106 000 000 000 000
0022 146 077 172 105 000 000 000 000
0023 146 076 172 104 000 000 000 000
0024 143 075 173 104 000 000 000 000
0025 139 088 182 118 000 000 000 000
0026 160 101 190 133 132 098 158 120
0027 122 120 152 149 175 140 203 176
0028 112 162 142 190 190 183 212 216
0029 105 178 144 209 193 194 213 224
0030 108 190 135 219 190 194 209 222
0031 111 196 133 224 187 191 208 219
0032 113 197 131 227 187 193 205 224
