0003 186 211 222 239 111 222 150 239
0004 185 158 243 238 124 171 174 227
0005 192 134 242 210 134 142 180 206
0006 197 099 242 186 140 118 191 188
0007 196 086 234 164 147 104 198 172
0008 188 082 228 157 149 095 195 166
0009 189 080 225 156 148 098 194 160
0010 185 078 225 155 147 098 193 158
0011 184 077 224 155 146 097 192 160
0012 187 082 224 163 144 097 190 160
0013 187 082 224 162 148 096 189 165
0014 184 083 222 162 147 096 188 164
0015 184 082 222 160 143 096 189 159
0016 184 082 221 162 142 095 189 160
0017 184 082 222 161 142 095 190 160
0018 184 082 221 160 141 095 190 161
0019 183 083 224 160 138 100 190 163
0020 129 110 185 169 184 090 225 162
0021 176 118 228 178 108 146 169 216
0022 176 167 228 228 092 214 143 239
0023 186 221 215 239 000 000 000 000
