0000 152 215 174 237 244 223 268 239
0001 149 214 173 236 242 222 267 239
0002 148 214 172 237 242 223 271 239
0003 150 215 174 239 242 222 273 239
0004 150 215 175 239 240 223 266 239
0005 150 215 174 239 000 000 000 000
0006 148 215 174 238 237 223 264 239
0007 146 210 172 239 227 221 262 238
0008 216 205 253 237 149 214 175 239
0009 204 195 241 233 149 214 174 239
0010 182 173 225 209 149 211 175 239
0011 172 151 209 186 145 214 171 239
0012 161 131 200 166 146 213 171 239
0013 162 118 197 149 144 214 170 239
0014 144 214 170 239 163 116 197 148
0015 158 117 197 149 148 212 173 239
0016 161 115 196 145 144 214 170 239
0017 163 114 199 144 147 212 172 239
0018 163 113 195 145 145 213 172 239
0019 159 114 196 145 144 213 171 239
0020 173 137 215 173 144 213 170 239
0021 141 207 165 236 000 000 000 000
0022 279 204 308 237 138 208 165 237
0023 280 200 307 230 139 209 160 237
0024 278 198 306 233 137 208 164 237
0025 276 201 301 235 133 208 158 239
0026 273 202 301 235 138 210 159 238
0027 272 201 298 234 138 210 159 237
0028 271 204 297 235 137 210 159 237
0029 263 208 291 237 134 209 159 239
0030 257 207 284 238 137 214 163 239
0031 251 208 278 238 142 211 167 238
0032 244 211 274 238 141 214 165 238
0033 243 209 272 236 143 215 167 239
0034 239 212 267 237 143 210 167 237
0035 238 214 266 238 144 214 171 239
0036 239 214 267 237 149 212 173 239
0037 239 213 267 237 149 212 174 239
0038 236 210 271 239 145 215 170 239
0039 239 213 267 237 149 213 173 239
0040 237 210 271 239 149 213 173 239
0041 240 213 267 237 149 213 173 239
0042 239 213 267 237 149 213 173 239
0043 239 213 267 238 149 212 173 239
0044 239 213 267 238 149 212 173 239
0045 239 213 267 238 149 212 173 239
0046 239 213 266 238 149 212 172 239
0047 239 213 267 238 148 212 172 238
