0000 151 217 175 238 000 000 000 000
0004 043 177 079 229 000 000 000 000
0005 044 206 082 236 177 190 214 224
0006 041 182 093 228 178 163 213 195
0007 045 167 096 214 176 145 220 181
0008 046 163 095 208 178 146 221 181
0009 047 167 099 212 182 151 220 186
0010 049 169 099 216 178 154 215 187
0011 049 170 097 218 179 151 210 175
0012 043 170 097 216 164 157 203 190
0013 043 173 096 219 163 156 211 194
0014 047 172 098 217 171 158 207 191
0015 042 172 100 216 168 159 203 191
0016 045 172 104 215 167 149 208 188
0017 048 171 102 217 171 145 213 185
0018 048 171 101 218 171 150 209 187
0019 045 171 104 215 167 148 206 185
0020 046 172 106 215 170 148 206 186
0021 046 172 104 215 168 148 205 185
0022 046 172 105 215 169 150 204 186
0023 046 172 105 215 167 153 206 188
0024 046 168 094 216 168 152 207 186
0025 043 171 095 214 164 146 207 187
0026 042 170 096 214 164 146 208 186
0027 048 174 098 218 169 150 203 188
0028 043 173 096 219 167 151 206 189
0029 044 175 094 220 165 158 202 194
0030 044 175 098 220 168 155 204 193
0031 043 175 094 220 168 156 205 195
0032 042 175 094 221 164 162 201 197
0033 043 174 095 221 163 157 204 195
0034 042 174 094 222 163 162 207 200
0035 044 175 097 226 157 168 201 207
0036 157 180 201 228 047 197 093 239
0037 042 186 086 232 154 208 191 235
0038 153 212 180 239 040 209 079 238
0040 036 213 065 238 000 000 000 000
0041 035 209 068 234 000 000 000 000
0042 035 214 064 238 000 000 000 000
0043 035 213 063 236 000 000 000 000
