0000 214 210 256 239 135 217 180 239
0001 215 210 256 239 135 217 179 239
0002 215 209 256 239 135 217 179 239
0003 215 209 256 239 135 217 179 239
0004 215 209 256 239 135 217 179 239
0005 215 209 256 239 135 217 179 239
0006 215 210 257 239 135 216 179 239
0007 218 203 261 239 135 216 179 239
0008 235 198 282 235 135 216 179 239
0009 241 182 301 217 135 216 179 239
0010 254 156 312 195 135 215 179 239
0011 256 121 312 171 135 216 179 239
0012 249 101 309 159 135 217 179 239
0013 245 088 305 149 135 217 179 239
0014 241 078 301 139 135 217 179 239
0015 239 068 295 132 135 217 179 239
0016 234 064 291 127 135 217 179 239
0017 234 061 286 120 135 217 179 239
0018 231 060 281 119 135 217 179 239
0019 230 054 282 115 135 217 180 239
0020 228 054 279 115 135 217 179 239
0021 229 054 279 116 135 217 179 239
0022 229 053 279 116 135 217 179 239
0023 228 052 281 116 135 217 179 239
0024 228 055 280 116 135 217 178 239
0025 229 054 282 115 135 217 178 239
0026 227 054 279 116 135 217 178 239
0027 228 054 279 117 135 217 178 239
0028 228 055 283 118 135 217 178 239
0029 229 056 283 118 135 217 178 239
0030 227 053 279 117 135 217 178 239
0031 228 055 282 117 135 217 178 239
0032 230 057 281 119 135 217 178 239
0033 234 061 289 123 135 217 178 239
0034 239 074 295 133 135 217 178 239
0035 244 104 295 154 135 217 178 239
0036 248 136 292 180 133 216 176 237
0037 245 156 287 197 135 217 179 239
0038 235 183 274 223 133 216 176 237
0039 216 198 255 235 133 216 176 237
0040 213 209 256 239 132 216 176 237
0041 215 209 256 239 132 216 176 237
0042 215 209 257 239 134 217 179 239
0043 216 209 256 239 132 216 176 237
0044 215 210 254 239 132 216 176 237
0045 216 210 256 239 134 217 179 239
