0001 102 209 159 239 000 000 000 000
0002 109 163 158 212 000 000 000 000
0003 120 117 163 170 000 000 000 000
0004 126 095 167 148 000 000 000 000
0005 132 089 168 140 000 000 000 000
0006 127 087 165 134 000 000 000 000
0007 114 094 154 143 000 000 000 000
0008 090 120 148 155 000 000 000 000
0009 110 098 155 145 000 000 000 000
0010 132 091 167 145 000 000 000 000
0011 126 090 164 143 000 000 000 000
0012 105 101 160 141 000 000 000 000
0013 094 119 150 152 000 000 000 000
0014 100 119 154 151 000 000 000 000
0015 106 108 160 146 000 000 000 000
0016 108 111 161 159 000 000 000 000
0017 106 140 160 192 000 000 000 000
0018 104 184 159 232 000 000 000 000
0019 112 218 157 239 000 000 000 000
0021 131 213 174 239 000 000 000 000
0022 133 211 179 234 000 000 000 000
0023 130 212 174 237 000 000 000 000
