0003 134 212 172 239 000 000 000 000
0004 150 183 203 228 000 000 000 000
0005 160 146 218 200 000 000 000 000
0006 166 120 226 180 000 000 000 000
0007 168 102 225 167 000 000 000 000
0008 169 093 225 161 000 000 000 000
0009 171 087 224 152 000 000 000 000
0010 170 079 225 153 000 000 000 000
0011 165 078 222 157 000 000 000 000
0012 169 081 222 149 000 000 000 000
0013 168 082 222 151 000 000 000 000
0014 164 080 222 158 000 000 000 000
0015 165 080 222 159 000 000 000 000
0016 169 083 223 152 000 000 000 000
0017 169 083 220 154 000 000 000 000
0018 169 084 222 155 000 000 000 000
0019 171 092 224 161 000 000 000 000
0020 171 101 233 173 000 000 000 000
0021 170 125 221 184 000 000 000 000
0022 163 149 209 203 000 000 000 000
0023 156 174 193 226 000 000 000 000
0024 150 185 187 236 000 000 000 000
0025 139 195 177 236 000 000 000 000
0026 124 207 168 238 000 000 000 000
0027 124 213 163 239 000 000 000 000
0028 125 220 162 239 000 000 000 000
