0011 110 156 164 222 000 000 000 000
0012 122 137 166 193 000 000 000 000
0013 132 129 176 178 000 000 000 000
0014 137 128 169 176 000 000 000 000
0015 124 139 176 189 000 000 000 000
0016 130 145 182 194 000 000 000 000
0017 140 135 175 183 000 000 000 000
0018 140 130 181 183 000 000 000 000
0019 143 130 178 182 000 000 000 000
0020 146 130 180 180 000 000 000 000
0021 135 147 186 194 000 000 000 000
0022 145 156 195 203 000 000 000 000
0023 149 162 202 209 000 000 000 000
0024 160 151 194 211 000 000 000 000
0025 151 157 198 222 000 000 000 000
0026 142 170 191 234 000 000 000 000
0027 142 187 178 239 000 000 000 000
0028 132 217 171 236 000 000 000 000
