0011 098 215 166 239 000 000 000 000
0012 069 174 126 217 000 000 000 000
0013 061 170 114 209 000 000 000 000
0014 061 170 112 204 000 000 000 000
0015 061 172 111 208 000 000 000 000
0016 062 170 111 207 000 000 000 000
0017 060 172 112 208 000 000 000 000
0018 062 172 113 208 000 000 000 000
0019 062 172 114 208 000 000 000 000
0020 062 171 116 204 000 000 000 000
0021 061 170 116 204 000 000 000 000
0022 061 170 116 204 000 000 000 000
0023 058 171 112 208 000 000 000 000
0024 061 170 116 205 000 000 000 000
0025 061 169 115 205 000 000 000 000
0026 061 170 114 205 000 000 000 000
0027 060 169 114 205 000 000 000 000
0028 060 169 116 205 000 000 000 000
0029 056 170 118 208 000 000 000 000
0030 061 165 115 205 000 000 000 000
0031 066 168 126 210 000 000 000 000
0032 076 176 140 221 000 000 000 000
0033 119 204 170 238 000 000 000 000
