0000 150 212 173 238 240 222 267 239
0001 151 214 177 238 239 222 267 238
0002 154 215 181 238 241 222 272 239
0003 156 213 186 239 241 222 270 238
0004 171 178 210 222 241 222 272 239
0005 176 132 213 165 240 221 268 237
0006 177 090 210 124 240 221 268 237
0007 177 050 212 104 241 221 272 239
0008 181 047 214 093 240 221 268 237
0009 182 045 215 095 243 221 269 238
0010 183 047 216 096 239 221 267 238
0011 182 045 221 093 241 221 269 237
0012 181 045 223 096 239 220 267 238
0013 180 043 224 093 239 222 266 239
0014 181 045 224 092 241 221 272 239
0015 181 044 224 093 238 221 267 238
0016 182 043 222 092 242 221 267 237
0017 180 042 222 095 238 221 267 238
0018 182 044 221 095 238 221 267 238
0019 181 044 223 095 239 221 267 238
0020 182 047 220 099 239 221 267 238
0021 180 063 212 113 239 219 268 237
0022 168 136 200 174 240 218 268 237
0023 156 179 187 227 241 219 269 237
0024 148 206 174 239 243 218 270 239
0025 147 212 172 239 241 219 268 237
0026 149 213 174 239 240 219 268 237
0027 145 212 167 236 239 219 269 237
0028 144 212 167 236 239 219 268 237
0029 144 212 166 236 241 222 266 239
0030 149 212 170 238 238 220 266 237
0031 149 212 170 238 238 220 266 237
0032 150 212 170 238 238 220 266 237
