0002 158 202 199 237 000 000 000 000
0003 183 142 217 210 000 000 000 000
0004 190 122 226 191 000 000 000 000
0005 186 104 223 171 000 000 000 000
0006 155 101 214 154 000 000 000 000
0007 139 109 210 151 000 000 000 000
0008 147 101 209 153 000 000 000 000
0009 139 105 211 151 000 000 000 000
0010 140 103 215 153 000 000 000 000
0011 148 106 220 158 000 000 000 000
0012 165 099 217 157 000 000 000 000
0013 181 101 228 165 000 000 000 000
0014 184 108 240 171 000 000 000 000
0015 183 109 241 174 000 000 000 000
0016 182 105 241 170 000 000 000 000
0017 176 106 230 166 000 000 000 000
0018 179 090 218 158 000 000 000 000
0019 165 101 215 160 000 000 000 000
0020 141 107 207 157 000 000 000 000
0021 135 115 206 161 000 000 000 000
0022 137 116 205 164 000 000 000 000
0023 136 116 199 170 000 000 000 000
0024 134 126 204 175 000 000 000 000
0025 126 149 200 198 000 000 000 000
0026 132 183 189 229 000 000 000 000
