0003 100 223 151 239 000 000 000 000
0004 081 209 148 239 000 000 000 000
0005 075 193 142 233 000 000 000 000
0006 069 178 140 216 000 000 000 000
0007 065 165 137 201 000 000 000 000
0008 060 159 135 193 000 000 000 000
0009 062 150 133 187 000 000 000 000
0010 063 146 134 182 000 000 000 000
0011 065 149 140 183 000 000 000 000
0012 071 151 143 186 000 000 000 000
0013 077 157 142 189 000 000 000 000
0014 081 155 143 188 000 000 000 000
0015 074 154 141 184 000 000 000 000
0016 066 149 138 182 000 000 000 000
0017 065 141 135 178 000 000 000 000
0018 064 140 135 177 000 000 000 000
0019 070 142 140 175 000 000 000 000
0020 074 144 140 178 000 000 000 000
0021 075 146 140 179 000 000 000 000
0022 069 143 139 176 000 000 000 000
0023 067 139 135 177 000 000 000 000
0024 066 133 137 175 000 000 000 000
0025 067 136 140 177 000 000 000 000
0026 073 141 141 175 000 000 000 000
0027 075 148 137 189 000 000 000 000
0028 077 145 144 182 000 000 000 000
0029 068 139 137 177 000 000 000 000
0030 065 131 135 176 000 000 000 000
0031 072 124 138 169 000 000 000 000
0032 071 131 140 172 000 000 000 000
0033 073 140 140 172 000 000 000 000
0034 073 146 141 179 000 000 000 000
0035 075 143 140 176 000 000 000 000
0036 067 139 139 182 000 000 000 000
0037 067 132 134 183 000 000 000 000
0038 068 132 138 183 000 000 000 000
0039 067 142 138 185 000 000 000 000
0040 070 158 141 195 000 000 000 000
0041 079 169 142 207 000 000 000 000
0042 087 192 144 237 000 000 000 000
0043 106 212 144 236 000 000 000 000
