0012 136 209 181 235 000 000 000 000
0013 148 158 192 196 000 000 000 000
0014 168 104 207 151 000 000 000 000
0015 182 084 211 122 000 000 000 000
0016 181 082 211 120 000 000 000 000
0017 172 083 204 122 000 000 000 000
0018 160 087 196 121 000 000 000 000
0019 160 090 194 126 000 000 000 000
0020 152 095 190 131 000 000 000 000
0021 147 102 184 138 000 000 000 000
0022 136 107 175 147 000 000 000 000
0023 131 108 173 150 000 000 000 000
0024 120 143 166 178 000 000 000 000
0025 119 155 165 190 000 000 000 000
0026 117 205 168 238 000 000 000 000
0027 136 224 182 239 000 000 000 000
