0000 098 194 139 234 178 208 213 238
0001 092 176 141 220 177 208 214 238
0002 088 151 140 190 177 212 211 235
0003 086 117 140 151 177 211 212 236
0004 089 092 139 126 176 209 214 238
0005 088 080 140 114 177 211 212 236
0006 177 212 212 237 086 078 143 112
0007 082 072 131 108 178 211 212 236
0008 057 057 096 106 177 213 213 237
0009 058 078 093 126 174 208 216 239
0010 081 094 117 140 176 210 215 238
0011 099 128 139 171 177 213 213 237
0012 120 156 171 196 173 208 210 239
0013 125 159 178 196 177 209 215 237
0014 125 158 177 195 177 209 215 238
0015 123 158 177 194 177 209 216 237
0016 118 156 174 194 177 212 212 235
0017 118 155 173 192 177 213 212 235
0018 116 153 172 190 177 210 215 237
0019 109 151 158 188 175 208 216 238
0020 099 147 147 184 177 191 214 230
0021 084 127 133 165 177 150 209 182
0022 075 090 119 126 171 095 210 134
0023 065 068 108 106 162 068 207 108
0024 054 047 094 087 149 040 197 074
0025 063 053 099 092 153 043 197 085
0026 082 098 138 153 169 056 214 111
0027 088 112 151 164 176 072 220 131
0028 092 106 151 159 175 070 219 136
0029 091 106 151 159 173 074 220 138
0030 087 106 151 159 171 072 214 139
0031 088 107 151 159 170 073 222 141
0032 079 106 145 157 175 076 219 138
0033 077 105 127 144 170 087 208 127
0034 073 111 110 152 165 095 206 132
0035 068 136 107 177 161 123 200 162
0036 073 164 115 201 164 156 199 194
0037 081 182 122 217 159 177 196 215
0038 088 191 132 229 159 183 194 220
0039 091 195 132 232 158 183 197 221
0040 093 198 134 234 159 183 196 220
0041 093 200 135 235 158 185 196 222
0042 158 186 196 222 093 202 135 235
0043 157 186 196 223 094 202 134 235
0044 157 189 195 223 093 202 134 234
0045 093 202 134 234 156 187 197 224
