0000 129 209 155 238 207 222 233 239
0001 125 205 158 236 206 219 234 239
0002 124 197 153 238 202 221 231 239
0003 118 194 145 237 208 221 233 239
0004 112 182 138 225 204 216 230 239
0005 105 172 132 203 207 219 235 239
0006 095 155 130 181 207 219 234 239
0007 093 132 128 164 207 220 231 236
0008 094 113 129 152 207 221 231 238
0009 100 086 129 132 208 221 232 238
0010 106 079 134 125 207 222 232 237
0011 112 078 140 117 207 221 232 237
0012 112 076 142 114 208 222 232 237
0013 115 078 145 116 208 220 233 236
0014 115 078 145 116 208 220 234 236
0015 112 076 143 116 206 219 237 239
0016 111 078 142 116 206 219 237 239
0017 113 078 142 116 206 218 237 239
0018 115 075 143 114 207 218 237 239
0019 112 076 142 116 207 218 238 239
0020 112 076 141 116 207 218 238 239
0021 112 076 141 116 206 218 238 239
0022 113 077 141 117 210 223 236 239
0023 112 078 142 118 212 221 239 239
0024 112 077 142 117 206 219 237 239
0025 112 078 143 118 206 218 237 239
0026 112 078 140 120 208 221 234 239
0027 109 087 138 130 206 216 234 239
0028 103 109 132 153 207 220 231 238
0029 097 151 133 193 204 221 233 239
