0000 133 220 165 239 000 000 000 000
0001 133 220 165 239 000 000 000 000
0002 130 217 165 239 000 000 000 000
0003 110 211 161 239 000 000 000 000
0004 098 187 162 233 000 000 000 000
0005 094 155 165 195 000 000 000 000
0006 090 109 160 157 000 000 000 000
0007 085 089 158 128 000 000 000 000
0008 083 086 154 121 000 000 000 000
0009 083 086 154 120 000 000 000 000
0010 084 086 155 120 000 000 000 000
0011 079 084 153 118 000 000 000 000
0012 085 079 154 116 000 000 000 000
0013 087 082 154 118 000 000 000 000
0014 088 094 153 135 000 000 000 000
0015 090 110 152 155 000 000 000 000
0016 100 147 155 186 000 000 000 000
0017 104 168 159 206 000 000 000 000
0018 106 188 161 227 000 000 000 000
0019 113 206 162 238 000 000 000 000
0020 123 209 165 239 000 000 000 000
0021 132 211 168 238 000 000 000 000
0022 127 209 167 239 000 000 000 000
0023 127 208 166 236 000 000 000 000
