0000 129 202 169 235 000 000 000 000
0001 129 202 169 235 000 000 000 000
0002 129 201 170 235 000 000 000 000
0003 141 183 173 222 000 000 000 000
0004 149 160 179 198 000 000 000 000
0005 161 101 195 152 000 000 000 000
0006 168 063 200 109 000 000 000 000
0007 167 043 206 088 000 000 000 000
0008 164 028 203 071 000 000 000 000
0009 163 020 199 058 000 000 000 000
0010 158 020 197 058 000 000 000 000
0011 157 017 197 057 000 000 000 000
0012 159 015 194 055 000 000 000 000
0013 161 016 194 055 000 000 000 000
0014 158 015 195 054 000 000 000 000
0015 160 016 194 056 000 000 000 000
0016 160 022 200 063 000 000 000 000
0017 161 036 200 077 000 000 000 000
0018 157 060 195 100 000 000 000 000
0019 146 105 180 144 000 000 000 000
0020 137 132 177 172 000 000 000 000
0021 120 182 161 217 000 000 000 000
0022 116 200 156 234 000 000 000 000
0023 118 208 158 236 000 000 000 000
0024 116 206 156 236 000 000 000 000
0025 117 207 157 236 000 000 000 000
