0000 088 220 109 237 177 225 201 239
0001 088 222 112 239 177 224 201 239
0002 089 220 111 237 000 000 000 000
0003 175 222 196 239 090 220 110 237
0004 160 207 194 239 000 000 000 000
0005 156 191 187 216 090 223 112 239
0006 154 156 187 189 088 219 110 237
0007 156 144 194 178 087 220 108 238
0008 157 149 193 179 087 218 107 239
0009 157 123 200 167 088 216 106 238
0010 155 073 199 128 087 216 105 238
0011 158 059 196 111 082 218 104 239
0012 162 069 198 107 082 220 103 239
0013 166 078 196 112 081 220 103 239
0014 159 072 197 116 083 220 104 239
0015 163 067 200 126 083 220 104 239
0016 164 124 205 172 085 218 105 236
0017 166 160 205 198 085 218 105 236
0018 163 175 206 211 084 216 106 239
0019 165 167 204 198 083 218 106 239
0020 164 144 204 177 082 216 105 239
0021 164 094 205 139 084 216 105 236
0022 166 055 203 108 084 219 106 237
0023 167 064 200 104 083 219 104 239
0024 168 070 198 106 086 220 104 239
0025 169 074 199 108 087 220 107 238
0026 169 073 198 108 086 216 107 239
0027 170 075 198 108 086 219 107 237
0028 170 073 198 109 083 218 105 239
0029 169 074 198 110 085 219 107 239
0030 166 095 196 134 089 217 106 237
0031 171 152 207 195 089 219 106 239
0032 175 211 202 239 081 221 106 239
0033 177 222 197 239 086 220 111 239
0034 082 221 106 239 174 223 202 239
0035 086 222 106 239 000 000 000 000
0036 089 223 111 239 000 000 000 000
0037 089 220 109 239 000 000 000 000
0038 092 222 112 239 000 000 000 000
0039 093 223 114 239 000 000 000 000
0040 087 221 106 239 000 000 000 000
0041 090 223 112 239 000 000 000 000
0042 089 223 111 239 000 000 000 000
