0000 126 211 164 235 071 207 099 236
0001 126 211 164 235 073 207 100 235
0002 126 210 164 235 071 208 098 235
0003 126 210 164 235 074 209 100 235
0004 127 206 166 235 074 209 100 235
0005 121 207 160 235 074 209 100 235
0006 127 205 167 232 074 209 100 235
0007 129 202 171 228 074 209 100 235
0008 074 207 100 234 148 186 177 214
0009 072 207 099 235 161 160 190 191
0010 074 207 101 235 162 141 197 188
0011 074 207 101 234 160 116 199 171
0012 164 092 196 134 074 207 100 235
0013 167 079 200 128 074 209 104 239
0014 168 068 200 112 074 206 104 234
0015 174 056 204 102 074 207 100 236
0016 174 053 207 097 073 206 104 235
0017 173 048 206 093 074 207 100 235
0018 172 047 206 089 072 208 099 236
0019 173 045 205 089 072 208 098 236
0020 173 043 205 087 072 208 097 235
0021 174 042 205 086 072 208 097 236
0022 176 043 211 086 072 208 097 236
0023 178 042 209 086 072 208 098 236
0024 180 041 210 086 074 207 101 235
0025 182 043 211 085 074 207 105 239
0026 182 042 210 085 072 207 101 235
0027 182 043 210 086 074 207 102 235
0028 185 043 215 085 074 207 102 235
0029 182 042 213 086 074 207 102 235
0030 183 043 211 082 074 207 102 235
0031 183 044 211 083 074 207 102 235
0032 183 043 211 083 072 207 101 235
0033 182 043 212 089 072 207 101 235
0034 182 042 212 088 072 208 101 235
0035 183 044 211 083 072 207 101 235
0036 183 043 212 087 074 208 101 235
0037 183 044 212 088 074 207 101 235
0038 183 044 211 087 074 208 101 235
0039 182 045 211 089 074 208 101 235
0040 183 046 210 089 074 208 101 235
0041 182 047 209 088 074 207 101 235
0042 182 048 210 090 074 207 101 235
0043 182 047 210 090 074 208 101 235
0044 182 048 210 090 074 207 101 235
0045 181 048 211 092 074 208 101 235
0046 181 051 210 094 074 207 101 235
0047 178 057 209 102 074 208 101 235
0048 172 071 203 119 074 208 101 235
0049 167 086 197 138 073 208 101 236
0050 155 106 186 151 074 207 101 235
0051 074 207 101 235 151 124 179 167
0052 071 207 104 235 140 162 175 198
0053 074 208 101 235 136 173 176 210
0054 131 194 172 224 071 207 104 235
0055 130 203 170 232 071 207 104 236
0056 128 209 170 236 071 207 103 236
0057 128 208 169 236 071 213 104 239
0058 128 208 169 236 071 213 104 239
0059 128 208 169 236 071 207 101 236
0060 129 210 169 237 071 209 101 235
0061 129 210 170 237 071 209 100 235
0062 129 208 170 237 074 209 101 236
0063 129 210 170 237 071 213 103 239
0064 129 210 170 237 074 207 101 235
