0000 136 215 174 239 000 000 000 000
0001 136 215 174 239 000 000 000 000
0002 136 214 174 239 000 000 000 000
0003 136 214 174 239 000 000 000 000
0004 137 214 173 237 000 000 000 000
0005 136 213 172 237 000 000 000 000
0006 137 214 169 237 000 000 000 000
0007 136 212 169 237 000 000 000 000
0008 134 213 167 239 000 000 000 000
0009 132 209 167 238 000 000 000 000
0010 118 202 154 237 000 000 000 000
0011 101 192 147 238 184 216 216 236
0012 079 179 131 232 000 000 000 000
0013 079 166 117 224 000 000 000 000
0014 075 156 110 208 000 000 000 000
0015 064 151 108 194 000 000 000 000
0016 048 149 103 189 000 000 000 000
0017 046 146 103 191 000 000 000 000
0018 055 142 106 191 000 000 000 000
0019 064 140 096 190 000 000 000 000
0020 067 138 101 187 000 000 000 000
0021 058 140 104 181 000 000 000 000
0022 045 141 102 177 000 000 000 000
0023 044 141 102 182 000 000 000 000
0024 046 142 102 185 000 000 000 000
0025 057 141 102 188 000 000 000 000
0026 064 137 104 185 000 000 000 000
0027 067 137 100 191 000 000 000 000
0028 060 141 103 188 000 000 000 000
0029 044 142 104 180 000 000 000 000
0030 045 143 101 185 000 000 000 000
0031 056 143 104 190 000 000 000 000
0032 062 141 104 191 000 000 000 000
0033 062 143 102 194 000 000 000 000
0034 053 146 106 188 000 000 000 000
0035 045 145 103 190 000 000 000 000
0036 047 147 104 192 000 000 000 000
0037 051 147 107 192 000 000 000 000
0038 052 148 103 191 000 000 000 000
0039 054 145 110 190 000 000 000 000
0040 061 143 113 190 000 000 000 000
0041 072 146 118 196 000 000 000 000
0042 094 150 134 193 000 000 000 000
0043 106 161 146 195 000 000 000 000
0044 120 169 157 207 000 000 000 000
0045 130 181 167 223 000 000 000 000
0046 135 193 171 234 000 000 000 000
0047 138 200 176 239 000 000 000 000
0048 140 205 176 239 000 000 000 000
0049 137 213 175 238 000 000 000 000
0050 139 211 176 239 000 000 000 000
0051 139 213 177 239 000 000 000 000
0052 138 213 177 236 000 000 000 000
0053 138 215 176 237 000 000 000 000
0054 137 214 175 238 000 000 000 000
0055 137 214 175 237 000 000 000 000
0056 137 214 175 237 000 000 000 000
0057 137 214 175 237 000 000 000 000
0058 137 214 175 237 000 000 000 000
0059 137 214 175 237 000 000 000 000
