0005 165 202 286 239 159 198 206 236
0006 166 137 293 212 000 000 000 000
0007 173 090 290 175 000 000 000 000
0008 174 077 284 155 000 000 000 000
0009 175 078 284 152 000 000 000 000
0010 170 086 284 154 000 000 000 000
0011 177 090 285 158 000 000 000 000
0012 175 082 288 159 000 000 000 000
0013 177 086 288 159 000 000 000 000
0014 168 094 289 160 000 000 000 000
0015 164 096 286 161 000 000 000 000
0016 167 095 286 167 000 000 000 000
0017 171 087 285 164 000 000 000 000
0018 170 098 280 165 000 000 000 000
0019 166 116 295 183 000 000 000 000
0020 169 157 291 230 000 000 000 000
0021 181 206 222 235 000 000 000 000
