0004 045 212 068 235 000 000 000 000
0005 005 201 040 229 000 000 000 000
0006 001 172 022 196 000 000 000 000
0011 222 206 258 236 000 000 000 000
0012 258 157 309 189 000 000 000 000
0013 290 090 319 125 000 000 000 000
0014 268 023 310 058 000 000 000 000
0015 210 003 252 039 000 000 000 000
0016 178 000 206 034 000 000 000 000
0018 125 000 158 036 000 000 000 000
0019 091 000 141 040 000 000 000 000
0020 049 002 093 034 070 012 125 052
0021 046 032 074 055 049 035 123 082
0022 025 061 069 084 029 064 109 099
0023 005 077 053 111 000 000 000 000
0024 003 078 058 112 000 000 000 000
0025 003 078 057 112 000 000 000 000
0026 003 075 061 113 000 000 000 000
0027 003 073 064 113 000 000 000 000
0028 003 076 063 110 000 000 000 000
0029 004 071 059 109 000 000 000 000
0030 017 072 064 094 000 000 000 000
0031 024 052 072 077 031 057 110 109
0032 054 055 106 088 001 098 016 128
0033 075 086 127 118 000 000 000 000
0034 099 129 154 181 002 162 026 184
0035 021 208 053 238 158 215 191 238
0036 171 222 201 238 000 000 000 000
