0000 120 194 141 227 195 197 218 237
0001 175 172 214 202 122 183 142 212
0002 164 154 200 177 131 172 154 199
0003 155 129 193 150 142 152 169 175
0004 146 132 177 158 140 119 179 136
0005 127 112 172 139 154 128 185 151
0006 127 109 169 136 156 120 185 143
0007 138 106 176 133 000 000 000 000
0008 139 106 179 129 000 000 000 000
0009 139 104 184 124 138 114 178 136
0010 143 104 189 126 138 110 165 132
0011 141 109 182 133 000 000 000 000
0012 143 107 181 128 000 000 000 000
0013 142 110 184 135 000 000 000 000
0014 138 111 182 139 000 000 000 000
0015 147 137 183 159 140 118 182 137
0016 146 147 179 173 141 120 183 142
0017 157 138 193 160 135 172 162 200
0018 129 187 151 218 170 158 197 182
0019 120 195 142 230 188 186 210 216
0020 116 198 139 231 195 198 216 232
