0000 135 187 156 214 202 182 220 211
0001 135 187 156 214 201 182 220 208
0002 135 188 156 215 201 183 220 208
0003 135 188 156 215 201 183 220 209
0004 134 190 155 214 201 183 219 209
0005 137 189 158 216 201 183 220 209
0006 137 190 156 216 200 183 220 210
0007 138 192 155 218 201 183 220 209
0008 137 188 157 223 199 185 217 210
0009 136 188 157 223 201 183 220 209
0010 135 188 155 218 201 183 220 209
0011 132 176 152 203 201 183 220 209
0012 204 185 221 209 129 145 151 173
0013 204 184 221 209 123 103 150 143
0014 125 060 150 111 201 185 220 211
0015 124 036 149 090 201 183 218 211
0016 123 023 148 078 202 184 220 210
0017 120 023 146 077 202 184 220 210
0018 120 022 146 080 201 183 221 210
0019 121 024 146 076 201 183 220 210
0020 121 024 146 077 203 183 221 208
0021 121 024 147 077 202 182 221 207
0022 122 024 147 076 204 183 221 209
0023 123 024 148 075 204 183 221 209
0024 123 024 147 078 204 184 221 209
0025 123 024 148 078 204 184 221 209
0026 123 024 147 077 204 185 222 209
0027 122 025 147 078 204 184 222 209
0028 122 026 147 079 204 184 222 209
0029 123 029 148 081 203 181 222 208
0030 128 044 151 084 202 182 221 208
0031 132 085 161 117 202 183 220 211
0032 139 116 166 140 201 182 220 208
0033 142 144 165 167 201 182 221 208
0034 140 159 165 187 202 182 221 208
0035 140 174 163 207 202 182 222 208
0036 140 182 162 219 202 186 219 210
0037 139 184 160 220 202 186 220 212
0038 202 187 221 213 139 185 160 219
0039 140 186 161 220 202 184 221 209
