0002 108 223 140 239 000 000 000 000
0003 077 202 114 234 000 000 000 000
0004 073 174 102 208 000 000 000 000
0005 069 174 098 201 000 000 000 000
0006 065 169 099 201 000 000 000 000
0007 061 168 100 201 000 000 000 000
0008 063 169 098 199 000 000 000 000
0009 062 165 098 197 000 000 000 000
0010 060 160 094 188 000 000 000 000
0011 074 098 113 144 000 000 000 000
0012 099 060 134 103 000 000 000 000
0013 101 060 136 100 000 000 000 000
0014 105 063 141 102 000 000 000 000
0015 104 065 138 105 000 000 000 000
0016 104 066 138 106 000 000 000 000
0017 099 065 136 106 000 000 000 000
0018 099 066 136 106 000 000 000 000
0019 103 074 136 108 000 000 000 000
0020 086 096 122 136 000 000 000 000
0021 075 155 125 200 000 000 000 000
