0000 172 172 213 209 053 164 109 206
0001 053 164 109 206 174 163 216 198
0002 054 164 109 206 170 150 214 188
0003 053 164 109 207 182 133 236 179
0004 053 164 109 206 187 110 248 171
0005 053 164 109 206 192 108 251 160
0006 053 164 109 206 195 102 263 154
0007 053 164 109 206 192 097 279 150
0008 053 164 108 207 199 089 278 145
0009 053 164 108 207 207 083 265 139
0010 054 164 108 206 203 079 270 137
0011 054 165 108 206 203 081 276 131
0012 054 164 109 207 207 078 277 132
0013 054 164 109 207 206 077 278 134
0014 054 164 109 207 206 076 277 133
0015 054 164 109 207 207 075 279 130
0016 054 163 109 207 207 076 278 134
0017 054 164 109 207 207 076 277 134
0018 054 164 109 207 209 077 278 131
0019 054 164 109 207 208 077 278 131
0020 054 165 109 208 210 076 276 131
0021 054 164 109 207 212 078 275 134
0022 212 078 275 132 054 164 109 207
0023 054 165 109 207 209 080 278 134
0024 053 165 111 207 204 086 254 144
0025 054 165 110 207 194 106 237 157
0026 053 165 111 207 188 132 233 178
0027 053 165 110 207 187 156 225 199
0028 054 165 110 207 170 163 215 207
0029 054 165 111 207 174 163 215 211
0030 054 166 111 207 174 168 213 211
0031 054 166 111 207 168 175 212 209
0032 054 165 108 207 171 173 211 208
0033 053 165 108 207 171 175 211 210
0034 171 174 212 208 054 165 107 206
0035 054 165 107 206 171 174 212 208
0036 054 165 108 207 171 172 213 207
0037 054 165 108 207 169 171 213 209
