0000 123 211 149 237 211 218 234 237
0001 124 210 150 237 207 216 235 239
0002 126 208 152 235 208 220 231 236
0003 128 206 157 236 207 221 231 237
0004 128 202 156 231 209 218 232 236
0005 130 199 159 228 207 221 231 237
0006 208 216 231 239 131 193 159 219
0007 135 184 163 206 208 216 231 239
0008 133 173 167 200 207 215 232 239
0009 131 157 162 185 207 221 230 236
0010 128 138 162 169 208 221 230 236
0011 131 125 159 152 206 221 233 239
0012 133 113 162 143 202 219 230 239
0013 131 112 160 143 208 217 232 239
0014 139 130 167 160 208 220 231 238
0015 140 158 172 185 205 216 231 239
0016 143 160 173 186 208 220 232 239
0017 143 159 172 185 204 215 230 239
0018 141 156 172 182 204 216 230 239
0019 137 142 172 172 204 215 231 239
0020 138 130 167 158 206 220 229 236
0021 137 118 165 149 206 221 229 237
0022 136 111 165 139 205 216 231 239
0023 138 121 167 153 204 216 230 239
0024 135 154 171 183 204 216 230 239
0025 139 161 170 185 205 219 228 236
0026 139 154 170 181 207 216 232 239
0027 138 150 174 173 205 221 228 236
0028 140 126 172 157 205 216 231 239
0029 205 217 231 239 139 114 179 142
0030 142 114 173 148 204 217 231 239
0031 140 141 175 169 204 216 230 239
0032 143 166 174 192 204 216 231 239
0033 205 216 231 239 143 162 174 189
0034 135 157 170 182 207 216 232 239
0035 136 139 169 167 204 216 232 239
0036 137 122 166 151 205 216 231 239
0037 137 113 173 147 205 216 230 239
0038 136 119 168 153 204 215 229 239
0039 134 149 171 177 207 220 231 239
0040 142 163 171 188 207 218 231 239
0041 140 157 172 183 205 217 231 239
0042 136 147 169 176 208 215 233 239
0043 136 131 166 159 207 220 230 236
0044 207 220 230 236 139 116 172 142
0045 208 215 232 239 137 115 169 149
0046 136 149 175 173 208 219 231 239
0047 141 165 173 190 207 217 230 239
0048 136 154 170 180 205 216 230 239
0049 137 138 167 166 206 216 228 238
0050 137 128 166 157 203 216 231 239
0051 203 217 231 239 137 120 167 150
0052 137 125 167 155 206 220 230 237
0053 137 135 173 166 205 215 230 239
0054 143 176 173 204 207 220 230 239
0055 135 199 170 227 206 218 229 237
0056 136 207 166 235 206 221 230 237
0057 134 209 164 234 208 221 232 238
0058 131 211 159 237 202 218 230 239
