0000 139 221 181 237 000 000 000 000
0001 139 221 177 237 000 000 000 000
0002 134 221 178 239 000 000 000 000
0003 139 220 181 237 000 000 000 000
0004 134 219 179 239 000 000 000 000
0005 134 218 180 239 000 000 000 000
0006 135 215 180 239 000 000 000 000
0007 138 214 183 239 000 000 000 000
0008 144 199 191 238 000 000 000 000
0009 155 166 197 215 000 000 000 000
0010 170 145 208 197 000 000 000 000
0011 181 123 220 189 000 000 000 000
0012 189 107 230 188 000 000 000 000
0013 193 108 237 195 000 000 000 000
0014 198 109 245 204 000 000 000 000
0015 198 107 244 203 000 000 000 000
0016 198 107 244 201 000 000 000 000
0017 195 107 241 199 000 000 000 000
0018 199 104 244 199 000 000 000 000
0019 198 101 244 192 000 000 000 000
0020 192 122 237 187 000 000 000 000
0021 189 119 228 189 000 000 000 000
0022 186 144 224 200 000 000 000 000
0023 176 176 214 219 000 000 000 000
0024 173 195 213 234 000 000 000 000
0025 170 213 211 238 000 000 000 000
