0006 188 181 229 236 000 000 000 000
0007 182 118 227 170 000 000 000 000
0008 178 057 217 120 000 000 000 000
0009 169 034 208 096 000 000 000 000
0010 164 031 203 080 000 000 000 000
0011 160 042 194 082 000 000 000 000
0012 156 047 192 081 000 000 000 000
0013 153 054 187 083 000 000 000 000
0014 153 053 187 082 000 000 000 000
0015 153 054 187 083 000 000 000 000
0016 154 054 188 083 000 000 000 000
0017 153 051 187 084 000 000 000 000
0018 153 054 187 083 000 000 000 000
0019 153 054 187 083 000 000 000 000
0020 154 053 188 084 000 000 000 000
0021 155 049 195 086 000 000 000 000
0022 162 048 199 088 000 000 000 000
0023 167 045 203 102 000 000 000 000
0024 177 074 216 139 000 000 000 000
0025 181 147 228 213 000 000 000 000
0026 183 211 223 239 000 000 000 000
