0027 142 214 182 236 000 000 000 000
0028 155 213 190 238 000 000 000 000
0029 168 204 202 236 000 000 000 000
0030 179 190 212 236 000 000 000 000
0031 183 181 221 229 000 000 000 000
0032 187 165 226 211 000 000 000 000
0033 189 161 228 205 000 000 000 000
0034 190 140 235 184 000 000 000 000
0035 192 126 238 166 000 000 000 000
0036 196 110 238 147 000 000 000 000
0037 195 099 239 137 000 000 000 000
0038 192 090 240 128 000 000 000 000
0039 194 088 238 125 000 000 000 000
0040 192 082 235 120 000 000 000 000
0041 192 079 233 116 000 000 000 000
0042 190 077 231 117 000 000 000 000
0043 189 077 231 115 000 000 000 000
0044 187 076 229 115 000 000 000 000
0045 190 073 229 112 000 000 000 000
0046 189 071 229 110 000 000 000 000
0047 190 068 228 105 000 000 000 000
0048 189 066 227 105 000 000 000 000
0049 189 066 226 107 000 000 000 000
0050 190 068 226 106 000 000 000 000
0051 190 067 228 106 000 000 000 000
0052 190 067 228 106 000 000 000 000
0053 188 067 228 106 000 000 000 000
0054 188 067 228 107 000 000 000 000
0055 188 068 227 107 000 000 000 000
0056 189 066 228 106 000 000 000 000
0057 189 066 228 107 000 000 000 000
0058 189 066 228 106 000 000 000 000
0059 189 066 227 106 000 000 000 000
0060 189 066 227 104 000 000 000 000
0061 189 065 227 102 000 000 000 000
0062 189 065 227 102 000 000 000 000
0063 189 065 228 102 000 000 000 000
0064 188 065 228 104 000 000 000 000
0065 188 064 228 101 000 000 000 000
0066 188 064 227 101 000 000 000 000
0067 187 065 227 104 000 000 000 000
0068 187 066 226 106 000 000 000 000
0069 181 071 221 110 000 000 000 000
0070 172 084 210 127 000 000 000 000
0071 146 114 185 164 000 000 000 000
0072 139 136 185 195 000 000 000 000
0073 126 165 162 229 000 000 000 000
0074 116 200 155 237 000 000 000 000
0075 113 212 151 236 000 000 000 000
