0000 105 207 127 235 172 203 190 233
0001 105 207 127 235 172 203 189 231
0002 172 202 190 231 105 207 127 235
0003 172 203 189 231 105 206 127 235
0004 105 206 126 235 171 205 189 234
0005 105 206 126 235 171 205 189 235
0006 105 208 127 235 172 203 189 233
0007 107 203 128 234 171 200 191 231
0008 106 192 125 222 173 184 194 225
0009 108 174 129 203 174 163 194 197
0010 111 164 134 195 167 152 191 184
0011 129 170 152 197 157 161 184 193
0012 149 178 181 206 000 000 000 000
0013 165 183 192 212 117 185 149 217
0014 109 185 140 217 170 184 196 212
0015 112 187 146 217 172 182 195 209
0016 112 185 146 215 172 182 195 209
0017 115 188 142 218 172 182 195 210
0018 116 188 143 218 171 183 195 210
0019 170 182 194 210 115 184 145 218
0020 163 186 188 214 132 184 159 212
0021 147 187 178 214 000 000 000 000
0022 162 164 190 198 131 188 159 209
0023 110 189 135 219 175 170 196 202
0024 098 201 121 230 180 184 202 219
0025 098 207 119 234 173 201 197 232
0026 100 209 122 236 000 000 000 000
0027 106 209 124 237 000 000 000 000
0028 104 207 126 235 000 000 000 000
0029 104 207 125 235 000 000 000 000
0030 106 209 123 234 000 000 000 000
0031 105 207 126 235 171 205 189 232
0032 104 208 125 235 170 207 189 234
0033 104 208 125 236 175 205 191 230
0034 103 209 125 237 174 207 191 233
