0000 137 214 176 239 000 000 000 000
0001 136 212 177 239 000 000 000 000
0002 145 208 180 237 000 000 000 000
0003 156 198 192 234 000 000 000 000
0004 171 175 204 214 000 000 000 000
0005 180 150 215 187 000 000 000 000
0006 187 126 220 170 000 000 000 000
0007 188 110 220 150 000 000 000 000
0008 185 092 218 137 000 000 000 000
0009 181 080 217 125 000 000 000 000
0010 182 079 214 124 000 000 000 000
0011 180 080 212 123 000 000 000 000
0012 181 083 211 121 000 000 000 000
0013 181 084 211 122 000 000 000 000
0014 180 080 211 124 000 000 000 000
0015 180 078 212 124 000 000 000 000
0016 180 078 211 123 000 000 000 000
0017 179 082 210 120 000 000 000 000
0018 180 084 211 123 000 000 000 000
0019 179 079 210 120 000 000 000 000
0020 179 076 210 124 000 000 000 000
0021 180 077 211 124 000 000 000 000
0022 179 081 210 121 000 000 000 000
0023 179 082 210 120 000 000 000 000
0024 179 077 210 123 000 000 000 000
0025 179 077 210 124 000 000 000 000
0026 179 084 210 123 000 000 000 000
0027 178 082 210 122 000 000 000 000
0028 179 077 210 123 000 000 000 000
0029 179 075 210 124 000 000 000 000
0030 179 082 210 120 000 000 000 000
0031 179 083 209 121 000 000 000 000
0032 180 082 210 120 000 000 000 000
0033 180 078 211 123 000 000 000 000
0034 180 079 210 122 000 000 000 000
0035 180 084 210 121 000 000 000 000
0036 180 084 210 122 000 000 000 000
0037 181 080 211 124 000 000 000 000
0038 181 077 211 124 000 000 000 000
0039 181 083 211 123 000 000 000 000
0040 181 087 211 126 000 000 000 000
0041 182 087 211 126 000 000 000 000
0042 183 089 212 128 000 000 000 000
0043 182 092 213 130 000 000 000 000
0044 183 091 214 130 000 000 000 000
0045 184 093 216 133 000 000 000 000
0046 184 097 216 136 000 000 000 000
0047 181 110 213 151 000 000 000 000
0048 176 131 206 173 000 000 000 000
0049 159 164 195 204 000 000 000 000
0050 146 194 183 234 000 000 000 000
0051 139 220 176 237 000 000 000 000
0052 138 219 173 237 000 000 000 000
0053 138 221 177 237 000 000 000 000
0054 138 221 177 238 000 000 000 000
