0007 218 195 277 238 000 000 000 000
0008 209 141 259 193 000 000 000 000
0009 181 079 233 137 000 000 000 000
0010 157 049 217 106 000 000 000 000
0011 147 042 202 092 000 000 000 000
0012 140 040 203 088 000 000 000 000
0013 134 043 199 090 000 000 000 000
0014 136 051 191 096 000 000 000 000
0015 126 062 187 113 000 000 000 000
0016 126 097 183 158 000 000 000 000
0017 114 124 183 188 000 000 000 000
0018 118 127 178 190 000 000 000 000
0019 119 127 177 189 000 000 000 000
0020 121 123 178 189 000 000 000 000
0021 120 125 178 189 000 000 000 000
0022 120 125 179 188 000 000 000 000
0023 121 125 177 189 000 000 000 000
0024 121 125 178 188 000 000 000 000
0025 122 127 178 189 000 000 000 000
0026 125 128 180 190 000 000 000 000
0027 133 133 186 191 000 000 000 000
0028 138 135 193 192 000 000 000 000
0029 157 142 206 206 000 000 000 000
0030 178 152 226 215 004 220 037 236
0031 204 167 247 233 001 215 034 239
0032 215 176 273 234 000 212 035 236
0033 216 176 282 235 000 199 036 236
0034 000 191 033 239 216 174 287 230
0035 212 173 283 227 000 181 045 230
0036 000 173 056 221 211 170 270 224
0037 014 163 069 211 200 164 254 216
0038 037 156 084 201 190 158 235 206
0039 179 154 220 198 054 150 092 194
0040 062 145 101 190 169 151 207 197
0041 156 145 196 195 074 138 114 188
0042 152 144 187 189 083 135 123 187
0043 141 141 182 187 088 139 127 190
0044 134 140 177 185 085 141 130 193
0045 131 143 172 188 087 140 131 191
0046 134 144 175 190 094 139 134 190
0047 137 145 177 193 098 138 134 185
0048 139 148 178 196 096 136 135 183
0049 139 144 178 191 094 140 135 189
0050 138 142 177 186 094 140 132 191
0051 137 139 178 184 093 145 133 200
0052 139 139 179 185 094 144 133 195
0053 139 141 183 188 098 143 138 192
0054 139 143 183 194 100 141 137 190
0055 138 147 183 196 101 139 139 189
0056 135 146 177 196 099 143 138 190
0057 133 143 175 193 094 148 135 199
0058 096 149 136 201 132 143 175 192
0059 134 143 177 190 096 148 135 205
0060 134 145 178 197 098 148 139 199
0061 135 149 177 202 101 144 139 197
0062 133 151 176 203 100 143 140 198
0063 132 148 177 199 101 145 138 207
0064 134 146 176 198 098 149 136 210
0065 131 145 174 196 093 152 135 214
0066 131 147 173 198 093 148 140 204
0067 131 149 173 203 094 148 138 206
0068 128 152 173 206 097 145 134 200
0069 128 150 172 203 097 143 135 198
0070 131 145 172 198 098 145 136 208
0071 132 144 172 191 093 150 140 205
0072 130 143 173 195 092 145 139 200
0073 131 146 172 197 095 142 140 195
0074 129 145 172 197 093 145 137 196
0075 128 144 172 197 093 144 137 195
0076 130 145 173 197 097 145 138 196
0077 130 145 172 197 097 145 138 197
0078 128 146 172 196 092 145 135 198
0079 132 149 172 201 091 153 133 202
0080 137 160 183 208 078 165 125 212
0081 159 198 206 237 048 204 086 236
