0000 176 191 226 238 120 200 162 238
0001 118 200 162 237 178 191 226 238
0002 178 191 228 238 121 201 162 237
0003 120 200 161 238 176 191 225 238
0004 118 199 163 238 178 191 225 238
0005 117 198 161 238 174 190 222 237
0006 118 199 162 238 176 185 228 234
0007 120 199 163 238 174 175 229 226
0008 120 199 163 238 182 167 232 211
0009 120 198 164 238 180 156 235 202
0010 189 142 241 190 121 199 163 237
0011 120 198 163 237 190 129 241 176
0012 120 198 164 237 196 112 238 162
0013 196 078 245 143 120 198 165 237
0014 202 057 246 130 122 201 169 239
0015 201 052 253 123 119 198 164 237
0016 201 045 249 120 119 198 164 237
0017 204 046 250 121 119 197 164 237
0018 206 042 251 117 119 198 164 237
0019 209 040 252 115 120 198 166 238
0020 214 039 255 113 120 198 165 238
0021 121 198 165 238 205 052 247 114
0022 120 197 165 238 192 068 235 121
0023 120 197 166 238 174 084 234 133
0024 120 197 166 238 169 083 236 132
0025 120 197 166 238 181 082 235 130
0026 121 197 166 238 182 070 237 128
0027 191 062 247 121 121 197 166 238
0028 121 196 166 238 205 050 256 117
0029 121 196 166 238 222 043 263 115
0030 229 042 269 112 121 197 166 237
0031 229 042 270 114 121 196 168 238
0032 121 195 168 238 227 044 269 118
0033 224 057 264 127 121 195 168 238
0034 121 195 168 238 203 084 243 143
0035 120 195 167 238 188 106 233 151
0036 117 197 166 239 176 123 230 164
0037 119 194 166 238 180 123 233 164
0038 119 194 168 238 197 121 241 163
0039 119 197 168 239 213 112 257 158
0040 120 196 168 239 232 099 275 149
0041 242 085 289 147 120 196 168 239
0042 241 078 291 140 121 195 168 238
0043 241 074 283 144 122 195 169 238
0044 240 072 280 143 122 195 169 238
0045 232 072 276 145 121 195 168 238
0046 227 082 268 153 122 195 168 238
0047 208 107 249 172 123 197 169 239
0048 120 197 167 239 189 148 240 194
0049 119 194 166 238 176 159 232 204
0050 121 195 166 238 174 163 230 209
0051 121 195 167 238 174 164 231 211
0052 121 195 168 238 177 165 232 213
0053 121 195 168 238 179 171 233 219
0054 121 196 168 238 177 175 230 225
0055 119 197 166 238 176 187 228 237
0056 120 199 166 238 176 196 227 237
0057 121 201 165 238 176 204 227 238
0058 123 201 163 236 175 209 227 238
0059 119 202 163 237 177 209 226 238
0060 120 202 165 237 175 207 226 238
0061 116 200 165 238 175 203 225 238
0062 109 200 162 238 175 202 223 237
0063 105 194 161 236 173 201 222 239
0064 177 196 226 237 104 190 160 230
0065 176 192 228 236 104 188 159 226
0066 178 186 228 229 104 184 158 221
0067 107 183 160 224 178 176 227 215
0068 111 184 163 228 186 158 229 195
0069 108 185 158 236 190 145 232 182
0070 106 187 159 232 191 128 240 174
0071 195 111 246 164 097 182 158 217
0072 194 107 248 162 100 172 155 201
0073 195 106 248 160 097 156 159 191
0074 193 102 249 159 107 147 164 179
0075 189 097 246 153 109 137 163 170
0076 190 097 245 155 111 123 166 159
0077 106 113 164 157 190 095 245 155
0078 106 104 164 151 190 091 247 153
0079 188 086 241 148 104 094 165 145
0080 103 084 163 140 186 082 240 146
0081 185 078 240 144 105 081 167 141
0082 105 080 170 142 184 076 240 142
0083 183 073 239 141 106 079 169 140
0084 107 079 167 141 183 073 239 138
0085 105 080 168 142 184 074 238 141
0086 184 080 239 145 107 083 167 141
0087 183 085 239 148 108 090 165 144
0088 183 096 237 152 107 100 168 151
0089 180 108 233 160 111 115 180 157
0090 177 114 230 160 117 128 176 160
0091 172 136 232 166 113 141 173 169
0092 174 151 233 181 116 151 170 187
0093 110 161 166 198 176 157 229 194
0094 103 165 171 209 173 167 233 209
0095 098 172 167 218 171 176 228 221
0096 168 180 229 227 100 175 167 223
0097 169 180 228 233 099 178 166 229
0098 169 183 227 235 096 179 166 235
0099 169 188 228 236 097 180 164 238
0100 169 194 227 239 099 187 162 235
0101 094 196 158 239 170 198 223 239
0102 097 199 155 239 171 202 222 239
0103 099 200 151 238 174 209 221 237
0104 099 201 151 239 176 208 220 236
0105 102 203 148 236 177 214 220 237
0106 103 202 147 236 185 213 220 234
0107 108 205 143 236 000 000 000 000
0108 107 208 145 239 000 000 000 000
0110 104 216 137 238 000 000 000 000
0111 106 217 139 239 000 000 000 000
