0009 120 223 155 239 000 000 000 000
0010 118 209 158 239 000 000 000 000
0011 120 198 160 235 000 000 000 000
0012 122 186 157 230 000 000 000 000
0013 129 177 162 224 000 000 000 000
0014 127 171 163 219 000 000 000 000
0015 131 171 164 211 000 000 000 000
0016 127 168 162 215 000 000 000 000
0017 123 178 158 228 000 000 000 000
0018 119 195 155 234 000 000 000 000
0019 117 199 155 236 000 000 000 000
0020 116 202 153 239 000 000 000 000
0021 116 208 150 238 000 000 000 000
0022 116 212 150 239 000 000 000 000
0023 116 211 150 239 000 000 000 000
0024 117 208 150 238 000 000 000 000
0025 118 207 153 238 000 000 000 000
0026 119 209 153 239 000 000 000 000
0027 120 209 154 239 000 000 000 000
0028 119 207 156 238 000 000 000 000
0029 119 208 159 239 000 000 000 000
0030 125 195 162 235 000 000 000 000
0031 128 182 165 229 000 000 000 000
0032 133 169 172 216 000 000 000 000
0033 142 156 176 208 000 000 000 000
0034 141 135 180 193 000 000 000 000
0035 143 120 180 183 000 000 000 000
0036 144 116 181 181 000 000 000 000
0037 143 111 183 177 000 000 000 000
0038 145 107 183 169 000 000 000 000
0039 149 103 187 168 000 000 000 000
0040 149 100 187 163 000 000 000 000
0041 146 101 187 162 000 000 000 000
0042 150 099 188 163 000 000 000 000
0043 149 099 188 163 000 000 000 000
0044 150 099 188 162 000 000 000 000
0045 151 096 188 158 000 000 000 000
0046 148 098 188 157 000 000 000 000
0047 149 095 188 158 000 000 000 000
0048 149 095 188 157 000 000 000 000
0049 149 093 189 157 000 000 000 000
0050 149 093 189 156 000 000 000 000
0051 149 092 189 157 000 000 000 000
0052 149 094 189 157 000 000 000 000
0053 149 094 189 157 000 000 000 000
0054 149 092 189 157 000 000 000 000
0055 149 094 189 158 000 000 000 000
0056 151 094 189 157 000 000 000 000
0057 151 094 189 156 000 000 000 000
0058 151 094 188 155 000 000 000 000
0059 151 095 188 155 000 000 000 000
0060 150 095 189 155 000 000 000 000
0061 151 097 190 156 000 000 000 000
0062 151 099 191 154 000 000 000 000
0063 151 100 192 155 000 000 000 000
0064 151 100 189 157 000 000 000 000
0065 152 103 193 159 000 000 000 000
0066 150 106 193 161 000 000 000 000
0067 150 106 193 161 000 000 000 000
0068 152 105 190 164 000 000 000 000
0069 153 107 193 160 000 000 000 000
0070 150 105 193 160 000 000 000 000
0071 151 107 193 160 000 000 000 000
0072 151 106 193 160 000 000 000 000
0073 151 105 193 159 000 000 000 000
0074 151 107 193 159 000 000 000 000
0075 151 105 193 159 000 000 000 000
0076 152 108 192 161 000 000 000 000
0077 152 105 192 160 000 000 000 000
0078 152 108 192 160 000 000 000 000
0079 152 107 192 160 000 000 000 000
0080 152 107 192 160 000 000 000 000
0081 151 107 192 160 000 000 000 000
0082 150 105 191 161 000 000 000 000
0083 151 107 192 160 000 000 000 000
0084 151 108 192 160 000 000 000 000
0085 151 107 192 160 000 000 000 000
0086 151 107 192 160 000 000 000 000
0087 151 105 193 160 000 000 000 000
0088 153 102 190 159 000 000 000 000
0089 153 102 190 160 000 000 000 000
0090 153 102 190 160 000 000 000 000
0091 153 102 190 159 000 000 000 000
0092 153 102 190 160 000 000 000 000
0093 154 102 190 160 000 000 000 000
0094 153 101 190 160 000 000 000 000
0095 153 101 191 160 000 000 000 000
0096 151 102 194 158 000 000 000 000
0097 150 103 194 158 000 000 000 000
0098 150 102 194 158 000 000 000 000
0099 153 101 194 158 000 000 000 000
0100 150 102 194 158 000 000 000 000
0101 151 102 194 158 000 000 000 000
0102 151 102 194 159 000 000 000 000
0103 151 102 194 158 000 000 000 000
0104 151 103 193 158 000 000 000 000
0105 150 103 194 158 000 000 000 000
0106 153 104 193 159 000 000 000 000
0107 150 104 194 158 000 000 000 000
0108 153 104 193 158 000 000 000 000
0109 153 104 193 158 000 000 000 000
0110 153 104 193 158 000 000 000 000
0111 151 103 194 158 000 000 000 000
0112 156 099 194 161 000 000 000 000
0113 156 099 194 161 000 000 000 000
0114 156 100 194 162 000 000 000 000
0115 156 100 194 162 000 000 000 000
0116 151 104 194 159 000 000 000 000
0117 149 119 191 171 000 000 000 000
0118 142 150 183 198 000 000 000 000
0119 133 183 170 239 000 000 000 000
0120 124 217 160 239 000 000 000 000
