0000 145 222 180 239 000 000 000 000
0001 143 221 180 239 000 000 000 000
0002 139 221 184 239 000 000 000 000
0005 126 218 180 239 000 000 000 000
0006 139 184 188 225 000 000 000 000
0007 146 141 197 190 000 000 000 000
0008 163 094 219 165 000 000 000 000
0009 170 073 229 154 000 000 000 000
0010 172 071 235 151 000 000 000 000
0011 173 064 236 156 000 000 000 000
0012 172 073 238 147 000 000 000 000
0013 174 069 235 152 000 000 000 000
0014 174 070 238 153 000 000 000 000
0015 173 075 236 149 000 000 000 000
0016 175 081 235 156 131 222 174 239
0017 172 125 222 181 107 222 143 239
0018 177 214 220 239 000 000 000 000
