0003 112 222 151 237 000 000 000 000
0004 111 176 154 219 000 000 000 000
0005 115 122 162 176 000 000 000 000
0006 117 094 168 153 000 000 000 000
0007 124 068 174 133 000 000 000 000
0008 124 055 180 123 000 000 000 000
0009 126 056 179 123 000 000 000 000
0010 127 054 178 122 000 000 000 000
0011 127 054 178 122 000 000 000 000
0012 129 056 178 121 000 000 000 000
0013 124 056 175 124 000 000 000 000
0014 124 058 175 124 000 000 000 000
0015 125 060 175 125 000 000 000 000
0016 124 060 176 125 000 000 000 000
0017 128 060 175 123 000 000 000 000
0018 127 059 179 124 000 000 000 000
0019 126 061 179 127 000 000 000 000
0020 125 066 175 131 000 000 000 000
0021 126 073 177 137 000 000 000 000
0022 123 102 172 171 000 000 000 000
0023 108 175 151 229 000 000 000 000
