0012 187 108 207 131 000 000 000 000
0014 100 223 137 239 000 000 000 000
0015 095 209 137 239 000 000 000 000
0016 262 174 299 231 086 176 131 224
0017 254 137 297 192 079 156 124 207
0018 228 100 284 153 074 134 119 184
0019 193 100 254 153 068 124 120 175
0020 171 125 224 176 068 124 122 175
0021 069 128 123 178 142 146 198 190
0022 123 147 183 192 071 131 125 181
0023 076 131 128 180 117 142 164 187
0024 083 134 155 182 000 000 000 000
0025 078 129 151 179 000 000 000 000
0026 079 131 151 179 000 000 000 000
0027 078 133 148 180 000 000 000 000
0028 080 134 154 181 000 000 000 000
0029 081 132 151 180 000 000 000 000
0030 108 141 161 190 080 134 135 184
0031 078 150 131 204 119 162 163 204
0032 130 185 178 231 086 183 133 236
0033 091 202 134 238 138 206 182 239
0034 100 216 142 239 000 000 000 000
