0000 203 096 246 164 000 000 000 000
0009 117 194 212 239 000 000 000 000
0010 111 135 208 212 000 000 000 000
0011 127 120 271 185 228 121 274 181
0012 197 110 303 170 000 000 000 000
0013 224 188 259 229 000 000 000 000
0015 232 162 279 203 282 124 319 170
0016 114 073 208 170 000 000 000 000
0017 143 078 191 131 107 085 201 175
0018 136 075 196 120 133 108 233 164
0019 173 103 298 181 141 072 189 128
0020 270 113 295 168 000 000 000 000
0023 199 112 282 175 000 000 000 000
0024 110 117 204 203 000 000 000 000
0025 122 206 188 238 000 000 000 000
