0000 022 164 062 202 060 203 116 234
0001 021 162 060 201 073 210 121 238
0002 022 163 063 202 084 215 129 239
0003 022 163 062 203 092 223 137 239
0004 024 164 062 203 097 225 134 239
0005 024 164 063 203 092 223 136 239
0006 024 162 062 202 092 223 137 239
0007 023 163 062 202 092 223 137 239
0008 023 163 062 202 094 224 137 239
0009 024 162 062 202 094 223 137 239
0010 097 208 138 238 022 163 062 203
0011 021 152 062 194 099 164 133 219
0012 023 128 061 180 094 128 134 182
0013 031 097 068 157 084 111 127 159
0014 034 086 072 153 080 107 123 152
0015 036 079 074 149 077 104 120 150
0016 037 075 073 145 074 104 116 149
0017 035 075 075 144 074 103 114 149
0018 037 074 074 144 075 104 115 151
0019 036 074 073 144 073 105 116 152
0020 033 076 074 145 074 106 113 151
0021 035 076 075 145 079 107 114 155
0022 036 077 076 147 073 105 116 153
0023 037 076 076 145 074 108 119 155
0024 041 077 078 142 076 106 116 153
0025 036 076 076 148 078 104 119 150
0026 040 078 080 146 079 106 121 157
0027 040 077 080 146 080 104 122 155
0028 041 076 081 147 081 104 122 156
0029 041 077 081 147 081 103 123 156
0030 041 076 080 147 081 104 124 157
0031 082 105 123 158 041 078 080 146
0032 041 077 080 146 081 106 121 154
0033 038 084 085 148 080 108 124 157
0034 038 100 083 158 080 119 123 171
0035 093 172 130 225 039 145 079 191
0036 033 182 076 222 105 217 148 239
0037 031 210 068 237 000 000 000 000
0038 037 221 072 237 000 000 000 000
0039 043 224 071 239 000 000 000 000
0042 047 222 073 239 000 000 000 000
