0007 116 201 157 235 000 000 000 000
0008 120 163 162 203 000 000 000 000
0009 123 116 163 175 000 000 000 000
0010 128 093 169 152 000 000 000 000
0011 135 075 174 136 000 000 000 000
0012 134 066 169 124 000 000 000 000
0013 134 062 173 123 000 000 000 000
0014 133 057 172 120 000 000 000 000
0015 133 055 173 118 000 000 000 000
0016 133 056 175 122 000 000 000 000
0017 132 055 173 117 000 000 000 000
0018 135 056 175 117 000 000 000 000
0019 135 056 175 117 000 000 000 000
0020 134 057 174 117 000 000 000 000
0021 137 060 175 115 000 000 000 000
0022 130 090 180 146 000 000 000 000
0023 117 148 169 192 000 000 000 000
0024 114 197 161 238 000 000 000 000
0025 128 223 161 239 000 000 000 000
