0001 131 222 161 239 000 000 000 000
0002 127 216 166 237 000 000 000 000
0003 141 188 174 237 000 000 000 000
0004 138 169 180 215 000 000 000 000
0005 146 130 184 200 000 000 000 000
0006 149 107 190 182 000 000 000 000
0007 152 092 191 164 000 000 000 000
0008 152 076 193 154 000 000 000 000
0009 150 074 192 149 000 000 000 000
0010 151 069 193 150 000 000 000 000
0011 151 068 195 148 000 000 000 000
0012 153 067 193 146 000 000 000 000
0013 153 066 195 146 000 000 000 000
0014 155 062 199 147 000 000 000 000
0015 153 066 196 148 000 000 000 000
0016 150 066 195 149 000 000 000 000
0017 150 067 195 149 000 000 000 000
0018 153 068 196 149 000 000 000 000
0019 150 068 195 148 000 000 000 000
0020 156 064 199 148 000 000 000 000
0021 153 067 196 148 000 000 000 000
0022 152 069 196 146 000 000 000 000
0023 153 072 195 153 000 000 000 000
0024 149 089 190 160 000 000 000 000
0025 146 119 188 185 000 000 000 000
0026 142 181 174 219 000 000 000 000
0027 125 212 163 239 000 000 000 000
