0000 205 209 229 239 126 207 153 238
0001 206 208 231 239 126 207 152 237
0002 202 206 233 237 126 207 152 237
0003 206 208 231 239 128 208 150 239
0004 208 208 232 239 123 209 147 237
0005 208 208 232 239 114 207 141 237
0006 207 208 232 239 099 199 129 232
0007 207 206 232 239 091 187 125 214
0008 083 149 116 173 209 208 234 239
0009 092 107 120 144 208 206 235 239
0010 102 083 132 128 208 207 234 239
0011 118 071 144 116 208 206 235 239
0012 209 206 233 239 124 080 152 113
0013 124 081 153 116 208 208 231 239
0014 124 083 152 111 208 208 231 239
0015 208 208 231 239 117 081 150 114
0016 107 077 136 122 208 206 232 239
0017 085 080 113 127 208 207 233 239
0018 079 086 108 133 208 206 235 239
0019 087 080 115 128 208 207 235 239
0020 097 072 126 122 210 207 235 239
0021 110 068 140 120 210 207 234 239
0022 121 070 152 115 209 207 235 239
0023 206 207 234 237 125 077 156 112
0024 208 208 232 239 126 079 156 114
0025 121 079 153 119 204 207 233 237
0026 203 207 233 237 119 081 149 124
0027 116 087 146 130 207 208 232 239
0028 113 106 150 144 208 205 233 239
0029 123 144 148 173 208 208 232 239
0030 125 174 148 207 209 207 233 239
0031 127 186 151 225 209 206 232 239
0032 128 205 150 239 206 207 232 239
0033 202 206 233 238 128 206 148 235
0034 205 208 229 239 126 206 153 238
0035 202 205 233 237 129 206 156 237
0036 206 208 231 239 130 207 157 238
0037 206 207 231 238 129 206 157 238
0038 206 207 231 239 129 207 156 237
0039 206 207 230 238 128 206 157 237
