0003 136 222 174 239 000 000 000 000
0004 152 173 197 228 000 000 000 000
0005 158 122 210 208 000 000 000 000
0006 168 090 216 177 000 000 000 000
0007 174 073 221 158 000 000 000 000
0008 179 065 223 146 000 000 000 000
0009 183 053 223 131 000 000 000 000
0010 182 048 224 126 000 000 000 000
0011 182 042 225 122 000 000 000 000
0012 184 040 225 121 000 000 000 000
0013 182 041 224 121 000 000 000 000
0014 183 042 224 122 000 000 000 000
0015 182 042 224 122 000 000 000 000
0016 183 040 224 121 000 000 000 000
0017 182 041 225 123 000 000 000 000
0018 183 042 225 123 000 000 000 000
0019 184 047 225 127 000 000 000 000
0020 178 061 220 148 000 000 000 000
0021 159 109 208 178 000 000 000 000
0022 139 178 183 230 000 000 000 000
0023 126 220 165 238 000 000 000 000
