0000 175 213 216 238 120 208 157 236
0001 119 208 154 237 175 213 216 237
0002 118 205 155 237 176 213 216 238
0003 176 213 216 238 116 198 148 235
0004 110 187 141 234 176 212 216 238
0005 101 171 134 205 175 212 217 238
0006 091 162 132 194 176 212 217 238
0007 080 153 121 185 176 212 217 238
0008 068 153 117 185 176 212 217 237
0009 063 156 113 186 176 212 217 238
0010 063 157 113 187 176 212 218 238
0011 062 155 112 186 176 212 218 238
0012 047 151 111 185 176 212 218 238
0013 038 157 105 191 176 212 217 238
0014 064 163 114 196 176 212 217 237
0015 073 151 112 186 176 212 217 238
0016 062 126 100 168 176 212 217 238
0017 176 212 217 238 040 137 100 174
0018 030 158 094 192 176 212 218 238
0019 053 164 101 203 174 211 218 238
0020 176 211 218 238 070 160 113 190
0021 065 134 105 175 176 212 218 238
0022 044 143 096 178 175 212 217 238
0023 042 161 100 201 176 212 218 238
0024 175 212 218 238 062 166 112 197
0025 071 155 114 188 175 212 218 238
0026 062 134 098 171 176 212 218 238
0027 042 151 105 180 176 212 218 237
0028 053 160 107 202 176 212 218 237
0029 076 162 119 193 175 212 218 238
0030 079 141 118 177 176 212 218 238
0031 068 125 102 169 176 212 218 237
0032 047 149 095 184 176 212 218 238
0033 044 161 101 196 176 212 217 238
0034 061 164 114 196 175 212 217 238
0035 065 147 105 183 175 213 216 238
0036 055 138 093 177 176 212 217 238
0037 175 212 217 238 047 152 098 185
0038 175 212 218 238 053 164 099 194
0039 067 173 111 205 176 212 218 238
0040 083 179 121 216 174 212 218 238
0041 095 185 129 220 176 212 218 238
0042 112 200 144 234 176 212 218 238
0043 121 201 152 239 175 211 218 238
0044 121 206 155 238 175 212 218 238
0045 121 206 157 237 175 212 217 238
0046 175 212 218 238 122 207 157 237
0047 175 212 217 238 122 207 158 237
0048 176 213 216 237 122 206 159 236
0049 176 213 216 237 122 207 160 237
0050 175 212 218 238 120 207 159 237
0051 175 212 217 238 120 209 158 237
0052 175 212 217 237 120 209 158 237
0053 175 212 217 238 120 209 158 237
0054 175 212 217 237 120 209 158 237
0055 175 212 217 237 120 207 159 237
0056 175 212 217 238 121 213 156 239
0057 175 212 217 238 120 209 158 237
0058 175 212 217 238 120 207 159 236
0059 176 212 217 238 120 207 159 237
0060 176 212 218 238 120 207 162 236
0061 176 212 218 237 120 210 161 237
