0003 177 207 228 239 000 000 000 000
0004 192 181 255 229 000 000 000 000
0005 198 169 263 212 000 000 000 000
0006 202 157 266 202 000 000 000 000
0007 205 153 265 194 000 000 000 000
0008 203 152 269 194 000 000 000 000
0009 204 151 269 193 000 000 000 000
0010 204 151 268 194 000 000 000 000
0011 203 151 269 194 000 000 000 000
0012 203 151 266 196 000 000 000 000
0013 204 152 266 196 000 000 000 000
0014 204 153 267 198 000 000 000 000
0015 204 151 271 196 000 000 000 000
0016 205 153 266 194 000 000 000 000
0017 206 153 270 194 000 000 000 000
0018 205 152 267 197 000 000 000 000
0019 204 157 267 200 000 000 000 000
0020 197 175 247 220 000 000 000 000
0021 172 199 215 238 000 000 000 000
