0003 167 207 214 239 000 000 000 000
0004 174 186 216 239 000 000 000 000
0005 172 156 221 210 000 000 000 000
0006 164 128 216 172 000 000 000 000
0007 153 106 212 140 000 000 000 000
0008 150 087 204 120 000 000 000 000
0009 149 076 202 112 000 000 000 000
0010 141 068 200 108 000 000 000 000
0011 141 064 199 104 000 000 000 000
0012 142 061 199 102 000 000 000 000
0013 139 058 200 096 000 000 000 000
0014 140 057 196 095 000 000 000 000
0015 137 056 201 097 000 000 000 000
0016 141 057 197 095 000 000 000 000
0017 141 057 197 095 000 000 000 000
0018 141 057 196 095 000 000 000 000
0019 141 057 197 096 000 000 000 000
0020 140 058 197 096 000 000 000 000
0021 141 061 202 099 000 000 000 000
0022 140 061 197 100 000 000 000 000
0023 145 067 202 105 000 000 000 000
0024 144 074 197 110 000 000 000 000
0025 146 092 196 132 000 000 000 000
0026 149 120 198 169 000 000 000 000
0027 149 162 197 216 000 000 000 000
0028 150 204 186 236 000 000 000 000
