0000 113 206 145 232 073 204 101 232
0001 113 206 145 232 073 204 102 234
0002 116 204 147 229 077 203 105 230
0003 114 204 145 232 075 204 101 234
0004 114 199 146 229 074 203 102 231
0005 115 188 145 212 076 207 100 233
0006 116 162 145 198 076 206 102 233
0007 125 144 150 181 075 204 101 233
0008 124 132 151 175 075 204 101 232
0009 126 116 151 162 075 203 101 232
0010 130 106 154 152 074 203 102 232
0011 132 093 159 149 074 205 102 235
0012 136 087 164 140 072 206 102 234
0013 138 082 170 137 072 205 102 234
0014 138 080 169 140 075 205 102 234
0015 140 081 170 139 075 204 102 234
0016 142 080 173 137 075 204 102 234
0017 143 078 175 138 072 204 102 234
0018 147 081 182 139 072 205 102 235
0019 146 081 182 140 072 204 102 235
0020 148 083 181 138 072 204 102 234
0021 145 081 175 139 072 204 102 235
0022 144 081 175 139 072 205 103 235
0023 144 081 175 140 072 204 102 234
0024 144 081 173 138 074 205 105 233
0025 142 082 172 137 072 204 106 234
0026 140 075 169 132 075 206 103 234
0027 138 077 163 133 073 205 103 234
0028 131 086 157 133 076 205 103 233
0029 130 100 156 143 076 205 103 234
0030 125 119 152 159 073 205 103 234
0031 119 142 152 178 073 206 103 235
0032 118 160 146 196 073 205 102 234
0033 122 195 148 222 075 205 105 233
0034 075 204 105 232 119 208 150 234
0035 119 205 150 230 074 205 105 233
0036 118 209 150 235 075 206 102 233
0037 119 208 149 234 074 206 103 234
0038 115 208 151 236 074 207 103 234
0039 115 208 152 236 074 206 103 234
0040 115 207 152 236 073 207 103 236
0041 073 206 103 234 118 207 150 234
0042 074 207 103 234 117 204 150 230
0043 075 205 103 234 116 207 152 236
