0000 189 195 209 230 109 211 133 237
0001 186 194 208 230 109 212 133 238
0002 108 212 131 237 202 193 224 232
0003 109 212 133 238 219 171 243 213
0004 109 211 132 237 201 111 238 141
0005 108 209 131 238 185 084 219 105
0006 108 209 131 238 162 076 201 096
0007 109 210 131 238 151 074 193 095
0008 108 210 131 238 148 076 183 098
0009 108 210 131 238 146 077 188 099
0010 108 211 132 237 144 077 189 099
0011 109 210 132 238 145 078 189 100
0012 108 209 132 238 144 078 188 100
0013 145 080 185 099 108 210 132 238
0014 147 079 186 101 109 212 132 237
0015 108 213 132 238 150 086 198 108
0016 165 113 209 142 109 212 133 238
0017 108 211 133 238 194 162 217 196
0018 108 211 132 238 199 189 217 223
0019 109 212 133 237 193 193 212 228
0020 190 194 211 231 109 213 133 237
0021 191 194 212 232 109 213 132 236
0022 111 212 132 238 190 195 211 231
0023 111 212 132 238 188 195 210 231
0024 188 195 209 231 111 212 132 238
0025 189 197 207 229 109 213 132 237
0026 189 197 208 229 108 208 135 237
