0000 125 210 156 239 000 000 000 000
0001 124 202 161 237 000 000 000 000
0002 138 188 183 238 000 000 000 000
0003 142 160 197 205 000 000 000 000
0004 150 131 208 174 000 000 000 000
0005 156 108 220 152 000 000 000 000
0006 162 094 221 138 000 000 000 000
0007 157 083 224 130 000 000 000 000
0008 163 084 224 129 000 000 000 000
0009 163 085 225 130 000 000 000 000
0010 162 088 226 132 000 000 000 000
0011 162 087 226 132 000 000 000 000
0012 161 087 223 132 000 000 000 000
0013 162 090 224 132 000 000 000 000
0014 162 090 225 133 000 000 000 000
0015 161 090 225 132 000 000 000 000
0016 161 088 225 132 000 000 000 000
0017 158 088 221 133 000 000 000 000
0018 154 091 210 135 000 000 000 000
0019 145 111 182 155 000 000 000 000
0020 133 137 172 180 000 000 000 000
0021 129 161 160 205 000 000 000 000
0022 120 174 154 224 000 000 000 000
0023 119 187 157 234 000 000 000 000
0024 117 207 151 237 000 000 000 000
0025 122 211 151 239 000 000 000 000
0026 121 211 153 239 000 000 000 000
0027 120 208 152 239 000 000 000 000
0028 121 209 152 239 000 000 000 000
0029 121 209 152 239 000 000 000 000
0030 121 209 152 239 000 000 000 000
