0000 195 177 231 214 000 000 000 000
0001 195 177 231 214 000 000 000 000
0002 195 177 232 215 000 000 000 000
0003 194 176 232 215 000 000 000 000
0004 192 176 233 214 000 000 000 000
0005 191 176 234 215 000 000 000 000
0006 194 176 233 215 000 000 000 000
0007 195 177 234 215 000 000 000 000
0008 123 212 163 238 195 176 233 216
0009 118 186 161 225 197 176 233 214
0010 115 157 164 195 196 176 231 213
0011 118 124 159 162 199 176 232 211
0012 109 099 151 143 196 176 232 216
0013 106 089 141 132 196 176 233 215
0014 108 093 144 132 195 176 233 216
0015 111 077 156 118 196 176 232 216
0016 107 067 154 106 197 176 232 216
0017 100 066 134 113 196 180 236 217
0018 102 078 134 123 197 176 232 216
0019 107 085 147 126 195 175 232 216
0020 110 076 153 116 197 176 235 215
0021 099 067 145 111 195 175 232 216
0022 098 071 130 113 194 177 234 217
0023 101 079 134 125 194 177 234 217
0024 100 087 140 126 195 176 233 215
0025 104 077 145 121 196 176 232 215
0026 100 062 149 106 198 175 232 213
0027 096 063 132 110 196 175 233 213
0028 098 078 138 120 196 176 230 211
0029 196 176 233 215 106 098 139 149
0030 195 178 232 215 118 169 167 211
0031 130 207 166 239 194 175 233 213
0032 194 177 233 213 127 220 161 239
0033 194 177 232 214 000 000 000 000
0034 195 176 233 215 000 000 000 000
