0006 120 188 156 239 000 000 000 000
0007 128 125 165 193 000 000 000 000
0008 128 084 164 146 000 000 000 000
0009 135 056 163 130 000 000 000 000
0010 133 051 163 123 000 000 000 000
0011 133 048 163 118 000 000 000 000
0012 132 045 163 117 000 000 000 000
0013 130 047 162 120 000 000 000 000
0014 121 047 168 112 000 000 000 000
0015 120 056 167 115 000 000 000 000
0016 131 050 161 116 000 000 000 000
0017 124 046 166 115 000 000 000 000
0018 123 050 162 115 000 000 000 000
0019 121 058 161 118 000 000 000 000
0020 127 047 163 120 000 000 000 000
0021 124 053 164 121 000 000 000 000
0022 118 051 160 118 000 000 000 000
0023 125 048 162 118 000 000 000 000
0024 125 048 163 117 000 000 000 000
0025 124 051 163 117 000 000 000 000
0026 125 056 163 117 000 000 000 000
0027 122 061 158 120 000 000 000 000
0028 123 062 163 127 000 000 000 000
0029 124 079 162 140 000 000 000 000
0030 124 114 159 177 000 000 000 000
0031 120 152 156 219 000 000 000 000
0032 110 200 152 239 000 000 000 000
