0007 171 169 208 237 000 000 000 000
0008 172 112 208 181 000 000 000 000
0009 172 087 223 145 000 000 000 000
0010 180 086 237 138 000 000 000 000
0011 181 088 243 138 000 000 000 000
0012 184 093 246 142 000 000 000 000
0013 186 091 246 141 000 000 000 000
0014 187 086 246 139 000 000 000 000
0015 188 078 241 127 000 000 000 000
0016 183 073 221 119 000 000 000 000
0017 165 072 218 118 000 000 000 000
0018 161 074 215 120 000 000 000 000
0019 161 076 215 124 000 000 000 000
0020 161 078 215 127 000 000 000 000
0021 161 079 215 128 000 000 000 000
0022 169 076 214 124 000 000 000 000
0023 178 073 216 122 000 000 000 000
0024 180 075 236 125 000 000 000 000
0025 182 081 239 133 000 000 000 000
0026 181 083 242 136 000 000 000 000
0027 181 084 242 138 000 000 000 000
0028 181 084 242 136 000 000 000 000
0029 182 081 237 135 000 000 000 000
0030 183 080 219 127 000 000 000 000
0031 174 074 217 123 000 000 000 000
0032 166 076 214 124 000 000 000 000
0033 164 076 214 124 000 000 000 000
0034 160 083 211 130 000 000 000 000
0035 161 080 212 129 000 000 000 000
0036 160 080 214 131 000 000 000 000
0037 166 082 216 133 000 000 000 000
0038 169 083 219 134 000 000 000 000
0039 178 099 224 155 000 000 000 000
0040 188 147 240 208 000 000 000 000
