0003 120 216 159 239 000 000 000 000
0004 102 211 151 239 000 000 000 000
0005 105 154 153 202 000 000 000 000
0006 111 111 155 157 000 000 000 000
0007 119 092 159 131 000 000 000 000
0008 121 081 162 119 000 000 000 000
0009 122 079 161 116 000 000 000 000
0010 119 078 160 115 000 000 000 000
0011 118 080 157 113 000 000 000 000
0012 120 079 158 116 000 000 000 000
0013 120 079 156 112 000 000 000 000
0014 118 081 159 116 000 000 000 000
0015 112 083 154 120 000 000 000 000
0016 107 085 151 122 000 000 000 000
0017 105 087 147 121 000 000 000 000
0018 103 090 145 123 000 000 000 000
0019 100 091 141 123 000 000 000 000
0020 100 093 138 126 000 000 000 000
0021 101 093 138 125 000 000 000 000
0022 101 093 140 125 000 000 000 000
0023 098 091 139 125 000 000 000 000
0024 101 092 144 133 000 000 000 000
0025 102 109 145 151 000 000 000 000
0026 096 151 148 203 000 000 000 000
0027 102 202 152 239 000 000 000 000
