0000 133 176 158 216 053 192 081 232
0001 133 172 159 212 052 192 080 232
0002 050 191 077 230 137 152 165 198
0003 139 131 167 176 048 192 075 231
0004 138 104 175 144 047 192 074 231
0005 047 192 075 231 144 093 172 139
0006 049 193 076 231 141 086 171 127
0007 050 193 077 231 141 087 173 127
0008 050 193 077 232 146 082 178 115
0009 049 193 076 232 159 075 184 099
0010 047 192 076 234 175 073 205 098
0011 190 067 230 095 042 193 069 234
0012 209 057 253 085 037 188 065 233
0013 223 048 271 082 035 190 063 234
0014 228 052 279 081 035 190 064 232
0015 229 054 281 083 036 192 066 233
0016 227 055 281 087 039 192 068 233
0017 227 055 282 086 036 192 065 234
0018 227 056 282 086 035 190 063 233
0019 227 059 281 088 035 191 063 233
0020 228 061 280 089 035 190 063 232
0021 228 061 279 090 034 190 064 234
0022 227 061 279 091 035 189 065 234
0023 228 062 278 092 036 190 064 233
0024 227 063 278 092 036 190 064 233
0025 228 062 278 092 035 190 064 233
0026 227 061 278 092 034 190 063 232
0027 227 061 278 092 033 188 062 231
0028 226 062 278 092 035 190 063 232
0029 226 062 278 092 034 190 063 232
0030 224 060 276 093 035 190 064 233
0031 222 065 271 097 035 190 064 233
0032 226 072 262 103 036 191 064 233
0033 036 191 064 234 213 087 252 116
0034 039 189 068 232 208 108 237 139
0035 041 190 068 232 194 136 218 171
0036 043 190 071 232 173 159 197 206
0037 151 171 176 216 047 191 074 232
0038 050 191 077 229 138 179 166 224
0039 053 191 080 230 133 179 160 223
0040 052 189 080 229 136 179 163 223
0041 134 180 160 218 049 191 076 230
0042 134 180 161 219 047 192 074 231
0043 134 180 160 219 046 192 073 232
0044 135 180 160 219 047 192 075 232
0045 135 180 161 219 048 192 076 232
0046 135 178 162 219 049 192 077 232
