0000 111 212 134 239 194 217 217 238
0001 111 211 134 239 190 217 217 239
0002 110 212 133 239 194 216 220 239
0003 111 212 134 239 195 216 220 239
0004 110 212 133 239 195 216 216 238
0005 109 212 133 239 195 216 217 239
0006 109 212 132 239 195 216 216 239
0007 109 212 132 239 195 216 216 238
0008 108 213 132 239 195 216 216 238
0009 195 195 220 232 111 210 134 239
0010 201 137 230 172 111 212 133 239
0011 207 068 235 111 106 211 130 238
0012 208 028 234 066 107 210 130 238
0013 215 008 239 043 110 210 133 239
0014 111 212 134 239 229 007 256 041
0015 225 016 257 047 110 213 134 239
0016 200 028 226 060 108 215 132 237
0017 164 035 194 059 105 212 129 237
0018 145 029 183 055 105 211 128 238
0019 146 011 180 041 106 212 129 238
0020 170 000 196 024 108 212 131 237
0021 110 211 135 239 192 000 224 027
0022 210 002 239 036 110 213 135 239
0023 203 022 241 051 107 216 132 239
0024 104 210 128 238 174 032 202 058
0025 144 030 181 056 104 209 130 239
0026 139 015 173 046 105 212 128 238
0027 156 000 185 030 106 209 129 237
0028 109 214 131 238 186 000 210 023
0029 197 000 238 030 106 211 131 237
0030 107 212 128 238 195 009 229 043
0031 168 022 193 051 103 213 127 239
0032 143 026 179 053 102 213 126 239
0033 148 011 180 042 104 213 128 239
0034 106 208 129 237 174 000 200 031
0035 195 000 222 032 108 213 131 236
0036 207 015 235 058 111 212 135 239
0037 217 073 247 113 110 212 134 239
0038 215 147 249 204 106 211 130 238
0039 203 195 231 239 106 214 131 239
0040 187 208 216 237 105 212 130 239
