0000 116 194 138 227 199 200 220 231
0001 115 192 138 225 195 202 213 235
0002 116 185 138 216 186 189 208 229
0003 124 158 147 183 168 155 195 187
0004 165 113 191 138 128 125 156 146
0005 171 054 199 088 125 077 151 111
0006 126 063 155 096 181 046 208 081
0007 122 058 149 087 195 055 223 088
0008 120 061 144 087 199 067 223 093
0009 113 062 140 093 201 064 227 095
0010 107 076 134 118 216 064 244 113
0011 105 102 129 141 212 120 256 148
0012 105 150 131 176 222 165 251 209
0013 110 183 134 213 203 198 226 233
0014 119 194 137 224 185 202 205 234
0015 122 188 143 221 174 196 197 222
0016 168 155 196 182 122 173 142 195
0017 168 132 197 161 116 148 140 171
0018 169 082 198 110 116 105 145 132
0019 118 066 144 100 183 049 212 087
0020 118 060 144 094 188 065 214 090
0021 117 064 147 095 186 073 218 093
0022 116 065 144 097 187 074 219 094
0023 192 076 224 121 112 074 139 115
0024 198 099 226 148 113 106 139 138
0025 114 136 138 163 198 145 223 185
0026 115 170 138 200 200 194 218 232
0027 115 190 137 225 200 202 219 235
