0000 113 206 136 238 179 203 203 237
0001 114 206 137 237 179 203 203 238
0002 179 205 203 239 114 206 137 237
0003 177 204 202 239 114 206 135 234
0004 113 205 138 238 170 206 194 239
0005 157 187 194 221 119 201 142 235
0006 124 188 153 222 142 166 182 193
0007 134 139 172 167 133 170 167 197
0008 144 143 184 171 127 117 162 144
0009 148 127 190 159 127 108 155 134
0010 124 105 162 135 158 121 189 151
0011 124 104 158 133 157 118 183 146
0012 126 105 162 131 158 118 186 145
0013 120 101 156 132 154 114 189 144
0014 153 113 189 142 126 105 159 134
0015 126 104 161 132 156 114 189 143
0016 125 104 161 132 155 113 189 143
0017 125 107 158 135 154 113 189 144
0018 122 104 158 132 155 114 190 144
0019 154 115 190 143 125 106 159 132
0020 153 116 192 145 125 106 159 135
0021 122 105 158 138 153 118 191 146
0022 143 130 188 162 122 114 160 142
0023 138 152 174 182 129 128 168 157
0024 130 173 159 209 141 148 181 176
0025 123 187 149 216 150 166 187 195
0026 115 190 140 223 167 182 193 210
0027 118 195 144 234 165 188 192 218
0028 118 200 142 236 167 194 192 229
0029 116 200 141 236 168 197 195 234
0030 115 205 139 238 170 201 196 237
0031 171 202 197 238 115 205 139 239
0032 173 203 197 238 115 205 139 239
0033 173 202 197 238 115 204 138 238
0034 173 203 197 238 114 205 138 239
0035 173 203 197 238 115 204 140 239
0036 173 202 197 238 115 204 139 239
0037 173 201 197 237 115 204 139 239
