0006 132 203 173 235 000 000 000 000
0007 141 155 176 199 000 000 000 000
0008 146 095 181 158 000 000 000 000
0009 143 072 177 142 000 000 000 000
0010 141 063 172 124 000 000 000 000
0011 139 057 172 117 000 000 000 000
0012 141 057 171 115 000 000 000 000
0013 140 054 172 115 000 000 000 000
0014 141 054 172 114 000 000 000 000
0015 141 055 171 114 000 000 000 000
0016 141 056 172 113 000 000 000 000
0017 139 055 171 119 000 000 000 000
0018 137 091 180 158 000 000 000 000
0019 122 189 169 231 000 000 000 000
