0000 189 211 214 239 118 145 142 167
0001 117 147 141 170 189 211 214 239
0002 189 212 214 239 117 145 142 167
0003 117 146 141 169 189 211 214 239
0004 118 147 141 169 189 211 214 239
0005 117 146 141 169 190 210 215 239
0006 117 146 141 169 190 211 215 239
0007 117 146 141 169 190 210 215 239
0008 117 146 141 169 189 209 214 239
0009 185 205 210 238 117 144 143 167
0010 175 188 202 223 116 147 140 170
0011 162 170 199 198 116 150 139 168
0012 157 159 192 184 112 144 139 170
0013 144 143 185 167 112 147 138 171
0014 111 145 137 170 140 131 172 159
0015 136 123 164 151 112 145 137 170
0016 138 112 159 146 110 143 137 169
0017 150 110 175 135 112 143 138 169
0018 170 099 214 134 114 143 137 165
0019 186 096 225 133 113 144 138 167
0020 188 100 235 137 114 144 139 167
0021 190 106 234 144 114 143 138 166
0022 188 116 226 153 114 144 140 167
0023 188 148 214 179 113 143 138 167
0024 182 171 210 221 113 143 138 167
0025 184 194 208 235 115 145 139 167
0026 190 207 214 239 116 145 138 166
0027 117 143 140 166 190 211 213 239
0028 116 143 139 166 190 211 214 239
0029 116 145 140 166 192 208 217 239
0030 118 144 143 165 190 210 214 239
