0000 207 202 244 238 129 209 168 239
0001 209 200 246 237 136 196 178 236
0002 211 187 244 229 148 170 189 216
0003 203 163 242 204 153 148 208 194
0004 162 131 211 178 211 139 240 179
0005 159 118 211 166 202 126 232 168
0006 162 109 204 159 203 119 230 164
0007 162 104 201 152 199 111 228 159
0008 195 108 231 158 161 098 199 147
0009 194 108 225 158 159 097 193 150
0010 194 107 224 153 157 099 195 149
0011 189 109 224 155 158 102 188 146
0012 188 110 224 151 156 102 186 148
0013 186 106 226 153 156 102 186 147
0014 155 104 186 148 183 102 222 152
0015 155 105 187 149 188 102 226 151
0016 155 104 187 149 189 104 227 151
0017 155 106 187 152 188 103 228 152
0018 186 104 228 153 155 106 186 151
0019 157 111 184 146 189 106 227 153
0020 190 109 228 155 153 108 188 153
0021 155 108 187 150 190 110 226 156
0022 156 110 187 153 189 111 226 157
0023 156 111 187 153 188 112 225 157
0024 154 110 187 151 187 112 225 157
0025 184 112 225 155 156 111 187 152
0026 156 111 186 152 188 113 223 156
0027 156 111 187 152 184 115 226 157
0028 186 111 230 156 154 108 188 155
0029 186 111 231 157 154 109 189 154
0030 154 109 187 154 189 112 225 156
0031 154 110 187 154 186 115 226 156
0032 154 111 187 154 184 107 226 154
0033 154 110 188 156 191 107 225 156
0034 152 107 187 152 189 104 225 155
0035 154 109 189 156 190 105 224 155
0036 153 109 189 156 189 106 225 155
0037 152 106 187 152 189 105 225 155
0038 154 111 188 153 189 104 225 156
0039 154 111 187 152 188 104 225 155
0040 155 110 187 152 190 105 225 155
0041 151 106 190 153 190 104 226 155
0042 155 111 186 148 190 104 226 156
0043 155 111 186 148 190 105 225 155
0044 151 105 189 152 189 102 224 153
0045 151 105 189 152 187 102 226 151
0046 151 105 189 152 189 106 224 154
0047 154 105 189 152 190 102 224 154
0048 154 109 186 152 189 106 225 156
0049 185 114 226 161 148 115 188 162
0050 191 124 229 172 142 124 182 169
0051 200 157 233 208 122 160 163 212
0052 111 201 146 239 198 188 231 238
0053 188 204 231 237 110 208 149 237
0054 182 204 224 235 113 209 157 239
0055 186 208 227 236 117 211 159 239
