0000 098 190 138 233 182 200 218 237
0001 099 193 139 235 183 199 218 236
0002 096 190 138 233 181 194 216 236
0003 095 186 138 228 179 187 214 234
0004 095 175 139 216 182 172 212 209
0005 101 153 154 201 162 140 202 176
0006 106 141 159 182 144 128 190 165
0007 104 120 159 154 139 122 187 154
0008 090 109 147 145 146 119 208 145
0009 193 109 247 144 056 114 108 146
0010 205 115 255 151 049 121 087 160
0011 202 115 257 150 048 120 088 152
0012 047 118 090 155 200 118 251 154
0013 058 139 103 188 191 138 224 179
0014 069 158 120 205 182 153 210 192
0015 081 167 134 214 156 153 195 201
0016 089 173 137 220 148 161 184 206
0017 090 176 137 223 147 163 182 204
0018 086 174 135 224 147 164 183 204
0019 084 171 136 220 145 164 182 204
0020 089 174 133 223 144 163 181 205
0021 086 178 134 218 145 164 183 202
0022 079 182 119 221 160 169 192 211
0023 079 183 117 222 167 178 199 214
0024 079 193 115 232 165 188 203 227
0025 080 201 118 238 162 194 202 233
0026 084 203 121 237 159 195 197 233
0027 084 203 121 238 158 191 197 233
0028 084 204 121 238 158 195 197 235
0029 083 204 121 238 158 195 196 233
0030 083 204 121 238 158 195 196 235
0031 083 204 121 238 158 195 195 234
0032 083 204 121 238 158 196 195 235
0033 083 205 121 238 158 196 195 235
0034 083 206 120 239 158 197 195 235
