0000 140 212 174 238 000 000 000 000
0001 159 155 197 216 000 000 000 000
0002 171 112 211 176 000 000 000 000
0003 178 089 218 156 000 000 000 000
0004 177 076 225 136 000 000 000 000
0005 185 074 222 133 000 000 000 000
0006 180 065 220 132 000 000 000 000
0007 182 066 223 130 000 000 000 000
0008 184 068 227 128 000 000 000 000
0009 182 066 224 129 000 000 000 000
0010 182 065 224 131 000 000 000 000
0011 184 066 224 130 000 000 000 000
0012 183 066 224 130 000 000 000 000
0013 183 067 225 129 000 000 000 000
0014 185 070 227 129 000 000 000 000
0015 188 076 227 141 000 000 000 000
0016 185 113 220 160 000 000 000 000
0017 165 171 204 211 000 000 000 000
0018 153 196 188 236 000 000 000 000
0019 142 220 179 237 000 000 000 000
