0001 097 222 129 239 000 000 000 000
0002 098 222 133 239 000 000 000 000
0003 105 212 146 239 000 000 000 000
0004 112 194 165 233 000 000 000 000
0005 114 172 166 217 000 000 000 000
0006 192 200 237 237 117 154 164 205
0007 117 153 160 207 180 174 226 222
0008 174 156 227 202 124 146 165 202
0009 172 144 224 192 124 153 162 200
0010 127 145 171 201 169 143 224 191
0011 169 144 219 194 125 139 169 200
0012 168 143 218 193 129 143 172 203
0013 169 146 215 194 129 145 171 200
0014 167 145 215 194 129 141 169 198
0015 166 145 216 195 130 143 169 198
0016 167 143 215 195 132 141 172 200
0017 167 145 216 195 131 143 169 200
0018 166 144 216 196 131 145 168 203
0019 166 145 218 195 128 148 167 205
0020 163 144 217 197 130 146 170 204
0021 164 144 218 197 130 146 171 200
0022 164 145 218 197 131 143 168 202
0023 163 146 218 197 130 140 168 202
0024 168 144 212 197 131 141 168 199
0025 162 146 218 197 129 142 169 198
0026 129 142 170 198 166 145 212 198
0027 163 145 218 197 129 142 170 198
0028 164 146 218 197 130 140 169 204
0029 130 144 169 201 163 144 216 196
0030 130 143 169 203 165 143 216 197
0031 169 151 215 200 125 153 169 203
0032 123 181 167 222 175 172 227 222
0033 114 191 156 237 189 187 236 232
0034 102 208 138 237 211 210 254 239
0035 101 216 138 237 221 221 256 238
