0000 103 213 133 237 196 216 221 239
0001 099 210 135 239 195 219 220 238
0002 101 210 134 239 192 218 217 237
0003 109 212 137 239 191 217 217 237
0004 113 203 139 234 191 218 217 237
0005 113 196 138 228 194 216 219 239
0006 113 183 142 216 195 215 220 239
0007 112 173 137 197 195 216 220 239
0008 112 157 140 185 195 215 220 239
0009 112 141 140 178 195 215 220 239
0010 112 098 138 146 194 218 219 238
0011 113 086 141 130 195 215 220 239
0012 111 079 139 126 194 219 219 239
0013 111 076 138 122 194 219 219 239
0014 111 076 138 120 194 219 219 239
0015 111 072 137 118 195 219 219 238
0016 111 072 140 121 196 218 219 238
0017 111 076 138 118 195 218 219 239
0018 111 071 140 119 193 215 216 234
0019 111 073 137 120 200 203 223 234
0020 112 074 139 120 209 185 234 220
0021 111 071 140 117 217 165 243 192
0022 111 072 140 119 220 140 247 172
0023 112 071 139 117 226 112 254 151
0024 112 073 140 115 230 084 256 125
0025 116 069 142 110 222 069 249 108
0026 115 071 143 113 200 056 226 089
0027 115 069 143 109 163 079 190 118
0028 115 066 143 110 148 122 187 150
0029 115 067 142 110 163 148 193 174
0030 114 065 142 110 194 147 226 178
0031 114 066 142 109 227 132 254 166
0032 115 066 143 111 238 115 266 152
0033 116 066 144 111 237 099 264 139
0034 117 067 147 112 217 077 242 111
0035 117 067 146 113 169 086 197 124
0036 119 067 147 112 154 125 187 157
0037 118 065 147 113 172 162 201 188
0038 118 065 147 111 217 158 247 189
0039 119 072 147 112 237 115 266 159
0040 121 068 150 111 231 073 257 109
0041 122 067 151 110 208 061 235 091
0042 124 066 153 110 173 073 205 115
0043 124 068 152 111 155 135 195 170
0044 122 067 151 110 177 171 205 196
0045 122 067 151 111 226 155 256 187
0046 123 067 151 111 241 108 269 151
0047 126 067 150 105 226 075 252 111
0048 125 066 154 106 190 069 220 112
0049 125 066 153 109 169 082 196 121
0050 124 063 151 103 154 123 185 158
0051 123 064 152 107 190 172 222 202
0052 122 065 151 107 232 156 259 188
0053 123 064 151 107 240 116 274 154
0054 123 064 150 103 232 086 259 123
0055 124 064 152 107 202 078 226 106
0056 126 063 153 105 162 097 194 138
0057 126 063 153 105 146 116 182 156
0058 162 155 199 187 125 064 151 107
0059 122 066 150 108 213 166 241 196
0060 119 066 148 110 233 135 260 169
0061 121 067 149 110 235 099 263 138
0062 123 065 151 108 215 080 241 115
0063 123 065 150 107 185 079 215 125
0064 127 066 152 102 155 106 189 141
0065 125 065 150 108 144 132 183 166
0066 123 067 152 111 161 173 193 202
0067 120 069 149 113 193 208 219 234
0068 122 073 147 114 209 214 236 239
0069 212 211 237 239 118 077 144 122
0070 116 089 144 128 209 215 234 239
0071 115 096 144 138 195 216 222 235
0072 116 108 142 150 183 215 211 238
0073 179 216 209 239 116 125 143 159
0074 114 144 150 178 180 215 207 239
0075 116 170 144 202 184 219 213 239
0076 116 195 142 234 194 217 221 239
0077 114 212 141 239 195 217 222 239
0078 110 218 136 239 195 218 222 239
0079 193 217 220 239 108 218 133 238
