0000 099 176 150 219 183 127 233 172
0001 098 177 149 223 188 135 239 180
0002 099 179 152 224 184 138 236 184
0003 100 180 151 226 185 141 235 191
0004 101 180 151 226 185 142 242 191
0005 101 181 151 226 188 142 240 194
0006 103 182 151 228 196 146 245 192
0007 103 182 152 228 206 155 255 202
0008 103 182 151 227 214 163 268 210
0009 104 183 150 229 228 169 282 217
0010 245 166 299 213 100 183 149 234
0011 093 186 144 236 263 150 314 198
0012 094 187 140 238 272 132 319 179
0013 093 190 140 238 279 121 319 170
0014 093 190 139 239 284 110 319 156
0015 094 190 139 238 285 098 319 143
0016 094 190 139 239 285 088 319 132
0017 088 187 135 236 286 083 319 129
0018 093 190 139 239 282 086 319 130
0019 093 190 138 239 275 098 319 140
0020 093 190 137 239 268 103 317 146
0021 093 190 138 239 266 105 312 148
0022 092 190 138 238 259 104 304 148
0023 094 190 140 238 253 104 298 146
0024 092 190 139 238 248 098 295 145
0025 094 187 140 237 248 098 291 145
0026 095 188 139 236 248 096 290 142
0027 092 191 141 239 247 095 291 140
0028 092 190 140 238 247 095 293 142
0029 092 190 141 238 247 096 294 146
0030 093 191 141 239 247 103 293 152
0031 092 191 140 239 246 115 287 162
0032 091 189 139 239 242 129 280 179
0033 091 189 139 239 232 144 269 191
0034 092 190 139 238 219 161 259 210
0035 195 177 234 229 093 189 139 239
0036 184 180 224 227 093 188 140 239
0037 093 187 140 239 168 180 211 228
0038 093 187 137 239 152 176 202 221
0039 093 188 140 239 140 171 188 213
0040 093 188 137 238 132 159 184 203
0041 093 189 135 238 132 147 182 192
0042 093 189 137 238 130 136 179 182
0043 094 189 138 238 129 119 174 167
0044 093 189 137 238 135 109 176 163
0045 094 190 137 238 135 104 178 159
0046 094 189 138 238 132 106 181 158
0047 091 190 136 238 132 107 183 159
0048 094 190 138 239 134 107 181 159
0049 092 190 137 238 134 107 183 159
0050 093 190 137 238 134 106 183 158
0051 094 192 138 238 133 106 183 159
0052 095 192 139 238 134 106 183 159
0053 091 190 137 238 134 106 184 159
0054 094 190 138 238 134 107 182 160
0055 094 191 138 238 134 108 183 159
0056 092 192 138 238 137 108 186 161
0057 092 192 138 238 133 108 188 162
0058 092 192 138 238 134 109 185 161
0059 091 192 139 239 137 110 186 163
0060 093 189 139 238 141 113 189 163
0061 093 190 139 238 140 111 187 161
0062 093 191 138 238 139 113 193 164
0063 093 192 137 239 142 113 196 165
0064 093 192 138 238 143 117 194 169
0065 093 192 137 239 152 115 197 168
0066 151 124 201 177 092 192 138 238
0067 093 192 138 238 158 131 205 181
0068 092 192 138 239 162 136 204 182
0069 092 192 138 239 173 140 217 181
0070 092 191 138 239 177 145 224 181
0071 092 191 137 239 191 144 238 176
0072 093 190 138 239 195 135 243 173
0073 093 190 138 239 207 136 253 170
