0006 099 212 139 239 019 222 050 239
0007 085 189 140 234 019 218 061 239
0008 079 166 132 208 032 211 077 239
0009 071 148 126 189 046 203 099 238
0010 070 154 124 196 059 184 111 217
0011 065 172 123 216 067 150 112 183
0012 066 181 121 225 059 135 111 171
0013 067 175 115 210 053 144 103 182
0014 045 165 100 216 060 152 117 190
0015 060 139 111 176 046 184 101 226
0016 062 141 119 179 057 176 103 208
0017 063 162 122 204 044 143 104 180
0018 066 177 121 220 050 127 104 165
0019 060 171 113 209 050 139 102 178
0020 044 167 098 209 061 143 114 179
0021 048 172 100 215 061 130 114 166
0022 067 132 117 171 059 164 103 195
0023 065 160 120 199 063 130 108 165
0024 053 121 105 166 066 169 119 214
0025 039 157 111 198 000 000 000 000
0026 061 143 113 183 045 179 098 218
0027 059 155 115 196 049 184 101 222
0028 077 187 123 238 046 185 089 229
0029 041 195 092 236 095 213 134 239
0030 035 197 087 239 000 000 000 000
0031 035 201 085 237 000 000 000 000
0032 030 201 081 238 000 000 000 000
