0005 108 218 151 239 000 000 000 000
0006 137 172 181 224 000 000 000 000
0007 174 118 228 173 000 000 000 000
0008 190 090 231 145 000 000 000 000
0009 199 079 236 133 000 000 000 000
0010 202 076 242 128 000 000 000 000
0011 203 083 247 127 000 000 000 000
0012 202 074 251 126 000 000 000 000
0013 204 064 252 125 000 000 000 000
0014 201 084 247 125 000 000 000 000
0015 201 079 244 124 000 000 000 000
0016 201 070 247 121 000 000 000 000
0017 202 081 244 122 000 000 000 000
0018 202 069 246 123 000 000 000 000
0019 201 080 246 124 000 000 000 000
0020 203 080 244 123 000 000 000 000
0021 202 074 244 121 000 000 000 000
0022 203 081 245 122 000 000 000 000
0023 203 080 244 125 000 000 000 000
0024 202 075 245 128 000 000 000 000
0025 195 089 240 142 000 000 000 000
0026 182 118 232 171 000 000 000 000
0027 160 154 204 200 000 000 000 000
0028 116 198 171 237 000 000 000 000
