0000 138 207 175 238 221 215 263 239
0001 141 210 174 236 222 216 265 239
0002 224 219 263 238 139 213 177 237
0003 222 215 262 239 141 206 173 235
0004 220 197 265 238 142 189 182 239
0005 216 174 264 223 142 161 184 210
0006 213 112 252 158 148 098 183 146
0007 150 061 195 115 209 079 252 132
0008 151 052 193 109 207 070 252 123
0009 207 063 250 114 155 052 200 108
0010 206 062 247 113 158 052 203 105
0011 203 062 252 115 161 053 197 108
0012 157 047 190 100 210 058 247 120
0013 147 045 183 102 224 057 257 114
0014 227 059 261 116 140 049 169 102
0015 131 047 164 102 232 061 264 117
0016 231 061 264 119 131 052 164 107
0017 133 048 171 103 225 060 260 116
0018 138 046 187 105 213 052 254 112
0019 146 050 195 107 200 053 254 116
0020 150 052 199 106 199 050 251 115
0021 203 047 251 113 151 048 200 106
0022 203 049 250 113 151 047 194 100
0023 151 047 188 100 211 051 251 111
0024 151 045 186 100 218 046 256 113
0025 226 051 261 115 139 042 176 100
0026 138 042 170 101 229 054 263 114
0027 139 043 169 101 227 055 262 117
0028 226 060 258 121 136 047 170 109
0029 138 065 170 112 221 076 257 131
0030 140 097 167 135 212 112 244 159
0031 199 151 249 197 141 133 171 175
0032 195 168 249 209 141 157 180 197
0033 144 183 183 228 189 185 242 226
0034 186 194 241 235 146 200 180 236
0035 183 198 236 236 145 212 181 236
0036 180 200 244 237 144 211 183 236
0037 179 204 238 239 145 212 180 236
0038 182 204 242 238 146 211 181 236
0039 178 201 237 237 146 213 178 238
0040 173 202 236 237 146 213 179 238
0041 178 200 238 238 145 214 178 239
0042 179 200 238 239 145 212 179 237
