0002 163 223 188 239 000 000 000 000
0003 171 176 195 216 000 000 000 000
0004 170 105 207 162 000 000 000 000
0005 171 059 209 113 000 000 000 000
0006 171 024 210 075 000 000 000 000
0007 173 016 215 065 000 000 000 000
0008 172 010 215 063 000 000 000 000
0009 152 011 188 060 000 000 000 000
0010 140 013 178 055 060 223 084 239
0011 159 019 190 054 000 000 000 000
0012 186 013 215 046 000 000 000 000
0013 186 000 229 044 000 000 000 000
0014 149 003 194 054 060 223 082 239
0015 143 003 178 050 060 224 082 239
0016 156 018 185 053 060 222 084 239
0017 188 011 218 048 066 221 086 238
0018 185 000 224 044 061 222 084 239
0019 155 001 196 049 000 000 000 000
0020 140 006 179 049 059 222 079 239
0021 148 012 179 052 060 223 083 239
0022 173 023 200 052 061 222 083 239
0023 202 012 241 057 000 000 000 000
0024 220 045 266 099 000 000 000 000
0025 219 122 265 167 000 000 000 000
0026 202 182 235 233 000 000 000 000
0027 187 217 212 239 000 000 000 000
0029 061 223 085 239 000 000 000 000
0031 061 224 084 239 000 000 000 000
0034 065 222 086 237 000 000 000 000
