0006 058 221 095 237 129 222 168 238
0007 089 209 143 235 059 213 089 238
0008 086 191 135 231 058 209 093 238
0009 086 182 135 220 060 204 099 237
0010 061 200 100 236 072 174 121 203
0011 061 187 103 228 060 161 122 192
0012 062 179 109 219 055 152 118 184
0013 051 133 122 175 065 164 113 201
0014 054 124 124 184 000 000 000 000
0015 061 130 125 183 000 000 000 000
0016 061 136 133 192 064 113 115 148
0017 062 106 108 144 060 149 137 196
0018 068 143 133 192 061 111 103 148
0019 059 112 102 150 069 140 117 177
0020 051 117 099 157 088 106 135 136
0021 086 103 139 132 052 122 104 164
0022 061 123 107 163 068 102 136 131
0023 066 128 110 164 068 104 132 133
0024 070 104 131 152 060 121 104 165
0025 070 099 131 150 000 000 000 000
0026 066 115 125 167 000 000 000 000
0027 065 134 126 182 066 108 114 141
0028 074 141 127 183 063 108 110 146
0029 054 114 099 151 077 132 133 170
0030 053 118 101 159 092 117 131 157
0031 085 113 133 155 055 122 104 163
0032 060 123 107 165 081 111 137 151
0033 063 122 112 167 000 000 000 000
0034 063 127 125 167 000 000 000 000
0035 069 107 133 149 000 000 000 000
0036 065 107 135 159 000 000 000 000
0037 068 106 135 166 000 000 000 000
0038 071 110 134 172 000 000 000 000
0039 074 115 144 182 066 110 122 142
0040 074 122 142 185 066 107 112 141
0041 058 105 105 145 086 139 141 181
0042 054 118 097 158 086 118 140 158
0043 054 130 100 171 087 105 137 145
0044 062 136 106 177 072 113 131 146
0045 068 116 134 163 000 000 000 000
0046 068 127 140 179 000 000 000 000
0047 063 146 127 208 000 000 000 000
0048 067 164 126 225 000 000 000 000
0049 067 170 126 234 000 000 000 000
0050 070 180 129 237 000 000 000 000
0051 069 188 133 239 000 000 000 000
0052 065 202 115 238 093 203 143 239
0053 061 224 101 239 123 223 157 239
