0000 116 209 154 239 033 213 064 238
0001 112 200 150 237 033 213 065 238
0002 106 183 148 220 033 213 064 238
0003 098 167 148 202 033 213 064 238
0004 091 152 144 196 033 212 064 239
0005 099 140 133 195 033 212 065 239
0006 104 131 138 191 033 212 065 239
0007 032 213 064 237 102 125 137 189
0008 032 214 064 237 104 105 138 169
0009 106 094 140 155 034 213 065 239
0010 108 093 141 154 034 213 065 239
0011 106 093 141 156 030 210 066 239
0012 108 097 141 156 033 212 064 238
0013 029 211 068 237 106 099 140 160
0014 104 098 138 159 034 212 063 238
0015 102 099 137 161 029 211 068 237
0016 102 102 136 160 034 212 063 238
0017 103 106 136 164 034 213 063 238
0018 104 108 136 158 034 212 063 238
0019 105 108 143 166 034 213 063 238
0020 107 115 141 176 033 213 063 239
0021 030 211 068 237 100 116 131 182
0022 033 214 063 239 094 113 136 176
0023 033 214 063 239 104 113 137 176
0024 108 114 142 179 033 213 064 238
0025 107 115 141 178 032 213 064 238
0026 099 113 138 174 034 213 065 239
0027 092 115 135 173 034 213 065 239
0028 106 112 139 172 033 213 064 237
0029 104 113 139 181 033 213 064 237
0030 103 116 138 177 033 213 064 237
0031 034 213 065 239 094 114 135 172
0032 099 112 134 175 034 213 065 239
0033 105 115 137 180 034 213 065 239
0034 106 117 138 180 034 213 065 239
0035 099 118 137 177 035 213 065 239
0036 101 116 137 173 033 214 064 237
0037 109 115 140 181 033 212 064 238
0038 109 117 141 184 033 214 064 237
0039 033 212 064 237 103 119 139 184
0040 099 120 137 176 033 212 064 237
0041 032 212 064 237 099 118 137 176
0042 099 118 133 183 033 212 064 237
0043 098 121 138 186 032 211 064 237
0044 099 126 139 190 033 211 064 236
0045 104 137 143 191 033 211 064 236
0046 105 144 143 194 033 214 064 237
0047 106 157 149 203 032 214 064 237
0048 111 166 151 212 033 212 065 239
0049 114 178 153 224 033 213 065 239
0050 114 189 154 234 033 214 066 239
0051 114 200 152 237 033 213 066 239
0052 112 207 151 239 031 212 065 238
0053 032 214 066 239 112 210 151 239
0054 032 211 065 237 114 216 149 239
