0006 048 217 080 237 000 000 000 000
0007 059 197 087 235 000 000 000 000
0008 070 155 094 209 000 000 000 000
0009 075 134 098 181 142 215 176 237
0010 137 204 175 238 081 128 101 178
0011 135 184 174 239 080 124 104 173
0012 130 157 171 209 082 124 106 174
0013 132 144 170 181 082 122 107 175
0014 135 135 171 164 089 121 111 173
0015 123 132 166 163 087 119 110 171
0016 113 131 162 159 090 121 110 168
0017 123 127 165 156 085 120 108 169
0018 113 123 154 152 085 118 107 170
0019 107 121 161 151 084 119 107 170
0020 125 120 164 151 082 117 107 170
0021 114 120 157 148 082 117 106 168
0022 104 122 158 149 081 116 104 168
0023 112 122 155 151 081 117 104 166
0024 124 123 165 157 081 115 105 166
0025 104 119 162 152 082 118 104 167
0026 104 121 156 153 081 116 104 169
0027 122 123 164 159 081 117 105 167
0028 106 122 156 155 085 117 104 166
0029 095 122 153 157 081 118 104 168
0030 110 122 151 157 082 118 104 167
0031 111 121 152 157 082 119 103 167
0032 086 117 151 153 084 122 108 167
0033 093 117 150 152 082 116 105 170
0034 104 120 149 156 082 119 106 170
0035 085 119 145 157 081 124 104 169
0036 089 122 147 155 082 120 105 172
0037 092 120 143 154 082 118 104 172
0038 096 124 147 160 078 118 103 173
0039 099 124 153 160 073 120 104 173
0040 101 122 160 159 070 136 107 172
0041 111 137 161 181 063 149 109 190
0042 116 166 164 221 069 175 114 220
0043 071 202 116 237 121 199 165 239
0044 126 211 164 239 070 218 107 239
0045 125 210 164 239 070 220 106 239
0046 119 201 164 239 071 214 111 236
0047 118 192 166 236 070 205 115 237
0048 117 173 171 221 068 188 120 232
0049 067 170 119 208 119 154 171 196
0050 066 150 119 182 119 137 174 173
0051 062 136 121 163 120 124 179 156
0052 063 116 124 144 121 104 180 136
0053 067 099 121 131 124 090 177 118
0054 120 079 179 107 066 086 121 117
0055 123 073 180 101 067 075 120 107
0056 067 060 122 097 127 062 177 094
0057 067 052 120 089 129 054 178 085
0058 071 046 126 082 129 049 178 081
0059 131 043 180 078 073 039 126 079
0060 077 026 130 071 128 038 179 072
0061 073 028 126 069 128 033 179 068
0062 074 025 126 064 126 030 177 067
0063 074 022 129 063 126 028 178 066
0064 074 022 128 063 127 028 177 066
0065 074 027 123 068 126 031 178 068
0066 132 041 181 081 064 046 111 086
0067 136 072 184 112 049 086 107 121
0068 036 152 089 209 143 132 190 187
0069 142 180 191 235 039 196 088 238
0070 142 204 183 239 042 212 090 239
0071 051 219 089 239 145 223 176 239
0072 046 222 090 239 000 000 000 000
