0000 093 200 131 236 178 173 206 217
0001 092 199 131 237 182 150 210 194
0002 183 126 223 179 092 195 132 237
0003 180 114 224 166 092 193 132 237
0004 178 112 222 166 091 188 132 237
0005 177 112 221 166 093 188 133 237
0006 177 111 221 165 091 189 131 236
0007 176 117 218 169 089 170 127 234
0008 100 148 141 203 175 117 216 170
0009 171 117 212 170 109 129 160 175
0010 169 111 209 172 121 126 163 160
0011 168 111 209 164 124 123 173 155
0012 124 126 170 171 169 112 206 168
0013 130 129 169 178 170 112 204 169
0014 122 126 171 187 173 113 203 171
0015 127 125 181 177 173 112 204 171
0016 130 128 187 172 170 114 204 171
0017 165 116 205 170 126 128 177 171
0018 123 129 171 171 170 117 206 175
0019 122 130 171 177 171 124 199 170
0020 114 132 162 172 172 139 207 176
0021 104 145 148 183 175 157 207 188
0022 097 161 144 211 183 164 213 206
0023 093 178 141 233 181 172 216 225
0024 094 181 139 234 179 173 218 228
0025 094 188 137 237 178 177 217 229
0026 094 192 137 238 179 177 218 233
0027 094 195 138 238 178 178 218 232
0028 094 191 138 239 177 177 218 229
0029 094 184 139 234 178 171 219 222
0030 091 163 143 214 186 156 219 202
0031 091 149 139 197 181 144 221 184
0032 090 138 140 180 181 137 220 172
0033 086 124 141 164 175 125 222 163
0034 083 112 134 150 172 121 222 149
0035 079 103 133 135 171 112 222 142
0036 172 099 220 127 075 092 130 121
0037 077 085 126 112 173 092 221 124
0038 181 069 222 104 077 067 126 097
0039 076 058 130 092 182 058 222 096
0040 182 060 222 099 077 061 125 094
0041 083 077 133 112 181 080 222 120
0042 088 105 134 144 172 117 210 153
0043 091 139 136 176 171 148 208 181
0044 093 158 139 194 172 163 208 198
0045 097 179 141 216 178 182 214 217
0046 098 188 142 229 178 195 214 230
