0000 099 205 122 230 176 191 194 223
0001 100 207 125 234 175 189 195 223
0002 100 208 126 235 175 189 196 223
0003 100 207 125 234 176 190 196 223
0004 104 200 127 229 178 187 196 217
0005 104 190 126 218 182 171 204 199
0006 188 122 214 152 099 148 121 174
0007 189 090 214 127 097 110 120 144
0008 188 075 213 113 097 084 120 119
0009 184 068 209 103 099 074 121 101
0010 181 067 208 107 100 071 122 100
0011 183 065 209 105 100 070 123 100
0012 181 066 208 107 101 069 124 105
0013 181 066 208 107 100 070 123 100
0014 182 067 207 106 102 068 124 099
0015 174 065 196 101 112 066 132 100
0016 161 067 183 107 124 067 142 103
0017 129 068 152 102 156 068 177 108
0018 154 066 176 108 131 069 152 103
0019 153 067 176 109 131 072 150 102
0020 154 067 176 108 132 071 153 102
0021 153 067 176 109 130 069 152 101
0022 154 066 177 108 128 073 149 103
0023 154 069 177 110 129 069 153 101
0024 158 079 183 125 126 081 154 116
0025 163 118 189 150 119 112 150 146
0026 113 156 146 188 170 162 190 191
0027 171 181 191 216 107 195 132 227
0028 171 188 192 224 100 207 126 235
0029 098 206 120 230 176 189 195 223
0030 099 208 123 235 173 189 195 222
0031 171 190 193 223 099 206 123 230
