0000 195 197 216 232 126 203 143 230
0001 195 199 213 228 126 204 143 231
0002 199 188 219 222 124 201 144 231
0003 209 170 231 197 126 203 143 230
0004 213 132 254 160 125 201 144 233
0005 223 076 256 120 125 203 142 231
0006 217 051 247 100 125 202 142 231
0007 212 042 241 087 125 201 145 233
0008 208 038 237 083 125 202 142 231
0009 207 039 236 081 124 199 143 232
0010 207 037 236 081 124 201 144 233
0011 207 037 235 080 124 201 144 233
0012 208 036 236 080 124 199 144 232
0013 208 036 236 081 125 201 142 229
0014 208 037 237 083 125 199 146 230
0015 211 042 242 091 124 200 144 232
0016 218 051 249 102 123 200 143 233
0017 222 065 254 117 123 200 143 232
0018 214 112 255 146 124 201 144 233
0019 125 200 145 233 211 158 238 195
0020 203 171 228 216 124 200 144 233
0021 197 191 216 233 124 201 145 234
0022 193 199 212 235 124 202 143 234
0023 192 197 213 235 123 202 144 234
