0000 105 205 134 236 149 204 179 237
0001 149 204 179 237 103 207 133 234
0002 104 208 134 238 149 207 178 239
0003 104 207 133 238 148 207 178 239
0004 149 207 178 239 104 202 134 236
0005 104 207 133 238 149 207 178 239
0006 104 207 133 238 148 207 178 239
0007 104 207 133 238 148 207 178 239
0008 104 207 134 237 149 208 178 239
0009 103 207 133 238 149 207 178 239
0010 154 203 184 237 098 205 127 237
0011 085 199 117 232 167 194 196 230
0012 070 181 099 216 182 176 209 211
0013 049 155 079 186 199 144 227 182
0014 209 087 236 129 036 092 066 134
0015 039 066 069 107 208 066 235 106
0016 049 038 075 075 201 041 226 074
0017 059 028 087 062 189 034 212 063
0018 069 022 096 055 179 036 202 061
0019 173 041 196 063 079 025 101 055
0020 080 030 107 057 168 042 192 067
0021 081 031 107 059 169 043 192 067
0022 173 038 196 062 081 029 108 059
0023 080 029 107 058 169 035 193 062
0024 080 029 106 058 173 037 197 062
0025 080 029 106 058 170 035 193 062
0026 080 028 106 058 173 037 196 063
0027 080 027 106 058 173 037 196 063
0028 081 027 106 058 173 037 196 062
0029 081 027 107 059 173 037 196 063
0030 081 027 107 059 174 036 197 063
0031 081 027 107 059 174 036 197 062
0032 079 027 106 058 170 036 195 063
0033 081 026 106 057 173 038 196 063
0034 080 028 106 060 175 036 197 062
0035 080 029 106 060 172 041 195 066
0036 163 049 191 071 079 038 104 068
0037 163 061 188 089 089 050 114 081
0038 094 071 118 103 157 081 183 109
0039 154 089 182 118 095 082 120 115
0040 099 106 126 140 155 115 179 146
0041 098 138 126 171 148 148 176 176
0042 101 169 132 201 150 173 179 209
0043 155 190 183 228 093 184 131 222
0044 158 203 186 237 096 202 125 238
0045 159 205 186 237 093 208 121 239
0046 160 208 189 238 090 203 123 237
0047 160 209 188 239 093 208 118 239
0048 161 209 189 239 094 206 119 237
0049 160 206 186 238 096 207 121 238
0050 160 207 186 238 097 208 123 238
0051 160 207 186 238 097 207 124 239
0052 160 207 186 238 097 207 124 239
0053 160 206 186 238 096 207 124 239
0054 160 206 186 238 096 207 124 239
0055 160 206 186 238 096 208 124 239
0056 095 208 122 238 160 207 186 238
0057 095 208 122 238 160 207 186 238
0058 159 206 185 238 095 205 121 238
0059 159 207 184 237 094 205 120 238
0060 093 205 121 234 159 207 183 237
0061 158 207 183 236 091 203 124 238
0062 160 205 187 239 090 204 123 237
0063 090 203 123 237 157 207 183 236
0064 093 203 118 234 158 210 184 239
0065 092 208 119 239 156 210 183 239
0066 153 208 179 238 092 205 119 237
0067 088 208 115 235 152 208 179 236
0068 090 211 119 239 151 206 177 237
0069 150 206 176 236 088 213 115 239
0070 144 205 172 237 087 210 118 239
0071 145 208 171 237 088 214 116 237
0072 141 210 174 239 092 214 122 239
0073 143 217 172 238 094 222 121 239
0074 144 220 170 238 095 221 125 239
0075 145 221 171 239 000 000 000 000
