0002 115 211 146 238 000 000 000 000
0003 093 200 134 238 000 000 000 000
0004 078 143 119 184 000 000 000 000
0005 074 098 113 144 000 000 000 000
0006 082 069 118 121 000 000 000 000
0007 092 055 127 098 000 000 000 000
0008 095 050 128 094 000 000 000 000
0009 095 048 128 094 000 000 000 000
0010 095 050 128 095 000 000 000 000
0011 095 049 128 097 000 000 000 000
0012 095 051 128 097 000 000 000 000
0013 095 051 128 097 000 000 000 000
0014 095 051 128 098 000 000 000 000
0015 095 053 128 099 000 000 000 000
0016 095 067 128 113 000 000 000 000
0017 094 104 129 148 000 000 000 000
0018 101 177 140 222 000 000 000 000
0019 110 203 151 236 000 000 000 000
0020 120 211 154 236 000 000 000 000
0021 121 212 156 237 000 000 000 000
0022 120 212 155 237 000 000 000 000
0023 119 213 155 237 000 000 000 000
