0000 101 205 121 236 185 208 209 239
0001 101 205 122 236 184 208 209 239
0002 101 205 122 236 186 208 210 239
0003 188 209 210 237 101 205 122 236
0004 191 209 215 239 100 206 121 235
0005 195 199 219 238 100 206 121 235
0006 188 173 215 219 101 206 122 237
0007 162 136 203 165 101 206 122 237
0008 147 100 186 135 101 206 122 237
0009 100 205 121 237 149 099 179 126
0010 099 207 118 236 145 102 177 130
0011 099 207 118 236 141 102 171 129
0012 138 107 176 131 101 205 121 236
0013 100 206 121 236 140 107 171 131
0014 100 207 121 236 138 107 171 131
0015 101 205 122 237 138 107 170 131
0016 100 206 121 237 139 105 170 129
0017 100 206 121 236 138 107 170 132
0018 100 207 121 236 142 103 170 131
0019 100 207 121 236 140 104 170 132
0020 100 206 121 237 145 105 176 134
0021 100 207 121 236 147 119 177 145
0022 157 140 196 173 099 207 121 236
0023 194 176 222 216 100 207 118 235
0024 211 201 236 239 099 206 121 237
0025 209 202 233 236 099 205 121 237
0026 205 206 225 239 100 208 118 236
0027 198 205 225 238 100 206 121 237
0028 197 206 217 235 101 205 122 237
0029 195 209 213 237 100 206 122 237
0030 101 206 122 237 194 209 212 237
0031 195 209 215 238 100 205 122 237
0032 195 207 219 237 100 205 122 237
0033 195 207 220 237 101 206 123 237
0034 195 209 215 238 101 206 122 238
0035 194 209 215 238 100 206 122 236
