0000 075 123 123 165 169 089 212 125
0001 073 139 120 179 168 109 211 144
0002 071 164 113 203 176 132 215 169
0003 073 167 116 216 183 143 220 183
0004 077 157 126 210 183 142 218 204
0005 080 138 133 188 168 131 206 192
0006 151 120 199 179 086 124 135 169
0007 141 100 192 151 081 098 133 136
0008 141 077 203 114 087 067 139 115
0009 074 050 125 112 169 046 214 093
0010 062 063 118 121 188 052 229 105
0011 056 096 107 144 205 073 236 125
0012 054 125 104 177 206 099 237 146
0013 065 141 113 200 199 123 229 167
0014 069 137 119 194 186 130 219 178
0015 080 125 132 174 154 128 201 179
0016 151 119 200 162 080 114 132 162
0017 143 106 200 141 077 095 129 131
0018 147 080 196 119 078 062 124 103
0019 074 042 124 096 149 062 205 100
0020 068 042 116 096 170 043 213 092
0021 061 056 105 110 187 052 226 098
0022 055 087 102 129 196 067 226 115
0023 057 111 100 151 193 092 225 131
0024 183 100 228 135 065 130 121 173
0025 074 137 129 181 180 091 228 129
0026 094 143 143 187 170 085 221 123
0027 104 146 154 188 152 085 204 125
0028 140 093 187 136 112 152 155 190
0029 117 156 161 192 136 109 181 148
0030 120 157 164 194 132 119 178 159
0031 117 154 162 197 126 144 166 169
0032 114 160 158 202 124 145 166 182
0033 116 152 164 204 000 000 000 000
0034 116 156 165 210 000 000 000 000
0035 117 164 167 219 000 000 000 000
0036 121 169 170 222 000 000 000 000
0037 124 169 169 220 000 000 000 000
0038 127 165 172 212 000 000 000 000
0039 126 156 169 201 000 000 000 000
0040 128 146 171 189 000 000 000 000
0041 129 141 172 184 000 000 000 000
0042 128 137 172 180 000 000 000 000
0043 126 133 171 179 000 000 000 000
0044 125 129 169 174 000 000 000 000
0045 119 128 165 179 137 118 181 162
