0004 167 221 211 239 000 000 000 000
0005 088 214 128 238 148 222 192 239
0006 094 184 135 236 142 188 192 221
0007 089 157 139 201 127 159 181 194
0008 106 131 174 173 088 136 135 178
0009 077 129 128 170 107 121 161 163
0010 078 117 141 160 000 000 000 000
0011 074 127 146 168 075 111 126 145
0012 072 138 149 177 077 113 124 150
0013 066 143 144 194 076 109 127 150
0014 076 108 125 151 064 146 144 197
0015 073 111 122 153 066 150 139 201
0016 073 113 122 156 062 151 141 193
0017 073 113 120 152 064 144 139 179
0018 060 134 135 170 072 113 120 145
0019 055 123 128 163 000 000 000 000
0020 053 122 125 159 000 000 000 000
0021 053 118 122 168 000 000 000 000
0022 056 120 125 174 000 000 000 000
0023 058 124 130 167 000 000 000 000
0024 053 125 134 162 000 000 000 000
0025 053 122 128 158 000 000 000 000
0026 042 122 124 163 000 000 000 000
0027 048 123 124 162 000 000 000 000
0028 040 119 121 184 000 000 000 000
0029 043 127 121 182 073 116 122 155
0030 038 122 124 164 000 000 000 000
0031 036 117 117 162 000 000 000 000
0032 025 121 119 165 000 000 000 000
0033 028 128 113 184 000 000 000 000
0034 039 134 127 187 000 000 000 000
0035 069 149 146 200 000 000 000 000
0036 076 153 141 202 000 000 000 000
0037 091 184 181 228 091 176 127 215
0038 110 201 169 239 090 187 122 237
0039 092 211 124 239 139 220 183 239
0040 094 221 124 239 000 000 000 000
0041 096 220 125 239 000 000 000 000
0042 095 220 128 239 000 000 000 000
0043 095 209 134 236 155 222 198 239
0044 095 185 136 236 148 203 202 238
0045 151 189 211 234 092 168 134 219
0046 156 152 219 191 089 140 132 177
0047 091 122 129 155 164 126 216 163
0048 083 111 131 141 163 108 228 144
0049 082 096 133 128 167 091 232 130
0050 170 076 227 113 077 079 132 111
0051 169 061 228 103 079 061 131 099
0052 169 051 227 093 082 048 132 081
0053 170 044 230 088 082 042 131 074
0054 171 038 232 082 083 035 129 067
0055 171 034 234 078 083 030 127 064
0056 172 034 233 076 079 029 122 062
0057 173 034 233 076 079 030 123 064
0058 079 033 123 068 174 037 232 080
0059 174 045 233 090 075 037 119 073
0060 072 048 117 086 176 055 232 097
0061 176 086 234 128 074 082 108 116
0062 177 109 231 149 067 110 111 155
0063 184 171 225 234 066 179 105 234
0064 073 212 106 236 189 220 225 237
0066 203 182 240 232 000 000 000 000
0068 200 184 243 230 000 000 000 000
