0000 200 221 242 239 000 000 000 000
0001 202 224 237 239 000 000 000 000
0002 200 221 242 239 000 000 000 000
0003 200 221 242 239 000 000 000 000
0004 202 223 238 239 099 220 131 239
0005 092 194 133 239 201 221 242 239
0006 088 162 129 228 200 221 242 239
0007 087 138 127 192 200 222 241 239
0008 084 126 126 176 200 221 241 239
0009 082 119 122 166 200 221 241 239
0010 079 111 123 163 201 221 242 239
0011 077 106 126 178 201 222 242 239
0012 071 113 131 173 201 222 242 239
0013 063 116 113 186 201 222 242 239
0014 029 112 084 158 201 221 242 239
0015 033 101 087 147 201 222 242 239
0016 058 105 107 171 201 222 242 239
0017 058 105 123 173 200 222 242 239
0018 058 102 123 173 203 224 238 239
0019 058 101 111 154 202 224 238 239
0020 028 098 092 137 200 221 242 239
0021 041 093 094 132 203 224 237 239
0022 057 096 107 159 204 224 238 239
0023 055 096 117 168 201 222 241 239
0024 054 097 108 175 201 221 243 239
0025 035 092 087 136 202 221 244 239
0026 036 090 088 134 203 223 239 239
0027 056 095 117 161 203 223 239 239
0028 062 103 123 169 201 222 243 239
0029 060 103 117 174 203 223 239 239
0030 051 104 095 150 204 223 239 239
0031 035 092 091 137 201 221 244 239
0032 049 089 096 139 201 221 243 239
0033 056 097 105 145 203 223 239 239
0034 067 117 114 165 203 223 239 239
0035 074 140 119 187 201 221 243 239
0036 081 167 128 215 204 223 239 239
0037 087 190 130 238 203 223 239 239
0038 094 206 131 237 201 221 243 239
0039 101 213 135 238 201 223 241 239
0040 201 221 243 239 000 000 000 000
0041 202 221 242 239 000 000 000 000
0042 201 221 242 239 000 000 000 000
0043 201 221 242 239 000 000 000 000
0044 202 222 241 239 000 000 000 000
0045 201 221 241 239 000 000 000 000
0046 204 224 239 239 103 214 137 239
0047 104 205 139 238 202 221 242 239
