0000 106 201 147 236 158 194 198 234
0001 105 201 148 236 169 184 199 222
0002 105 201 148 236 186 149 214 184
0003 105 201 147 236 198 082 229 141
0004 105 201 148 236 204 061 236 122
0005 105 201 148 236 212 043 245 103
0006 105 201 148 236 220 030 253 089
0007 227 025 260 083 105 201 148 236
0008 228 023 262 081 105 200 148 236
0009 229 025 263 082 106 200 148 236
0010 230 025 263 083 106 200 148 236
0011 227 024 262 087 106 200 148 236
0012 105 200 147 236 224 028 258 090
0013 105 200 147 236 212 045 251 101
0014 105 201 148 236 212 059 244 110
0015 105 201 147 236 207 065 240 114
0016 105 200 147 236 210 064 243 115
0017 105 200 148 236 219 062 252 115
0018 106 200 148 236 228 061 261 117
0019 238 060 272 117 106 201 148 236
0020 240 062 278 117 106 200 148 236
0021 241 066 279 118 106 201 147 236
0022 241 063 274 116 106 201 147 236
0023 233 071 272 124 106 202 147 236
0024 105 201 147 236 223 087 256 131
0025 105 201 147 236 206 099 247 137
0026 105 201 147 236 205 103 241 138
0027 105 201 147 236 207 103 245 139
0028 105 201 147 236 208 102 245 138
0029 107 198 147 237 209 101 246 138
0030 107 174 156 232 210 100 246 137
0031 210 102 247 139 123 142 175 192
0032 204 103 247 146 134 106 190 148
0033 142 087 206 125 204 104 246 144
0034 207 099 245 139 157 082 211 123
0035 166 075 221 120 212 099 248 135
0036 168 075 226 122 212 097 251 137
0037 211 099 252 137 168 073 228 118
0038 206 096 253 137 173 074 224 120
0039 170 077 218 122 212 101 246 142
0040 202 107 241 153 164 081 212 127
0041 196 118 236 163 160 087 205 143
0042 185 130 227 173 150 098 190 156
0043 174 142 215 194 133 112 174 174
0044 162 147 209 198 129 121 173 186
0045 150 155 202 205 119 128 158 194
0046 145 162 195 213 112 135 153 204
0047 137 164 190 217 110 140 149 209
0048 106 145 144 212 139 165 188 218
0049 136 165 189 218 108 146 146 209
0050 106 147 146 215 142 165 186 217
0051 099 163 151 225 147 175 194 223
0052 106 173 147 230 153 183 194 230
0053 106 192 148 236 153 190 197 231
0054 156 193 196 233 108 196 147 235
0055 155 195 195 235 110 195 148 234
0056 106 195 147 235 154 194 194 234
0057 156 196 196 234 112 194 152 234
0058 157 196 196 234 107 195 149 236
0059 158 196 196 234 112 195 152 235
