0000 193 204 219 238 124 207 146 239
0001 191 205 217 238 119 206 148 237
0002 191 204 217 238 120 206 148 237
0003 193 203 219 238 122 206 145 237
0004 192 204 217 237 118 203 139 235
0005 191 204 217 237 108 188 133 219
0006 191 204 218 238 097 167 122 192
0007 193 204 220 238 092 119 117 153
0008 193 204 219 239 093 079 121 118
0009 192 204 219 239 093 063 126 097
0010 191 205 217 239 095 056 126 087
0011 190 204 216 238 096 054 127 086
0012 191 203 216 237 094 053 121 084
0013 191 204 217 237 093 055 122 088
0014 193 203 219 238 095 055 124 083
0015 193 204 219 238 095 055 125 083
0016 193 203 219 238 097 053 127 085
0017 190 204 216 238 097 054 127 087
0018 190 204 216 238 098 054 128 086
0019 190 204 216 238 099 056 132 086
0020 190 205 216 238 096 054 130 086
0021 191 205 216 238 096 054 129 086
0022 191 205 216 238 098 058 132 088
0023 191 205 216 238 098 055 128 088
0024 191 204 216 239 096 059 126 094
0025 191 206 216 239 090 079 118 114
0026 190 205 216 239 086 150 108 179
0027 190 205 217 239 096 190 119 225
0028 192 205 217 239 108 206 130 239
0029 191 206 217 239 118 211 143 239
0030 191 206 217 239 121 209 146 238
