0005 200 186 243 237 000 000 000 000
0006 204 158 254 222 000 000 000 000
0007 207 109 250 190 000 000 000 000
0008 203 090 244 165 000 000 000 000
0009 197 074 236 150 000 000 000 000
0010 195 071 234 144 000 000 000 000
0011 190 068 230 145 000 000 000 000
0012 190 068 231 146 000 000 000 000
0013 191 068 231 146 000 000 000 000
0014 191 067 232 146 000 000 000 000
0015 194 067 232 148 000 000 000 000
0016 193 068 236 146 000 000 000 000
0017 193 068 232 147 000 000 000 000
0018 193 068 233 146 000 000 000 000
0019 194 071 233 148 000 000 000 000
0020 195 070 234 149 000 000 000 000
0021 194 071 234 145 000 000 000 000
0022 196 072 234 150 000 000 000 000
0023 193 096 232 176 000 000 000 000
0024 183 177 221 237 000 000 000 000
0025 181 221 212 239 000 000 000 000
