0000 076 202 096 234 131 192 155 226
0001 135 183 160 223 077 200 096 234
0002 067 193 092 232 144 172 170 207
0003 051 188 076 221 157 156 184 190
0004 046 185 069 214 164 156 190 186
0005 025 177 051 201 181 149 210 173
0006 028 177 055 203 173 152 198 174
0007 137 172 175 200 056 178 085 205
0008 122 176 161 208 072 174 098 201
0009 116 177 155 207 076 173 101 201
0010 114 175 153 206 073 175 102 203
0011 116 175 156 207 073 171 100 201
0012 119 178 156 208 071 176 097 205
0013 072 186 097 215 121 183 155 218
0014 131 194 157 235 073 195 097 234
0015 071 205 093 239 132 196 159 235
0016 133 194 160 234 060 205 089 234
