0000 098 213 127 239 173 206 190 234
0001 097 213 128 239 176 207 196 234
0002 096 212 128 239 178 200 205 233
0003 096 211 127 239 184 184 221 216
0004 095 211 126 239 201 147 236 179
0005 095 209 127 239 202 104 231 139
0006 095 207 123 238 198 076 227 116
0007 093 209 123 239 192 049 222 085
0008 094 206 126 238 191 043 217 075
0009 092 209 123 239 188 040 216 072
0010 094 208 122 238 189 038 216 070
0011 095 208 122 238 188 035 216 069
0012 093 206 122 238 188 035 217 065
0013 186 033 216 064 094 206 124 238
0014 094 205 124 238 188 033 218 063
0015 095 208 126 239 184 032 215 062
0016 095 208 126 239 184 032 216 062
0017 095 208 124 239 186 031 218 062
0018 095 208 125 239 187 031 220 062
0019 095 205 125 238 187 033 216 066
0020 095 207 126 238 189 042 219 084
0021 094 208 125 239 185 078 213 117
0022 094 208 125 239 182 126 211 164
0023 095 207 123 238 177 190 204 235
0024 096 208 126 239 172 207 199 237
0025 096 208 126 239 176 207 194 237
0026 096 209 126 239 175 207 193 238
0027 096 210 126 239 176 206 194 237
