0003 092 209 134 238 000 000 000 000
0004 074 170 138 218 000 000 000 000
0005 073 144 146 188 000 000 000 000
0006 075 134 153 179 000 000 000 000
0007 108 140 162 192 000 000 000 000
0008 105 133 157 184 000 000 000 000
0009 075 126 162 165 000 000 000 000
0010 094 132 157 171 000 000 000 000
0011 105 134 159 181 000 000 000 000
0012 078 124 157 173 000 000 000 000
0013 082 131 164 172 000 000 000 000
0014 108 134 167 183 000 000 000 000
0015 092 130 167 175 000 000 000 000
0016 084 125 165 168 000 000 000 000
0017 110 142 176 177 000 000 000 000
0018 124 148 178 196 000 000 000 000
0019 091 156 176 207 000 000 000 000
0020 100 190 164 238 000 000 000 000
0021 117 213 164 238 000 000 000 000
