0009 087 198 137 235 000 000 000 000
0010 079 158 135 206 000 000 000 000
0011 079 116 139 164 000 000 000 000
0012 085 088 143 138 000 000 000 000
0013 097 076 141 132 000 000 000 000
0014 099 080 152 135 000 000 000 000
0015 103 086 152 150 000 000 000 000
0016 111 107 156 172 000 000 000 000
0017 113 124 158 180 000 000 000 000
0018 112 135 157 190 000 000 000 000
0019 107 139 157 196 000 000 000 000
0020 111 137 157 193 000 000 000 000
0021 113 138 158 198 000 000 000 000
0022 106 134 153 196 000 000 000 000
0023 107 135 153 193 000 000 000 000
0024 110 137 152 196 000 000 000 000
0025 105 133 152 190 000 000 000 000
0026 106 133 150 192 000 000 000 000
0027 104 136 155 191 000 000 000 000
0028 106 142 157 198 000 000 000 000
0029 112 162 165 218 000 000 000 000
0030 118 188 164 239 000 000 000 000
0031 123 209 158 237 000 000 000 000
0032 127 221 158 239 000 000 000 000
