0005 073 204 114 239 000 000 000 000
0006 069 157 132 230 000 000 000 000
0007 069 117 123 198 000 000 000 000
0008 072 090 124 178 000 000 000 000
0009 072 073 124 164 000 000 000 000
0010 077 065 126 153 000 000 000 000
0011 082 054 128 142 000 000 000 000
0012 085 047 131 133 000 000 000 000
0013 085 048 131 134 000 000 000 000
0014 084 047 130 134 000 000 000 000
0015 083 048 129 134 000 000 000 000
0016 083 049 128 135 000 000 000 000
0017 083 048 128 133 000 000 000 000
0018 083 048 128 133 000 000 000 000
0019 082 049 127 134 000 000 000 000
0020 082 048 128 134 000 000 000 000
0021 083 047 129 134 000 000 000 000
0022 083 048 129 133 000 000 000 000
0023 083 048 129 133 000 000 000 000
0024 082 048 128 135 000 000 000 000
0025 082 047 129 135 000 000 000 000
0026 083 051 129 139 000 000 000 000
0027 083 070 133 165 000 000 000 000
0028 088 089 135 178 000 000 000 000
0029 086 144 137 214 000 000 000 000
0030 092 196 139 237 000 000 000 000
