0000 148 194 171 235 081 197 098 229
0001 146 182 172 221 070 187 095 217
0002 060 140 088 165 144 134 172 161
0003 144 080 171 123 062 088 086 129
0004 068 067 092 105 137 060 164 105
0005 073 054 098 094 138 053 164 097
0006 076 048 101 087 139 047 164 093
0007 076 048 100 086 139 046 164 092
0008 076 047 100 086 141 046 165 091
0009 076 046 100 085 143 053 167 088
0010 073 048 098 088 138 049 163 095
0011 074 059 097 100 131 073 157 120
0012 075 080 099 120 117 106 153 149
0013 122 157 153 192 070 130 099 157
0014 132 193 161 231 090 158 113 186
0015 147 204 170 236 089 173 112 197
0016 091 166 116 197 156 197 179 232
