0000 142 217 182 239 000 000 000 000
0001 166 195 204 230 131 205 168 236
0002 124 198 163 231 174 191 205 222
0003 124 196 159 228 170 189 205 222
0004 124 196 160 229 175 191 205 223
0005 124 196 160 229 169 188 205 222
0006 124 195 161 229 169 188 205 222
0007 124 195 160 229 169 188 205 222
0008 170 190 206 223 125 197 160 229
0009 172 190 203 225 125 197 160 228
0010 125 197 160 228 170 189 204 222
0011 125 197 160 228 170 189 204 223
0012 125 197 160 228 170 188 204 222
0013 172 192 203 226 125 197 160 228
0014 172 193 202 226 125 198 160 228
0015 172 193 202 226 125 197 161 228
0016 172 193 201 226 126 197 162 228
0017 173 192 201 226 123 197 162 229
0018 172 191 202 226 123 197 163 229
0019 172 192 202 226 123 197 163 229
0020 170 190 201 225 123 197 163 229
0021 170 190 201 225 123 197 163 229
0022 170 191 201 225 123 197 163 229
0023 169 191 201 225 126 197 163 229
0024 168 191 203 225 133 202 164 233
0025 155 206 191 237 000 000 000 000
0026 125 221 155 239 177 223 197 239
