0002 146 207 182 237 000 000 000 000
0003 130 169 175 208 000 000 000 000
0004 125 148 164 176 000 000 000 000
0005 129 143 159 168 000 000 000 000
0006 129 142 159 167 000 000 000 000
0007 128 143 159 169 000 000 000 000
0008 127 145 158 171 000 000 000 000
0009 127 142 158 169 000 000 000 000
0010 125 143 159 171 000 000 000 000
0011 127 144 159 171 000 000 000 000
0012 128 144 158 169 000 000 000 000
0013 126 139 158 167 000 000 000 000
0014 128 144 159 169 000 000 000 000
0015 127 142 158 172 000 000 000 000
0016 123 150 161 176 000 000 000 000
0017 127 176 172 209 000 000 000 000
0018 142 205 179 236 000 000 000 000
0019 159 222 191 239 000 000 000 000
