0000 177 217 196 239 088 223 109 239
0001 173 216 193 239 099 215 119 239
0002 121 164 170 203 149 182 177 217
0003 137 116 180 138 149 135 175 167
0004 145 092 179 112 156 107 177 148
0005 142 091 184 111 151 102 174 144
0006 138 090 180 108 155 105 180 143
0007 138 090 179 108 151 102 177 139
0008 138 088 181 108 150 104 174 139
0009 139 087 184 111 151 104 174 138
0010 140 088 184 111 150 102 178 139
0011 141 089 184 112 150 103 173 138
0012 143 092 183 109 150 105 173 137
0013 143 092 184 109 151 106 174 138
0014 142 089 184 109 153 104 179 139
0015 142 090 185 109 154 104 178 139
0016 139 089 184 111 144 099 178 140
0017 139 089 184 111 146 104 183 143
0018 138 089 183 111 149 100 176 140
0019 141 088 186 112 147 097 184 140
0020 140 088 185 112 148 101 177 138
0021 141 088 185 112 150 104 174 138
0022 141 088 186 112 149 099 178 138
0023 142 092 183 110 150 101 178 143
0024 147 127 177 159 133 106 177 127
0025 110 159 152 197 163 184 189 228
0026 094 222 114 239 171 214 194 237
0027 179 223 199 239 087 218 107 235
