0000 070 207 097 237 158 200 176 233
0001 070 210 100 239 157 197 178 233
0002 069 207 096 238 156 196 178 233
0003 071 208 098 237 156 195 178 233
0004 070 211 099 239 157 196 178 232
0005 069 208 097 239 157 196 178 232
0006 074 204 102 238 154 196 178 233
0007 083 196 113 232 151 194 177 235
0008 095 169 131 205 143 190 173 229
0009 128 161 168 198 109 136 144 166
0010 111 121 156 150 119 105 153 127
0011 104 096 150 126 000 000 000 000
0012 105 092 148 122 000 000 000 000
0013 102 093 148 121 000 000 000 000
0014 101 095 144 121 000 000 000 000
0015 100 093 145 122 000 000 000 000
0016 101 093 144 123 000 000 000 000
0017 101 095 143 124 000 000 000 000
0018 101 095 142 124 000 000 000 000
0019 101 094 144 125 000 000 000 000
0020 102 095 145 125 000 000 000 000
0021 102 094 145 126 000 000 000 000
0022 102 095 144 126 000 000 000 000
0023 102 094 145 127 000 000 000 000
0024 102 094 145 127 000 000 000 000
0025 102 093 144 127 000 000 000 000
0026 103 094 144 127 000 000 000 000
0027 104 095 146 127 000 000 000 000
0028 103 096 144 128 000 000 000 000
0029 104 095 143 125 000 000 000 000
0030 105 095 146 121 000 000 000 000
0031 105 097 146 127 000 000 000 000
0032 104 098 146 126 000 000 000 000
0033 104 098 146 126 000 000 000 000
0034 104 098 146 126 000 000 000 000
0035 100 096 144 120 000 000 000 000
0036 101 099 143 122 000 000 000 000
0037 100 100 145 132 000 000 000 000
0038 099 126 148 154 117 107 151 131
0039 108 152 155 190 113 123 148 151
0040 128 190 160 235 102 156 134 190
0041 087 181 124 218 148 204 176 237
0042 085 193 112 232 158 204 183 238
0043 079 198 111 236 159 203 183 237
0044 083 201 113 235 157 201 180 235
0045 083 200 114 235 156 200 178 235
0046 083 200 114 236 157 200 178 236
0047 079 200 117 237 156 199 178 235
