0000 102 198 145 235 155 196 199 234
0001 100 196 145 235 157 194 198 232
0002 100 192 133 235 169 178 200 229
0003 191 176 217 218 086 185 111 229
0004 063 173 100 220 199 157 242 208
0005 052 171 094 213 209 155 253 202
0006 210 152 258 198 044 170 089 211
0007 044 162 089 202 204 146 254 191
0008 059 128 103 174 195 118 237 163
0009 171 087 214 138 082 099 134 151
0010 161 078 207 131 097 086 144 137
0011 163 078 207 128 103 086 145 135
0012 087 087 139 139 174 082 218 135
0013 066 101 113 154 198 099 230 144
0014 043 125 084 166 206 122 253 160
0015 035 138 084 176 209 130 259 165
0016 042 121 088 158 201 118 254 156
0017 062 092 108 142 196 093 230 136
0018 170 069 213 121 082 071 129 126
0019 165 071 204 118 090 074 132 122
0020 167 070 208 118 090 077 132 121
0021 168 070 210 119 090 077 130 122
0022 168 071 210 118 089 077 131 123
0023 168 071 210 118 089 077 132 124
0024 169 071 209 118 088 077 131 124
0025 168 072 210 119 090 079 131 124
0026 166 074 207 122 091 081 135 126
0027 165 076 205 124 093 086 138 127
0028 091 092 141 133 161 080 203 125
0029 151 100 206 131 091 098 136 153
0030 149 110 202 135 099 115 128 166
0031 103 141 145 175 145 113 196 141
0032 108 148 154 184 142 115 190 145
0033 112 150 155 190 141 117 188 152
0034 111 153 153 192 138 123 183 158
0035 109 150 152 192 129 126 183 163
0036 104 149 152 191 117 133 175 173
0037 106 137 166 187 000 000 000 000
0038 098 145 154 186 000 000 000 000
0039 085 149 145 201 000 000 000 000
0040 088 152 138 204 000 000 000 000
0041 086 156 133 204 000 000 000 000
0042 086 156 138 206 000 000 000 000
0043 088 155 139 206 000 000 000 000
0044 089 156 138 203 000 000 000 000
0045 090 156 139 203 000 000 000 000
0046 094 154 141 205 000 000 000 000
0047 094 154 142 205 000 000 000 000
0048 091 155 142 207 000 000 000 000
0049 093 156 137 206 000 000 000 000
0050 092 157 147 204 000 000 000 000
0051 096 157 150 206 000 000 000 000
0052 104 161 162 215 000 000 000 000
0053 107 171 173 215 000 000 000 000
0054 103 185 146 226 141 177 184 230
0055 102 192 143 231 151 190 195 234
0056 158 194 198 234 100 196 141 233
0057 157 196 197 235 101 197 145 235
0058 155 196 198 235 103 197 146 233
0059 102 196 146 233 155 195 198 235
0060 102 197 145 236 156 197 198 236
0061 102 196 145 233 155 196 198 236
0062 155 192 197 233 102 197 144 236
0063 155 179 196 228 104 185 146 221
