0001 068 211 102 236 000 000 000 000
0002 061 192 106 235 131 201 168 234
0003 131 144 173 195 069 172 118 217
0004 125 100 174 160 068 140 134 180
0005 121 089 171 141 079 123 138 167
0006 116 084 169 138 081 114 139 151
0007 125 090 171 135 086 104 129 140
0008 086 092 145 132 122 086 169 133
0009 091 089 144 132 128 084 175 135
0010 090 087 142 131 125 083 170 134
0011 092 092 133 131 113 086 156 135
0012 090 090 133 130 112 081 156 136
0013 090 090 134 131 114 083 156 136
0014 090 092 131 132 122 083 162 135
0015 124 088 170 135 088 096 136 136
0016 081 111 131 151 125 096 175 150
0017 131 109 174 173 070 133 119 175
0018 067 170 116 214 130 176 169 220
0019 069 202 108 236 128 213 169 239
