0007 273 191 319 239 000 000 000 000
0008 254 161 293 209 000 000 000 000
0009 240 131 286 192 000 000 000 000
0010 215 103 269 170 000 000 000 000
0011 203 099 262 163 000 000 000 000
0012 194 083 253 150 000 000 000 000
0013 192 081 252 151 000 000 000 000
0014 189 077 252 149 000 000 000 000
0015 188 080 246 147 000 000 000 000
0016 188 079 246 146 000 000 000 000
0017 190 079 248 147 000 000 000 000
0018 190 079 248 147 000 000 000 000
0019 191 080 247 147 000 000 000 000
0020 191 080 247 147 000 000 000 000
0021 190 080 253 152 000 000 000 000
0022 191 079 252 150 000 000 000 000
0023 191 080 252 150 000 000 000 000
0024 191 081 252 153 000 000 000 000
0025 191 081 252 152 000 000 000 000
0026 191 079 254 151 000 000 000 000
0027 191 081 252 150 000 000 000 000
0028 217 116 266 182 000 000 000 000
0029 256 195 298 235 000 000 000 000
