0000 164 196 209 238 060 220 107 239
0001 163 196 208 238 060 218 106 239
0002 163 196 209 238 067 219 115 239
0003 073 207 124 239 164 196 209 238
0004 163 196 209 238 075 180 127 229
0005 071 152 124 206 163 196 209 238
0006 070 143 122 199 164 196 208 238
0007 165 189 212 239 067 144 121 199
0008 158 172 207 236 068 144 120 200
0009 144 162 197 212 068 143 120 198
0010 068 143 119 198 119 161 186 202
0011 115 157 177 202 066 145 116 200
0012 107 154 173 207 064 142 118 196
0013 105 157 168 198 066 140 117 197
0014 099 161 167 200 063 141 114 194
0015 089 157 162 213 064 144 109 200
0016 063 139 112 192 092 161 155 204
0017 062 139 112 187 070 163 146 203
0018 061 159 143 218 057 138 113 192
0019 044 164 138 207 057 141 109 185
0020 059 161 143 207 068 139 116 182
0021 075 155 143 214 069 140 118 189
0022 069 163 119 209 107 164 168 214
0023 066 171 126 216 121 164 183 217
0024 061 171 125 224 127 164 189 225
0025 064 174 124 231 127 169 194 226
0026 062 168 121 228 127 165 195 222
0027 062 165 123 222 129 163 195 218
0028 059 160 125 211 130 156 194 208
0029 062 155 126 202 130 147 193 198
0030 064 151 125 195 127 147 195 191
0031 066 145 128 186 131 139 194 185
0032 064 141 130 177 135 135 201 179
0033 062 137 130 171 135 133 199 171
0034 137 128 204 164 062 130 131 164
0035 137 125 203 161 063 129 128 160
0036 064 125 127 160 131 123 205 157
0037 062 126 130 159 133 123 204 159
0038 141 125 197 159 068 124 128 155
0039 067 122 122 169 142 122 193 174
0040 065 137 122 184 148 137 195 190
0041 063 158 121 206 148 158 197 209
0042 155 176 200 231 059 183 120 234
0043 159 193 207 239 057 206 114 239
0044 160 196 207 239 058 221 106 239
0045 160 196 207 239 058 220 107 239
0046 161 198 209 239 055 221 111 238
