0000 132 208 155 238 200 200 220 233
0001 132 205 155 237 199 201 220 233
0002 132 207 154 238 199 202 220 233
0003 130 207 151 237 200 201 220 232
0004 124 206 148 237 200 200 219 230
0005 120 202 144 236 200 199 219 229
0006 107 202 136 230 203 197 223 230
0007 103 206 129 235 208 196 227 228
0008 098 207 122 237 211 201 232 228
0009 098 205 121 236 219 205 243 233
0010 098 202 123 236 225 204 247 234
0011 226 203 250 236 107 205 132 239
0012 219 201 244 235 124 194 144 235
0013 142 195 165 236 208 198 229 234
0014 197 193 220 234 155 190 179 236
0015 193 189 215 233 165 190 186 233
0016 169 187 191 226 192 185 214 223
0017 172 173 199 218 194 179 216 217
0018 173 169 198 211 195 171 215 210
0019 171 167 199 210 195 162 214 203
0020 175 162 203 207 195 156 215 202
0021 175 159 204 204 193 156 213 199
0022 174 158 203 205 193 154 213 199
0023 169 160 202 206 193 159 214 201
0024 197 164 222 212 163 165 191 209
0025 204 179 232 224 153 181 179 215
0026 143 182 169 226 208 189 234 232
0027 131 198 156 235 212 202 234 235
0028 121 203 144 237 213 203 233 234
0029 118 206 143 239 208 200 228 229
