0000 119 202 158 236 180 212 220 239
0001 120 202 159 237 182 211 220 239
0002 120 203 158 237 182 211 221 238
0003 120 203 158 236 182 210 221 239
0004 120 202 159 236 182 211 221 238
0005 120 202 158 236 182 211 222 238
0006 120 202 158 236 182 210 220 239
0007 181 206 217 237 123 200 154 236
0008 127 189 157 233 179 198 213 233
0009 130 178 159 217 170 187 204 224
0010 133 167 168 207 169 168 213 213
0011 131 158 173 200 000 000 000 000
0012 132 153 172 190 160 161 223 195
0013 134 150 172 183 169 154 218 192
0014 131 147 170 180 156 145 213 187
0015 131 145 168 175 152 139 181 178
0016 130 140 169 173 000 000 000 000
0017 122 136 164 166 000 000 000 000
0018 120 130 159 166 146 127 175 165
0019 117 124 160 161 144 124 178 165
0020 121 125 168 166 000 000 000 000
0021 118 131 157 170 145 125 174 166
0022 123 132 162 165 145 123 174 164
0023 123 129 162 165 145 121 174 166
0024 122 130 158 164 140 122 172 161
0025 122 129 158 164 141 122 174 161
0026 124 131 163 165 147 120 179 162
0027 119 140 166 172 147 125 178 170
0028 123 147 168 180 152 140 183 179
0029 126 159 163 195 000 000 000 000
0030 132 169 169 210 000 000 000 000
0031 135 183 165 220 165 182 205 219
0032 131 191 164 235 170 189 206 230
0033 127 194 164 236 176 195 214 234
0034 127 200 160 239 175 200 214 235
0035 125 201 164 239 179 206 215 239
0036 127 202 164 236 181 209 214 239
0037 129 202 164 236 181 209 214 239
0038 128 202 164 236 180 209 214 239
0039 128 202 164 236 179 209 214 239
0040 128 202 164 236 180 209 214 239
0041 128 202 165 236 180 209 215 239
0042 129 202 165 236 179 208 215 239
0043 128 202 165 236 179 208 215 239
0044 129 202 165 236 178 208 215 239
0045 128 202 165 236 179 208 214 239
0046 128 202 165 236 179 208 215 239
0047 128 202 165 236 179 208 214 239
0048 129 202 165 236 178 208 216 239
0049 129 202 165 236 179 208 213 238
0050 129 202 165 236 179 209 213 238
0051 129 202 165 236 179 209 213 238
