0008 147 222 189 239 000 000 000 000
0009 133 202 180 237 089 222 122 239
0010 112 156 165 210 095 192 129 232
0011 107 138 157 191 101 178 128 214
0012 108 152 145 194 000 000 000 000
0013 115 135 158 176 000 000 000 000
0014 118 126 163 166 000 000 000 000
0015 125 113 176 156 102 108 139 147
0016 130 112 178 153 102 110 135 143
0017 133 107 185 150 096 111 138 138
0018 133 107 182 148 102 108 147 136
0019 139 104 182 146 101 106 141 136
0020 132 103 181 149 000 000 000 000
0021 133 106 180 145 160 104 211 152
0022 132 105 183 149 191 113 236 177
0023 130 113 182 153 214 136 267 184
0024 219 166 280 219 125 120 181 158
0025 212 185 270 238 128 126 177 166
0026 129 134 173 171 188 224 218 239
0027 128 138 173 175 000 000 000 000
0028 126 145 167 181 000 000 000 000
0029 123 157 164 189 000 000 000 000
0030 119 175 159 210 000 000 000 000
0031 119 189 155 223 000 000 000 000
0032 112 203 148 234 000 000 000 000
0033 108 215 141 237 000 000 000 000
0034 104 221 143 238 000 000 000 000
