0000 075 221 125 239 000 000 000 000
0001 077 222 131 239 000 000 000 000
0002 077 222 131 239 000 000 000 000
0003 077 222 131 239 000 000 000 000
0004 075 220 132 239 000 000 000 000
0005 075 210 137 239 000 000 000 000
0006 088 203 138 237 046 199 084 238
0007 055 185 095 228 100 196 145 234
0008 071 183 106 233 106 187 150 229
0009 073 185 115 231 108 186 140 229
0010 076 184 117 233 107 181 138 226
0011 085 172 117 224 106 164 135 216
0012 081 149 121 211 111 150 140 207
0013 088 130 117 193 114 128 138 189
0014 086 115 117 176 108 107 133 177
0015 096 092 124 165 115 089 141 162
0016 090 098 117 151 113 089 138 152
0017 095 097 121 143 111 083 139 144
0018 111 083 146 139 087 089 115 146
0019 120 082 154 133 080 090 117 142
0020 121 072 166 138 076 084 123 149
0021 125 079 175 146 067 091 120 152
0022 125 084 176 150 060 096 114 157
0023 125 085 176 151 063 095 118 157
0024 125 086 178 153 065 097 118 159
0025 125 085 178 151 066 097 118 157
0026 128 086 178 151 067 095 118 156
0027 130 086 183 150 067 096 118 158
0028 129 091 182 155 067 098 118 158
0029 130 105 176 163 063 112 114 166
0030 128 134 172 183 061 146 109 190
0031 131 172 174 217 048 188 095 231
0032 133 202 173 239 033 218 077 239
0033 138 216 174 239 000 000 000 000
