0000 106 208 128 239 183 211 210 237
0001 105 214 127 239 183 210 214 239
0002 105 214 127 239 183 210 214 239
0003 105 213 127 239 183 210 214 239
0004 106 214 127 239 182 215 211 239
0005 106 209 129 239 182 215 211 239
0006 106 212 128 239 187 213 215 239
0007 106 207 129 239 185 212 215 238
0008 183 198 210 233 110 194 137 227
0009 117 161 147 193 181 162 207 198
0010 125 128 160 158 179 120 204 151
0011 180 096 203 133 125 105 159 136
0012 128 099 160 130 180 092 205 135
0013 178 095 202 129 127 097 161 128
0014 178 095 203 135 125 100 161 133
0015 178 095 204 137 123 098 160 133
0016 125 099 164 133 179 095 203 134
0017 178 095 203 134 124 098 159 133
0018 122 096 159 133 177 095 203 137
0019 123 101 160 135 175 096 201 135
0020 126 115 163 149 175 118 200 152
0021 126 140 158 179 164 158 203 196
0022 177 189 210 239 117 179 146 218
0023 109 201 132 237 181 209 210 237
0024 181 209 208 236 106 214 129 239
0025 178 209 212 239 104 214 125 239
