0000 195 221 238 238 000 000 000 000
0001 197 218 241 239 000 000 000 000
0002 197 218 241 239 000 000 000 000
0003 195 221 239 238 000 000 000 000
0004 049 205 108 239 196 218 240 239
0005 035 145 089 209 197 218 242 239
0006 029 100 078 180 197 218 241 239
0007 024 078 073 153 196 218 240 239
0008 026 057 071 138 197 218 242 239
0009 025 054 073 138 197 217 242 239
0010 024 051 077 131 197 217 242 239
0011 027 047 077 132 197 217 242 239
0012 027 050 080 134 197 217 241 239
0013 027 050 082 131 197 216 241 239
0014 028 050 084 133 197 216 241 239
0015 031 051 084 133 197 216 241 239
0016 031 051 084 131 197 216 241 239
0017 027 048 082 131 197 217 241 239
0018 032 050 086 133 197 217 242 239
0019 032 053 087 135 197 217 242 239
0020 031 054 088 137 197 217 241 239
0021 033 053 089 136 196 217 242 239
0022 032 054 090 137 197 218 242 239
0023 032 053 090 137 197 217 241 239
0024 037 068 093 141 197 217 242 239
0025 061 109 101 158 197 217 241 239
0026 077 144 120 196 197 217 241 239
0027 086 176 128 223 196 217 241 239
0028 098 199 136 237 195 217 240 239
0029 103 207 143 239 196 217 240 239
0030 196 219 242 239 106 213 140 237
0031 196 218 241 239 000 000 000 000
0032 196 219 240 239 000 000 000 000
0033 196 219 240 239 000 000 000 000
0034 196 218 240 239 000 000 000 000
0035 197 218 242 239 000 000 000 000
0036 195 217 240 239 000 000 000 000
0037 196 218 240 239 000 000 000 000
0038 195 217 240 239 000 000 000 000
