0000 223 205 253 237 142 206 164 237
0001 223 206 250 237 143 206 163 237
0002 226 208 253 239 145 201 168 237
0003 226 208 252 239 147 193 172 226
0004 150 154 186 183 222 205 256 237
0005 152 118 193 149 222 204 256 238
0006 222 205 256 238 148 077 189 111
0007 226 206 252 239 154 068 192 100
0008 156 061 197 094 226 205 253 239
0009 157 061 204 095 226 206 253 239
0010 226 208 253 239 158 062 203 096
0011 226 208 252 239 159 059 199 093
0012 226 208 253 239 159 061 199 094
0013 160 061 201 092 226 206 253 237
0014 159 062 198 093 226 205 254 238
0015 226 208 253 239 159 062 197 095
0016 155 067 191 101 227 206 254 239
0017 142 085 190 122 227 206 253 239
0018 228 209 254 239 138 122 178 152
0019 129 141 163 172 228 206 255 238
0020 129 164 152 205 229 207 255 239
0021 131 192 149 229 228 206 254 237
0022 228 207 255 238 135 206 155 239
0023 229 208 255 239 135 205 155 238
0024 137 208 155 237 227 207 252 238
0025 226 207 252 239 138 207 158 239
0026 226 208 252 239 142 206 161 238
0027 144 206 163 236 226 208 252 239
0028 144 204 162 235 226 209 252 239
