0013 128 222 178 239 000 000 000 000
0014 090 214 144 239 000 000 000 000
0015 085 200 142 236 000 000 000 000
0016 085 199 140 235 000 000 000 000
0017 079 199 142 231 000 000 000 000
0018 079 194 137 225 000 000 000 000
0019 076 189 143 223 000 000 000 000
0020 074 185 141 220 000 000 000 000
0021 078 184 145 220 000 000 000 000
0022 076 185 143 221 000 000 000 000
0023 069 190 140 218 000 000 000 000
0024 067 178 137 212 000 000 000 000
0025 072 170 139 204 000 000 000 000
0026 077 170 132 205 000 000 000 000
0027 075 171 133 208 000 000 000 000
0028 067 187 136 220 000 000 000 000
0029 069 192 137 223 000 000 000 000
0030 069 182 140 217 000 000 000 000
0031 068 173 134 211 000 000 000 000
0032 071 171 136 209 000 000 000 000
0033 069 176 137 212 000 000 000 000
0034 069 189 139 223 000 000 000 000
0035 071 193 146 229 000 000 000 000
0036 069 188 140 221 000 000 000 000
0037 075 174 134 211 000 000 000 000
0038 077 164 133 200 000 000 000 000
0039 075 166 134 202 000 000 000 000
0040 067 176 135 211 000 000 000 000
0041 070 178 147 218 000 000 000 000
0042 071 178 145 214 000 000 000 000
0043 066 176 137 208 000 000 000 000
0044 068 170 137 206 000 000 000 000
0045 069 172 137 208 000 000 000 000
0046 079 184 135 220 000 000 000 000
0047 085 186 138 228 000 000 000 000
0048 099 207 143 237 000 000 000 000
