0000 197 197 220 231 119 204 138 236
0001 117 199 142 237 202 194 223 228
0002 115 201 138 234 206 188 229 221
0003 114 201 134 236 206 183 229 212
0004 109 200 135 236 000 000 000 000
0005 107 200 128 238 198 166 223 192
0006 108 201 129 238 000 000 000 000
0007 108 200 129 238 000 000 000 000
0008 098 198 123 232 000 000 000 000
0009 066 185 096 213 000 000 000 000
0010 021 146 063 175 000 000 000 000
0011 011 112 050 140 000 000 000 000
0012 009 066 047 100 000 000 000 000
0013 012 035 046 075 000 000 000 000
0014 016 021 053 064 000 000 000 000
0015 017 013 054 060 000 000 000 000
0016 019 008 056 056 000 000 000 000
0017 021 008 056 055 000 000 000 000
0018 020 007 058 055 000 000 000 000
0019 023 009 057 056 000 000 000 000
0020 023 009 058 058 000 000 000 000
0021 023 009 058 055 000 000 000 000
0022 021 008 058 057 000 000 000 000
0023 023 009 058 057 000 000 000 000
0024 019 008 058 059 000 000 000 000
0025 019 011 057 061 000 000 000 000
0026 017 014 056 063 000 000 000 000
0027 016 016 054 065 000 000 000 000
0028 010 025 050 074 000 000 000 000
0029 008 051 047 089 000 000 000 000
0030 002 083 043 113 000 000 000 000
0031 020 129 049 151 000 000 000 000
0032 060 170 082 198 000 000 000 000
0033 087 183 110 223 000 000 000 000
0034 105 194 126 229 194 174 215 203
0035 112 199 130 230 204 180 222 208
0036 118 201 140 236 208 190 229 222
0037 121 204 142 237 211 200 233 232
0038 120 205 143 238 205 200 227 236
0039 200 202 222 235 120 205 144 239
0040 192 203 217 238 120 204 144 237
0041 187 205 214 239 122 205 145 238
0042 185 203 211 239 124 207 146 238
0043 187 201 213 238 122 204 144 238
0044 187 200 214 238 120 202 142 235
0045 188 202 214 238 122 202 145 238
0046 189 202 214 239 122 202 145 238
0047 188 202 215 238 123 202 146 239
