0003 193 184 237 233 000 000 000 000
0004 204 127 239 174 000 000 000 000
0005 200 086 244 146 000 000 000 000
0006 201 072 244 136 000 000 000 000
0007 209 073 251 142 000 000 000 000
0008 212 080 252 146 000 000 000 000
0009 212 080 255 150 000 000 000 000
0010 213 079 255 150 000 000 000 000
0011 214 080 256 149 000 000 000 000
0012 215 080 256 149 000 000 000 000
0013 215 080 256 150 000 000 000 000
0014 213 080 257 149 000 000 000 000
0015 213 080 257 149 000 000 000 000
0016 213 079 257 149 000 000 000 000
0017 213 079 257 149 000 000 000 000
0018 213 079 257 149 000 000 000 000
0019 214 084 257 150 000 000 000 000
0020 215 094 259 152 000 000 000 000
0021 211 119 253 169 000 000 000 000
0022 204 170 242 210 000 000 000 000
0023 196 204 235 237 000 000 000 000
0024 194 223 231 239 000 000 000 000
