0000 185 206 210 237 097 197 120 232
0001 184 205 210 237 097 196 120 232
0002 184 205 210 237 097 196 120 232
0003 184 206 210 237 097 197 121 231
0004 185 206 210 237 096 197 119 231
0005 185 206 210 237 096 196 119 231
0006 185 206 210 237 097 196 121 231
0007 185 206 210 237 096 196 119 231
0008 185 206 210 237 097 197 121 231
0009 185 206 210 237 097 197 121 231
0010 183 207 208 239 097 197 119 231
0011 177 206 204 239 097 197 119 231
0012 170 194 199 222 097 197 119 231
0013 170 187 198 212 097 197 119 231
0014 097 197 119 231 168 174 195 200
0015 097 197 121 231 171 148 193 182
0016 174 124 213 169 096 197 120 232
0017 169 111 210 151 096 197 121 232
0018 096 198 119 232 158 095 206 130
0019 096 199 119 232 151 093 193 119
0020 141 093 181 133 096 198 120 233
0021 097 197 121 231 130 107 157 145
0022 121 120 151 167 098 197 121 230
0023 112 137 140 183 096 197 120 231
0024 105 145 143 188 099 196 119 228
0025 092 150 139 183 097 195 119 228
0026 087 157 133 183 097 195 119 228
0027 085 156 128 179 097 194 119 228
0028 082 146 129 175 096 196 119 228
0029 081 143 131 175 097 194 121 228
0030 081 136 129 171 097 194 121 228
0031 082 132 130 170 097 195 121 229
0032 082 132 130 169 097 195 121 229
0033 083 134 129 171 097 194 121 228
0034 084 134 127 168 097 195 121 229
0035 085 132 129 165 097 195 121 229
0036 094 138 131 170 096 195 120 229
0037 122 143 154 167 096 195 119 229
0038 135 143 167 168 096 195 119 229
0039 165 124 196 156 096 195 119 230
0040 182 111 210 148 096 196 119 231
0041 178 105 219 156 095 197 119 232
0042 167 096 216 126 093 197 118 233
0043 162 095 210 124 094 196 118 232
0044 156 096 202 132 093 196 117 231
0045 150 101 189 148 094 197 118 232
0046 148 106 180 155 094 197 119 232
0047 142 119 173 166 094 197 118 232
0048 135 128 164 173 094 197 117 230
0049 131 132 164 176 093 196 117 230
0050 125 136 161 179 093 195 117 230
0051 118 145 157 182 093 195 116 229
0052 106 149 154 189 092 196 115 227
0053 103 153 147 186 093 195 115 228
0054 101 153 145 183 091 199 115 227
0055 090 156 138 183 091 198 115 227
0056 090 161 133 182 093 196 115 228
0057 093 195 115 228 088 158 134 180
0058 087 157 131 181 093 195 115 229
0059 089 157 132 181 093 194 116 229
0060 092 196 115 229 095 160 141 183
0061 102 158 145 185 093 195 114 229
0062 117 164 154 193 092 196 114 229
0063 130 172 169 196 091 196 113 230
0064 143 184 176 209 091 196 114 231
0065 093 196 115 231 155 190 181 219
0066 170 199 196 237 092 195 115 231
0067 176 204 202 237 093 196 116 231
0068 181 208 205 239 093 197 117 231
0069 182 208 206 239 094 196 117 233
0070 181 208 206 239 094 196 117 232
0071 181 207 206 239 094 196 117 232
0072 181 208 206 239 093 196 117 231
0073 181 207 206 239 094 197 117 231
0074 181 209 206 239 094 197 117 232
