0000 144 187 183 236 071 177 121 227
0001 144 185 185 230 072 178 118 225
0002 146 186 186 229 072 175 122 224
0003 148 178 189 224 071 174 120 223
0004 071 174 119 226 145 177 189 220
0005 069 171 118 223 142 171 192 217
0006 143 161 191 209 067 165 117 215
0007 144 152 195 199 068 156 123 209
0008 064 148 119 203 143 141 196 194
0009 065 148 119 202 139 138 195 189
0010 141 141 194 193 067 152 120 204
0011 066 150 120 201 140 137 195 193
0012 064 150 120 201 145 141 199 192
0013 064 151 120 203 140 141 197 193
0014 068 151 121 202 144 139 197 192
0015 140 142 192 195 065 151 120 202
0016 068 152 120 203 141 142 191 194
0017 068 152 120 203 140 141 199 191
0018 066 152 119 203 143 138 195 191
0019 066 152 119 202 143 140 195 191
0020 144 138 196 190 065 152 125 201
0021 068 150 121 201 141 141 192 192
0022 142 134 196 189 067 149 120 202
0023 145 134 197 189 067 148 119 202
0024 144 132 197 189 072 148 120 200
0025 144 133 196 189 068 150 119 203
0026 144 133 197 189 067 149 119 202
0027 143 132 197 188 067 149 119 202
0028 142 132 197 189 069 149 119 202
0029 142 133 197 189 069 149 119 202
0030 143 133 197 189 068 149 120 202
0031 143 133 197 189 069 149 120 202
0032 144 134 197 189 069 148 120 202
0033 141 142 193 192 066 147 120 201
0034 141 142 193 192 068 147 119 201
0035 143 136 200 190 066 145 119 202
0036 139 142 191 192 068 145 119 201
0037 073 144 122 200 143 136 193 190
0038 142 136 199 190 068 142 120 201
0039 140 140 191 192 068 142 118 201
0040 143 136 199 190 069 142 119 201
0041 141 136 195 189 068 142 119 201
0042 141 136 195 189 066 142 121 202
0043 140 137 196 189 067 144 122 204
0044 142 136 195 189 066 143 121 203
0045 140 142 191 194 068 144 121 203
0046 143 138 195 190 065 143 120 200
0047 147 149 195 196 068 149 124 199
0048 146 166 192 220 070 164 120 209
0049 147 179 191 234 070 172 118 223
0050 147 186 191 234 072 178 113 233
0051 147 193 190 236 073 178 111 233
0052 073 179 112 235 146 196 191 237
0053 147 192 186 239 067 179 115 237
