0000 108 197 148 237 157 190 197 215
0001 109 197 150 236 157 189 197 215
0002 108 197 148 236 157 189 197 215
0003 108 197 149 236 157 186 197 214
0004 108 197 148 237 157 190 197 215
0005 108 197 148 237 157 190 197 215
0006 108 197 148 236 157 190 197 215
0007 108 197 148 236 161 187 203 216
0008 107 197 148 237 167 179 202 216
0009 106 197 147 238 172 155 204 202
0010 106 198 146 238 174 136 205 189
0011 107 197 146 238 166 113 201 169
0012 106 198 145 237 151 088 195 146
0013 150 077 190 139 106 200 143 238
0014 106 200 144 238 146 077 187 132
0015 106 200 143 238 146 078 187 131
0016 106 200 145 238 150 076 185 134
0017 106 200 145 238 145 074 188 128
0018 106 200 145 238 144 074 187 129
0019 144 075 187 133 107 200 144 238
0020 105 200 145 238 144 078 187 131
0021 107 200 145 238 144 078 187 131
0022 105 200 145 238 145 078 187 132
0023 103 199 144 237 145 078 186 131
0024 144 078 186 131 099 194 130 235
0025 144 078 186 130 103 182 134 226
0026 145 076 185 130 103 167 137 213
0027 143 074 183 127 105 150 152 192
0028 110 137 163 174 137 084 187 132
0029 136 108 195 138 111 134 168 169
0030 114 136 169 177 146 118 204 147
0031 118 140 177 187 144 121 203 150
0032 127 143 185 190 138 124 198 150
0033 126 138 186 190 140 126 196 154
0034 127 143 184 192 143 125 197 153
0035 119 152 176 196 147 125 198 154
0036 140 127 197 157 125 148 183 196
0037 126 146 182 196 137 127 191 156
0038 124 148 177 199 143 127 197 158
0039 117 148 176 194 145 127 199 155
0040 120 148 178 195 141 127 195 154
0041 120 147 182 194 137 130 193 159
0042 118 146 177 193 139 128 196 158
0043 114 145 172 193 145 127 198 157
0044 114 146 174 194 145 127 197 157
0045 118 146 178 191 137 127 196 157
0046 119 145 177 189 138 129 195 157
0047 118 145 175 188 139 128 193 157
0048 118 146 177 189 139 128 194 156
0049 120 146 173 189 139 129 191 156
0050 123 160 168 197 138 130 200 160
0051 150 141 203 174 121 172 161 223
0052 113 188 154 236 158 155 207 190
0053 107 193 147 235 159 169 204 201
0054 107 193 148 236 156 179 199 211
0055 109 193 152 237 155 187 196 214
0056 110 194 151 237 156 188 196 214
0057 110 195 151 237 156 189 197 215
0058 110 194 151 237 155 189 196 215
