0000 148 202 167 235 214 204 241 239
0001 214 204 241 239 147 205 169 236
0002 214 204 241 239 142 202 166 236
0003 214 204 240 239 124 200 147 234
0004 085 190 123 220 216 204 241 239
0005 058 157 095 183 215 204 241 239
0006 043 129 086 155 215 204 241 239
0007 036 087 080 114 214 204 240 239
0008 040 053 085 089 214 203 240 239
0009 049 039 089 076 214 204 240 239
0010 046 043 088 082 216 204 239 239
0011 035 085 085 117 214 205 240 239
0012 038 113 087 143 216 206 240 238
0013 065 163 107 196 216 206 240 238
0014 080 182 115 215 214 205 241 239
0015 215 204 242 239 087 186 123 221
0016 216 206 243 239 082 181 118 216
0017 063 164 105 195 216 206 242 239
0018 216 206 243 239 039 117 081 145
0019 036 079 085 109 216 206 242 239
0020 046 047 091 086 214 206 241 238
0021 051 037 095 077 214 206 240 239
0022 049 041 094 081 214 206 241 239
0023 043 064 090 102 216 207 240 238
0024 039 106 088 133 216 206 239 238
0025 050 144 096 177 216 205 239 238
0026 064 164 105 199 214 204 240 239
0027 215 205 241 239 086 182 117 220
0028 215 205 241 239 099 192 123 227
0029 215 204 241 239 116 202 137 234
0030 215 204 241 239 126 201 145 234
0031 217 204 242 239 138 199 157 235
0032 216 203 242 239 145 203 163 237
0033 215 205 241 239 148 200 168 235
