0006 163 220 196 239 000 000 000 000
0007 161 204 206 239 000 000 000 000
0008 156 170 202 216 000 000 000 000
0009 152 130 196 173 000 000 000 000
0010 150 093 193 144 000 000 000 000
0011 153 077 189 130 000 000 000 000
0012 151 063 192 108 000 000 000 000
0013 160 063 193 106 000 000 000 000
0014 164 062 199 112 000 000 000 000
0015 169 063 202 108 000 000 000 000
0016 173 068 203 109 000 000 000 000
0017 173 072 207 117 000 000 000 000
0018 172 074 209 121 000 000 000 000
0019 178 075 211 122 000 000 000 000
0020 177 081 216 128 000 000 000 000
0021 184 082 221 130 000 000 000 000
0022 189 087 225 131 000 000 000 000
0023 190 086 228 134 000 000 000 000
0024 193 090 230 138 000 000 000 000
0025 194 092 236 139 000 000 000 000
0026 194 094 236 141 000 000 000 000
0027 195 099 239 150 000 000 000 000
0028 193 120 240 172 000 000 000 000
0029 188 156 240 208 000 000 000 000
0030 181 198 226 239 000 000 000 000
0031 167 217 204 239 000 000 000 000
