0000 124 218 168 239 000 000 000 000
0001 128 209 171 237 000 000 000 000
0002 140 174 184 223 000 000 000 000
0003 153 155 193 203 000 000 000 000
0004 174 107 217 164 000 000 000 000
0005 190 088 227 145 000 000 000 000
0006 190 069 240 125 000 000 000 000
0007 192 064 241 119 000 000 000 000
0008 197 063 237 118 000 000 000 000
0009 198 057 237 114 000 000 000 000
0010 193 056 240 112 000 000 000 000
0011 193 057 239 112 000 000 000 000
0012 194 058 240 111 000 000 000 000
0013 193 060 237 116 000 000 000 000
0014 191 083 228 142 000 000 000 000
0015 189 106 227 165 000 000 000 000
0016 182 141 224 196 000 000 000 000
0017 173 193 204 237 000 000 000 000
0018 140 217 172 239 000 000 000 000
0019 132 217 171 239 000 000 000 000
0020 138 217 170 238 000 000 000 000
