0018 123 220 167 239 000 000 000 000
0019 092 217 130 239 000 000 000 000
0020 090 207 134 236 000 000 000 000
0021 088 187 139 226 000 000 000 000
0022 088 168 141 210 000 000 000 000
0023 088 156 141 197 000 000 000 000
0024 090 127 146 177 000 000 000 000
0025 092 109 145 161 000 000 000 000
0026 094 095 144 150 000 000 000 000
0027 095 088 145 140 000 000 000 000
0028 093 084 145 140 000 000 000 000
0029 094 080 141 135 000 000 000 000
0030 091 079 142 134 000 000 000 000
0031 090 080 142 137 000 000 000 000
0032 084 080 138 133 000 000 000 000
0033 084 081 138 132 000 000 000 000
0034 093 071 143 133 000 000 000 000
0035 092 068 142 132 000 000 000 000
0036 091 067 144 133 000 000 000 000
0037 093 064 143 130 000 000 000 000
0038 094 066 144 131 000 000 000 000
0039 091 062 142 127 000 000 000 000
0040 086 061 140 128 000 000 000 000
0041 085 060 139 127 000 000 000 000
0042 085 059 138 127 000 000 000 000
0043 088 060 139 127 000 000 000 000
0044 087 059 140 126 000 000 000 000
0045 088 061 140 124 000 000 000 000
0046 088 061 139 123 000 000 000 000
0047 089 061 139 122 000 000 000 000
0048 085 058 139 122 000 000 000 000
0049 088 060 140 123 000 000 000 000
0050 085 058 139 123 000 000 000 000
0051 085 059 139 122 000 000 000 000
0052 089 058 140 121 000 000 000 000
0053 085 059 139 121 000 000 000 000
0054 085 058 139 121 000 000 000 000
0055 086 059 139 121 000 000 000 000
0056 086 059 139 121 000 000 000 000
0057 086 059 139 121 000 000 000 000
0058 086 059 139 122 000 000 000 000
0059 086 058 139 121 000 000 000 000
0060 087 060 139 124 000 000 000 000
0061 087 060 139 123 000 000 000 000
0062 087 059 139 121 000 000 000 000
0063 087 059 139 123 000 000 000 000
0064 086 058 140 123 000 000 000 000
0065 086 058 140 123 000 000 000 000
0066 087 058 140 123 000 000 000 000
0067 087 058 140 123 000 000 000 000
0068 087 058 140 121 000 000 000 000
0069 091 058 143 122 000 000 000 000
0070 092 059 144 123 000 000 000 000
0071 094 056 138 125 000 000 000 000
0072 093 071 144 134 000 000 000 000
0073 092 101 132 155 000 000 000 000
0074 085 147 131 185 000 000 000 000
0075 087 176 129 216 000 000 000 000
0076 090 208 135 238 000 000 000 000
0077 115 217 157 238 000 000 000 000
0078 123 219 161 239 000 000 000 000
