0002 118 202 178 234 000 000 000 000
0003 119 180 180 238 000 000 000 000
0004 128 133 200 185 000 000 000 000
0005 128 098 197 142 000 000 000 000
0006 133 073 203 116 000 000 000 000
0007 140 056 204 100 000 000 000 000
0008 137 048 206 087 000 000 000 000
0009 139 041 209 080 000 000 000 000
0010 139 041 210 080 000 000 000 000
0011 145 038 211 077 000 000 000 000
0012 147 035 211 077 000 000 000 000
0013 148 034 210 076 000 000 000 000
0014 150 034 211 075 000 000 000 000
0015 149 034 210 076 000 000 000 000
0016 148 034 210 076 000 000 000 000
0017 149 035 210 076 000 000 000 000
0018 146 035 209 075 000 000 000 000
0019 146 035 208 076 000 000 000 000
0020 148 034 208 077 000 000 000 000
0021 148 033 208 077 000 000 000 000
0022 155 034 198 086 000 000 000 000
0023 151 053 189 103 000 000 000 000
0024 143 083 180 132 000 000 000 000
0025 132 114 171 172 000 000 000 000
0026 119 154 165 205 000 000 000 000
0027 109 182 163 228 000 000 000 000
0028 104 223 154 239 000 000 000 000
