0009 176 192 228 234 000 000 000 000
0010 177 170 230 210 000 000 000 000
0011 173 144 223 184 000 000 000 000
0012 169 126 216 166 000 000 000 000
0013 163 112 209 151 000 000 000 000
0014 159 106 208 146 000 000 000 000
0015 159 105 207 143 000 000 000 000
0016 158 101 207 140 000 000 000 000
0017 158 100 206 139 000 000 000 000
0018 157 100 206 139 000 000 000 000
0019 158 100 206 140 000 000 000 000
0020 157 101 206 140 000 000 000 000
0021 157 104 205 144 000 000 000 000
0022 158 104 205 143 000 000 000 000
0023 159 106 207 144 000 000 000 000
0024 164 113 213 152 000 000 000 000
0025 174 137 222 180 000 000 000 000
0026 178 188 229 233 000 000 000 000
