0004 165 222 205 239 000 000 000 000
0005 140 195 204 230 000 000 000 000
0006 138 171 192 209 000 000 000 000
0007 135 157 191 199 000 000 000 000
0008 135 151 191 195 000 000 000 000
0009 136 149 194 195 000 000 000 000
0010 135 148 191 197 000 000 000 000
0011 135 151 190 198 000 000 000 000
0012 136 151 194 200 000 000 000 000
0013 135 149 192 197 000 000 000 000
0014 135 150 192 201 000 000 000 000
0015 135 151 192 201 000 000 000 000
0016 135 150 189 200 000 000 000 000
0017 135 147 190 199 000 000 000 000
0018 132 148 186 198 000 000 000 000
0019 132 147 185 199 000 000 000 000
0020 132 147 184 199 000 000 000 000
0021 132 147 190 202 000 000 000 000
0022 133 146 189 202 000 000 000 000
0023 133 145 188 203 000 000 000 000
0024 133 145 187 204 000 000 000 000
0025 133 145 187 204 000 000 000 000
0026 134 147 189 206 000 000 000 000
0027 133 147 189 206 000 000 000 000
0028 138 148 184 206 000 000 000 000
0029 139 149 182 206 000 000 000 000
0030 137 149 187 208 000 000 000 000
0031 137 149 187 207 000 000 000 000
0032 137 149 186 207 000 000 000 000
0033 134 146 189 207 000 000 000 000
0034 133 146 183 205 000 000 000 000
0035 138 149 189 205 000 000 000 000
0036 133 145 184 205 000 000 000 000
0037 137 145 188 206 000 000 000 000
0038 137 145 188 204 000 000 000 000
0039 138 145 188 205 000 000 000 000
0040 138 145 188 205 000 000 000 000
0041 137 143 189 204 000 000 000 000
0042 138 143 188 205 000 000 000 000
0043 138 145 187 205 000 000 000 000
0044 138 145 188 204 000 000 000 000
0045 137 145 188 205 000 000 000 000
0046 138 145 188 205 000 000 000 000
0047 137 145 187 205 000 000 000 000
0048 138 145 187 205 000 000 000 000
0049 139 143 187 205 000 000 000 000
0050 142 144 184 207 000 000 000 000
0051 140 142 188 206 000 000 000 000
0052 139 142 180 205 000 000 000 000
0053 139 143 187 206 000 000 000 000
0054 140 144 187 205 000 000 000 000
0055 140 145 187 207 000 000 000 000
0056 140 148 188 212 000 000 000 000
0057 138 158 192 219 000 000 000 000
0058 142 176 192 228 000 000 000 000
0059 141 212 202 239 000 000 000 000
