0000 179 202 201 235 111 205 134 239
0001 110 204 132 237 179 202 201 235
0002 111 207 132 239 179 201 201 235
0003 108 203 137 237 179 201 201 235
0004 178 201 201 236 108 203 136 237
0005 178 202 201 236 110 205 133 239
0006 178 202 202 236 107 206 130 237
0007 179 202 202 236 096 206 122 236
0008 087 200 109 234 178 202 202 236
0009 179 203 202 237 057 172 095 201
0010 035 112 074 145 178 203 202 237
0011 047 067 080 118 179 202 203 237
0012 055 045 083 099 178 204 203 238
0013 060 045 092 093 178 203 202 238
0014 067 042 096 089 178 203 202 237
0015 066 042 099 088 178 203 202 237
0016 068 041 100 088 178 202 202 237
0017 067 040 103 088 178 201 202 237
0018 065 041 101 089 178 201 203 237
0019 065 040 101 089 178 202 204 237
0020 067 040 104 088 178 201 202 236
0021 067 041 099 088 178 201 202 236
0022 066 040 104 088 179 201 202 236
0023 065 039 102 085 178 201 202 236
0024 064 036 102 083 180 201 204 236
0025 064 036 102 083 180 201 204 236
0026 068 039 099 087 180 201 204 233
0027 066 039 099 087 180 201 204 237
0028 059 046 090 093 180 202 204 237
0029 051 060 085 111 179 201 204 233
0030 042 095 080 136 180 203 203 237
0031 180 202 204 237 058 150 087 172
0032 074 174 098 211 180 202 204 237
0033 093 191 116 229 180 202 204 237
0034 105 199 125 236 180 203 204 237
0035 180 203 203 236 110 207 131 238
0036 180 202 202 236 112 206 133 238
0037 179 203 202 235 112 205 130 235
