0006 149 205 184 239 000 000 000 000
0007 172 203 226 239 000 000 000 000
0008 191 158 262 209 000 000 000 000
0009 207 129 272 187 000 000 000 000
0010 211 109 279 166 000 000 000 000
0011 215 090 274 153 000 000 000 000
0012 214 082 273 147 000 000 000 000
0013 212 077 275 144 000 000 000 000
0014 213 075 274 140 000 000 000 000
0015 214 074 273 140 000 000 000 000
0016 214 074 273 140 000 000 000 000
0017 214 074 273 139 000 000 000 000
0018 214 074 274 140 000 000 000 000
0019 215 074 273 140 000 000 000 000
0020 215 075 273 140 000 000 000 000
0021 215 076 272 140 000 000 000 000
0022 213 075 271 141 000 000 000 000
0023 213 074 270 139 000 000 000 000
0024 210 080 266 141 000 000 000 000
0025 201 084 260 148 000 000 000 000
0026 181 113 215 165 000 000 000 000
0027 154 154 191 203 000 000 000 000
0028 129 185 175 235 000 000 000 000
0029 118 210 158 239 000 000 000 000
0030 118 206 164 233 000 000 000 000
