0000 136 212 172 237 245 216 280 239
0001 138 212 174 237 000 000 000 000
0002 138 211 174 237 250 211 282 236
0003 138 211 174 237 244 213 283 237
0004 133 207 170 237 248 208 283 239
0005 239 183 285 234 131 175 167 225
0006 227 139 271 187 141 127 175 168
0007 145 079 190 133 215 091 252 129
0008 148 058 195 116 212 068 257 125
0009 152 050 200 110 202 060 252 117
0010 153 046 203 110 204 055 250 114
0011 153 047 201 109 201 055 250 114
0012 201 049 251 113 155 044 192 109
0013 153 044 190 106 209 048 251 115
0014 149 044 188 105 217 049 254 111
0015 140 044 177 104 224 049 261 114
0016 226 047 271 114 135 053 170 108
0017 134 047 170 103 232 051 268 116
0018 224 053 261 115 138 047 175 105
0019 208 055 252 109 145 049 189 103
0020 203 052 251 114 150 055 196 107
0021 204 051 245 113 159 052 203 108
0022 204 051 243 111 157 048 201 102
0023 205 052 249 115 158 048 203 103
0024 157 048 192 104 215 054 247 117
0025 146 044 184 104 221 053 257 114
0026 140 045 177 104 225 054 260 119
0027 234 058 269 119 130 052 169 107
0028 236 071 272 132 123 059 162 116
0029 121 074 160 125 235 087 279 151
0030 127 093 159 141 238 124 281 177
0031 241 176 289 229 131 142 163 184
0032 242 206 289 239 129 178 169 232
0033 135 188 169 235 241 208 280 237
0034 143 206 178 236 243 213 277 239
0035 144 210 183 236 245 210 277 236
0036 148 209 181 236 244 214 275 239
0037 143 209 183 237 244 215 276 239
0038 144 210 182 237 244 209 276 236
