0000 146 210 185 239 000 000 000 000
0001 146 210 185 239 000 000 000 000
0002 146 210 185 239 000 000 000 000
0003 146 212 184 237 000 000 000 000
0004 145 209 184 239 000 000 000 000
0005 137 202 176 235 000 000 000 000
0006 122 176 154 213 000 000 000 000
0007 098 194 141 235 118 136 162 169
0008 112 118 167 157 102 168 151 199
0009 113 120 165 157 106 149 144 173
0010 109 138 158 171 105 102 145 135
0011 106 128 156 160 104 088 142 125
0012 104 099 154 138 000 000 000 000
0013 109 090 152 118 117 135 159 169
0014 112 085 154 118 113 137 159 170
0015 116 110 165 152 000 000 000 000
0016 114 133 162 170 107 099 147 131
0017 113 132 159 169 107 091 144 127
0018 106 115 159 161 000 000 000 000
0019 104 099 155 130 106 135 156 170
0020 112 100 156 134 102 129 143 159
0021 082 121 127 154 125 107 169 143
0022 053 128 092 162 157 127 198 166
0023 171 136 208 171 046 128 089 165
0024 174 131 214 170 051 134 088 171
0025 173 130 215 169 051 135 085 170
0026 172 126 214 165 049 134 086 170
0027 170 130 209 168 049 136 089 173
0028 050 143 086 183 169 138 207 172
0029 170 152 207 187 044 165 082 211
0030 042 191 083 238 162 164 203 208
0031 157 187 194 233 048 221 077 239
0032 154 207 190 237 000 000 000 000
0033 151 210 189 239 000 000 000 000
0034 149 212 188 239 000 000 000 000
0035 151 218 187 239 000 000 000 000
0036 151 215 185 237 000 000 000 000
0037 153 215 186 237 000 000 000 000
0038 150 216 187 237 000 000 000 000
0039 150 216 187 237 000 000 000 000
0040 150 216 187 237 000 000 000 000
0041 153 216 187 237 000 000 000 000
0042 153 216 187 237 000 000 000 000
0043 150 216 187 238 000 000 000 000
