0000 110 201 155 238 165 199 205 233
0001 110 203 155 239 163 197 205 236
0002 174 189 209 231 110 203 155 239
0003 110 204 155 239 193 155 229 198
0004 110 203 155 239 215 129 244 177
0005 110 201 155 238 224 105 255 155
0006 110 201 156 238 228 088 266 144
0007 227 078 271 141 110 203 156 239
0008 110 203 156 239 229 072 271 140
0009 228 070 274 134 110 201 155 238
0010 228 070 274 134 110 204 156 238
0011 110 204 156 239 228 070 273 133
0012 228 068 268 136 110 201 155 238
0013 110 201 155 237 231 072 270 140
0014 228 070 267 139 110 204 155 239
0015 110 201 155 238 229 073 266 136
0016 226 069 267 141 110 201 155 238
0017 110 201 155 238 221 072 270 136
0018 222 073 271 138 110 201 155 238
0019 111 203 155 239 224 072 268 137
0020 227 071 269 140 110 201 155 238
0021 222 073 273 137 110 201 155 238
0022 227 071 268 140 110 201 155 238
0023 223 074 270 138 110 201 155 238
0024 223 076 270 138 111 202 155 238
0025 224 080 260 142 111 202 155 238
0026 111 202 155 238 222 085 260 144
0027 111 202 155 238 216 105 249 158
0028 110 202 155 238 205 130 237 180
0029 110 202 155 238 191 164 221 205
0030 111 202 155 237 175 184 207 219
0031 111 202 155 237 163 189 200 220
0032 110 201 155 238 156 193 195 226
0033 110 201 155 238 156 193 195 227
0034 110 202 155 238 156 193 195 227
0035 110 202 155 238 157 193 195 227
