0000 100 207 123 235 176 191 196 225
0001 100 208 123 235 176 191 196 225
0002 175 192 196 223 099 208 123 235
0003 100 208 123 235 167 186 186 211
0004 135 155 167 184 098 207 123 234
0005 100 208 124 235 141 104 176 128
0006 098 206 120 230 188 074 218 105
0007 097 207 119 232 224 097 249 123
0008 096 206 119 236 227 136 253 159
0009 097 207 120 236 199 176 225 204
0010 098 207 121 235 155 174 178 198
0011 136 128 169 153 100 208 123 232
0012 100 207 123 231 160 085 191 112
0013 099 206 121 234 209 077 237 106
0014 096 206 119 232 226 102 255 129
0015 098 205 121 234 223 155 251 177
0016 098 207 119 235 175 177 202 204
0017 100 207 121 235 142 151 176 176
0018 100 207 124 235 150 110 178 135
0019 098 208 121 235 178 101 204 134
0020 098 208 120 236 195 121 221 152
0021 097 208 119 235 202 161 227 184
0022 098 208 121 235 191 184 215 213
0023 098 208 120 232 185 189 205 218
0024 099 208 122 232 175 190 196 221
0025 098 208 122 232 174 190 195 226
0026 176 191 197 223 098 208 122 232
0027 098 208 122 232 176 190 197 226
0028 173 191 194 222 099 206 121 235
