0002 109 213 132 236 000 000 000 000
0004 104 211 132 237 204 196 238 236
0005 131 169 170 208 174 143 198 173
0006 143 108 173 138 163 131 191 163
0007 175 105 208 134 141 105 167 131
0008 174 101 209 125 138 105 164 130
0009 174 106 204 126 142 105 169 129
0010 173 106 204 129 142 106 172 130
0011 173 107 204 131 142 104 167 128
0012 173 107 204 131 143 107 170 131
0013 173 107 204 132 144 107 170 131
0014 172 107 204 131 139 104 166 131
0015 138 102 165 127 172 106 204 130
0016 137 102 165 128 172 105 204 130
0017 172 106 204 130 141 103 168 130
0018 172 106 204 131 138 102 166 128
0019 173 106 204 130 137 101 165 128
0020 171 105 204 130 137 101 165 128
0021 171 106 203 130 137 102 164 128
0022 170 106 204 129 136 102 164 128
0023 170 106 203 130 138 102 164 127
0024 167 109 202 134 134 104 164 132
0025 137 123 165 154 169 129 197 166
0026 146 161 181 207 000 000 000 000
0027 159 188 197 220 132 205 162 235
0028 187 221 216 239 118 221 140 239
