0004 186 222 222 239 000 000 000 000
0005 161 169 208 227 000 000 000 000
0006 153 129 201 193 000 000 000 000
0007 150 105 199 169 000 000 000 000
0008 153 081 198 147 000 000 000 000
0009 149 075 198 139 000 000 000 000
0010 147 066 197 129 000 000 000 000
0011 151 065 201 127 000 000 000 000
0012 150 059 201 123 000 000 000 000
0013 148 057 197 117 000 000 000 000
0014 149 056 198 116 000 000 000 000
0015 149 056 197 116 000 000 000 000
0016 148 055 198 116 000 000 000 000
0017 151 060 202 119 000 000 000 000
0018 150 060 201 120 000 000 000 000
0019 150 060 201 119 000 000 000 000
0020 151 059 202 120 000 000 000 000
0021 153 055 201 119 000 000 000 000
0022 151 060 201 123 000 000 000 000
0023 150 067 203 134 000 000 000 000
0024 157 098 210 167 000 000 000 000
0025 166 122 211 191 000 000 000 000
0026 184 184 230 237 000 000 000 000
