0002 105 213 142 238 000 000 000 000
0003 106 142 143 194 000 000 000 000
0004 106 106 146 167 000 000 000 000
0005 109 078 152 146 000 000 000 000
0006 106 070 149 138 000 000 000 000
0007 106 071 156 133 000 000 000 000
0008 105 070 156 133 000 000 000 000
0009 109 070 153 137 000 000 000 000
0010 109 069 153 136 000 000 000 000
0011 106 071 157 139 000 000 000 000
0012 105 070 157 136 000 000 000 000
0013 105 068 154 136 000 000 000 000
0014 105 068 154 136 000 000 000 000
0015 108 069 154 138 000 000 000 000
0016 108 069 154 138 000 000 000 000
0017 105 069 154 136 000 000 000 000
0018 105 070 154 138 000 000 000 000
0019 104 077 152 145 000 000 000 000
0020 094 100 149 169 000 000 000 000
0021 094 157 144 207 000 000 000 000
0022 105 216 146 239 000 000 000 000
