0001 096 217 135 236 000 000 000 000
0002 101 217 143 239 000 000 000 000
0003 103 213 144 238 000 000 000 000
0004 106 209 145 237 000 000 000 000
0005 114 204 152 236 198 218 233 239
0006 187 202 239 239 121 202 160 236
0007 129 195 169 234 179 179 235 226
0008 180 157 239 204 132 190 175 230
0009 177 148 239 192 132 182 187 225
0010 174 130 239 175 135 176 183 219
0011 136 166 189 212 173 119 237 162
0012 138 158 190 205 179 112 239 151
0013 142 154 180 200 173 114 241 152
0014 181 118 242 162 135 141 179 198
0015 134 144 179 200 180 116 239 161
0016 133 153 182 203 173 109 240 150
0017 134 153 185 203 170 107 241 147
0018 135 150 184 200 185 108 240 153
0019 136 146 180 201 182 106 238 154
0020 182 104 236 150 140 152 181 203
0021 135 150 186 200 186 099 239 143
0022 134 146 184 200 193 096 237 149
0023 135 149 183 203 191 092 240 140
0024 136 147 182 202 164 089 241 129
0025 180 086 237 126 138 142 181 199
0026 192 086 239 141 135 142 181 198
0027 187 080 232 136 133 146 181 200
0028 139 144 188 197 175 062 229 104
0029 136 138 182 195 206 039 252 083
0030 133 138 181 195 208 063 245 117
0031 137 139 181 197 181 062 241 111
0032 186 030 248 072 136 140 181 194
0033 139 137 188 194 212 022 258 062
0034 135 141 184 195 209 048 250 107
0035 185 054 247 099 136 145 180 200
0036 194 034 255 074 135 143 183 195
0037 132 142 182 196 213 058 259 114
0038 189 054 249 099 134 143 183 198
0039 196 022 254 064 140 146 179 196
0040 225 032 265 080 134 144 185 197
0041 204 053 254 103 140 141 183 200
0042 195 040 254 083 134 144 183 199
0043 215 019 266 063 135 143 183 197
0044 229 043 277 095 134 144 184 197
0045 189 053 251 102 133 144 181 200
0046 198 029 258 071 134 141 179 196
0047 133 143 181 199 235 033 277 078
0048 132 144 182 200 233 057 276 112
0049 199 065 264 113 133 145 183 201
0050 202 056 276 104 133 148 181 203
0051 131 148 181 202 245 078 297 129
0052 132 151 181 205 256 121 302 198
0053 212 156 279 209 126 158 176 209
0054 191 178 270 224 123 172 171 215
0055 119 181 162 224 200 201 253 236
0056 112 190 152 231 199 217 243 239
0057 104 207 143 236 000 000 000 000
0058 096 216 141 239 000 000 000 000
0059 098 217 137 239 000 000 000 000
0060 093 217 134 236 000 000 000 000
