0000 150 206 178 228 089 203 110 237
0001 150 206 178 228 089 203 110 238
0002 150 206 178 228 089 202 110 237
0003 150 206 178 228 089 203 110 238
0004 150 206 178 228 089 203 110 237
0005 150 205 178 228 089 203 110 237
0006 150 205 178 228 089 203 110 237
0007 150 205 178 228 089 203 110 237
0008 153 204 180 230 089 203 110 238
0009 149 206 178 228 088 203 110 238
0010 150 206 177 228 089 203 110 238
0011 150 206 177 228 088 202 110 237
0012 146 202 181 231 089 203 110 238
0013 147 204 177 229 089 203 110 238
0014 141 188 170 215 088 203 110 238
0015 089 203 111 238 135 154 164 183
0016 143 119 170 147 089 203 110 238
0017 145 110 172 142 089 204 111 238
0018 089 203 110 238 139 128 164 160
0019 089 203 110 238 138 155 163 187
0020 139 187 167 218 089 203 110 238
0021 147 210 176 234 089 203 110 238
0022 150 213 178 235 089 203 110 238
0023 149 211 178 234 089 202 110 238
0024 149 208 177 232 089 203 110 238
0025 141 193 171 222 088 202 110 238
0026 088 203 110 237 134 161 165 191
0027 088 202 110 238 137 129 161 158
0028 140 109 168 139 089 202 110 238
0029 146 101 171 129 089 203 111 238
0030 143 104 171 136 089 202 110 238
0031 139 111 165 146 089 202 111 238
0032 090 201 111 238 137 123 173 161
0033 090 202 111 238 133 153 163 187
0034 137 185 164 216 090 201 111 237
0035 137 192 165 221 090 200 111 238
0036 137 195 167 222 090 201 110 236
0037 136 197 167 225 090 201 110 236
0038 137 196 166 223 090 201 111 237
0039 134 186 164 211 090 201 111 238
0040 129 164 158 193 090 201 111 237
0041 130 138 158 165 090 201 111 237
0042 136 114 164 146 090 201 111 237
0043 143 103 168 133 090 202 111 237
0044 147 104 172 131 090 201 111 237
0045 149 104 173 130 090 201 111 237
0046 148 102 172 130 090 200 111 237
0047 137 111 164 146 090 200 111 237
0048 131 121 170 157 090 202 111 237
0049 131 162 158 192 090 202 111 237
0050 135 187 164 215 090 202 111 238
0051 137 192 165 219 090 202 111 237
0052 136 187 165 217 090 202 111 238
0053 134 183 163 209 090 202 111 238
0054 129 170 165 201 090 203 111 238
0055 131 155 165 187 090 202 111 237
0056 132 143 159 173 090 202 111 238
0057 136 127 163 159 090 201 111 238
0058 138 122 165 152 090 202 111 237
0059 135 124 161 153 090 201 111 237
0060 135 132 165 167 091 202 111 237
0061 131 156 160 185 091 202 111 237
0062 137 183 166 209 091 202 111 237
0063 145 202 177 231 091 202 111 237
0064 148 208 180 234 091 201 111 237
0065 157 211 190 237 090 202 111 237
0066 162 213 192 238 090 203 111 238
0067 090 203 111 238 163 215 194 239
0068 090 203 111 238 165 214 195 237
0069 090 203 111 238 165 214 195 237
