0000 198 205 220 238 118 205 139 237
0001 119 206 137 237 199 206 222 236
0002 115 204 142 237 209 207 234 238
0003 116 207 137 238 228 200 261 234
0004 248 189 283 217 115 205 135 236
0005 260 171 302 199 110 206 131 239
0006 271 158 312 185 101 203 130 237
0007 282 147 311 171 103 204 125 237
0008 102 204 125 236 279 143 316 171
0009 279 143 317 170 101 206 119 238
0010 279 144 316 171 082 209 106 237
0011 047 191 093 224 279 144 317 171
0012 022 162 070 189 280 144 312 169
0013 009 125 052 153 282 141 315 165
0014 010 079 047 112 283 135 316 162
0015 016 060 054 099 281 135 319 162
0016 032 025 071 072 282 136 314 164
0017 057 014 091 068 281 135 314 165
0018 281 138 315 164 098 017 126 064
0019 278 139 316 167 124 040 157 075
0020 278 138 317 168 126 057 169 096
0021 276 139 318 170 120 045 161 096
0022 277 142 318 171 106 033 132 081
0023 275 144 316 170 087 033 111 087
0024 059 046 092 096 280 142 318 175
0025 045 066 086 110 270 143 318 173
0026 036 079 075 115 278 144 318 176
0027 034 087 074 118 279 145 318 176
0028 038 084 072 114 279 143 317 172
0029 041 077 076 109 279 143 318 172
0030 278 143 318 173 047 060 080 097
0031 281 147 312 172 080 032 111 081
0032 277 144 316 175 000 000 000 000
0033 271 146 315 176 000 000 000 000
0034 155 059 199 097 268 145 317 176
0035 146 059 196 101 277 149 316 177
0036 277 150 316 179 129 063 162 098
0037 282 149 314 178 105 038 131 087
0038 086 038 113 090 283 144 319 173
0039 075 041 101 090 285 144 317 170
0040 062 048 091 092 285 144 317 170
0041 061 051 091 095 284 144 317 171
0042 065 048 094 093 282 145 319 174
0043 070 048 097 093 285 144 316 172
0044 080 054 107 102 279 152 317 178
0045 271 163 313 192 086 092 114 130
0046 096 135 124 171 254 179 286 209
0047 106 179 128 222 220 188 248 226
0048 108 189 130 231 211 194 237 230
0049 203 196 228 231 112 199 132 232
0050 115 204 136 238 202 203 225 238
0051 197 207 220 238 117 204 138 238
0052 197 206 221 239 120 204 140 237
0053 200 205 222 239 123 206 141 236
0054 201 204 225 239 124 207 143 238
0055 201 206 225 239 126 205 144 236
