0000 144 218 191 239 060 221 107 239
0001 060 219 111 239 146 221 188 237
0002 062 209 115 239 146 221 189 237
0003 068 182 121 231 143 222 193 239
0004 072 173 127 217 143 222 194 238
0005 071 174 132 217 143 220 192 239
0006 068 174 134 215 145 215 194 239
0007 068 173 129 218 147 201 202 239
0008 067 172 127 220 149 166 207 222
0009 066 174 130 221 150 132 203 183
0010 067 174 129 221 143 129 191 178
0011 066 174 127 220 134 120 186 166
0012 065 173 127 220 126 118 179 165
0013 064 174 127 221 121 120 175 172
0014 064 173 126 219 118 118 175 168
0015 114 125 169 178 065 174 126 220
0016 065 174 127 221 107 120 163 169
0017 064 174 126 220 099 125 158 175
0018 097 120 153 169 064 175 127 222
0019 065 175 127 221 093 124 150 175
0020 061 172 129 217 082 123 148 171
0021 064 176 128 222 079 121 144 168
0022 079 120 139 165 063 180 131 219
0023 061 172 129 217 075 121 133 173
0024 065 175 129 222 071 124 135 174
0025 061 172 129 217 072 124 131 176
0026 078 124 140 173 070 180 130 224
0027 100 131 161 187 065 185 124 235
0028 132 153 189 213 056 201 115 237
0029 157 182 219 235 051 217 112 239
0030 178 192 234 238 057 216 111 239
0031 178 197 230 239 057 216 110 239
0032 179 200 229 239 057 217 108 239
0033 177 201 231 239 057 217 108 239
0034 178 201 230 239 057 216 108 239
0035 179 203 229 239 057 216 108 239
0036 180 200 227 238 057 216 108 239
0037 181 201 228 239 057 216 108 239
0038 180 202 227 238 057 217 108 239
0039 180 202 229 238 057 217 108 239
0040 178 201 224 239 057 217 108 239
0041 180 204 227 239 056 216 107 239
0042 179 199 226 239 056 216 107 239
0043 179 201 226 239 056 216 108 239
0044 179 201 227 239 056 216 107 239
0045 178 199 226 238 056 216 107 239
0046 178 199 227 238 056 216 107 239
0047 178 199 227 238 056 216 107 239
0048 180 199 228 236 056 217 107 239
0049 057 217 108 239 181 199 229 238
0050 056 217 107 239 181 198 227 237
0051 057 217 107 239 178 206 224 237
0052 057 217 107 239 173 208 224 239
0053 057 217 106 239 000 000 000 000
0054 057 217 106 239 000 000 000 000
0055 057 217 106 239 000 000 000 000
0056 057 217 106 239 000 000 000 000
