0008 111 205 154 237 000 000 000 000
0009 104 183 151 237 000 000 000 000
0010 101 168 149 231 000 000 000 000
0011 098 147 151 209 000 000 000 000
0012 098 127 148 186 000 000 000 000
0013 095 112 150 162 000 000 000 000
0014 094 100 152 149 000 000 000 000
0015 094 096 150 145 000 000 000 000
0016 092 089 148 137 000 000 000 000
0017 092 086 147 134 000 000 000 000
0018 092 084 147 132 000 000 000 000
0019 093 084 149 132 000 000 000 000
0020 093 084 149 132 000 000 000 000
0021 093 084 150 130 000 000 000 000
0022 094 084 150 130 000 000 000 000
0023 097 086 149 131 000 000 000 000
0024 094 083 150 130 000 000 000 000
0025 094 083 150 130 000 000 000 000
0026 095 084 150 128 000 000 000 000
0027 095 082 149 130 000 000 000 000
0028 095 083 149 130 000 000 000 000
0029 097 088 149 134 000 000 000 000
0030 097 103 159 153 000 000 000 000
0031 110 178 154 236 000 000 000 000
0032 125 212 163 239 000 000 000 000
