0000 122 200 160 236 181 207 220 237
0001 123 199 161 236 181 207 220 237
0002 119 195 158 236 181 207 220 237
0003 103 175 146 220 183 206 220 236
0004 089 151 135 191 183 208 222 236
0005 085 137 134 180 182 206 221 237
0006 086 126 126 167 183 207 220 239
0007 183 205 221 236 087 115 117 161
0008 086 110 115 155 184 206 222 236
0009 066 118 117 152 184 206 221 236
0010 065 123 119 150 183 206 221 236
0011 064 123 115 156 184 206 221 237
0012 182 207 220 236 071 121 108 159
0013 182 207 221 236 068 115 106 163
0014 059 121 107 157 182 207 221 236
0015 055 118 107 151 183 207 221 236
0016 060 119 112 154 183 207 221 236
0017 182 207 220 237 072 119 114 153
0018 182 207 220 238 072 117 105 165
0019 182 207 221 237 070 117 104 164
0020 060 120 110 150 182 207 221 237
0021 059 121 109 151 182 207 221 237
0022 063 122 111 154 185 208 219 238
0023 182 207 220 237 077 123 108 160
0024 182 207 222 237 075 121 113 153
0025 075 122 113 157 182 207 222 237
0026 079 124 118 160 182 207 222 237
0027 084 131 125 169 182 207 222 237
0028 095 148 145 200 182 206 219 237
0029 113 172 151 226 181 206 220 237
0030 120 190 161 237 182 207 221 238
0031 122 202 159 236 184 208 220 237
0032 121 201 160 236 181 207 221 239
0033 120 201 159 236 180 207 221 239
0034 119 201 159 236 180 207 220 239
0035 119 202 158 236 179 207 220 239
0036 119 203 160 236 180 207 219 237
