0003 164 207 203 238 000 000 000 000
0004 161 144 196 195 000 000 000 000
0005 169 063 198 131 000 000 000 000
0006 168 056 197 111 000 000 000 000
0007 169 062 199 113 000 000 000 000
0008 164 059 199 113 000 000 000 000
0009 163 056 200 114 000 000 000 000
0010 165 059 200 115 000 000 000 000
0011 166 062 198 116 000 000 000 000
0012 160 061 200 117 000 000 000 000
0013 161 059 194 116 000 000 000 000
0014 160 059 199 114 000 000 000 000
0015 162 053 194 114 000 000 000 000
0016 161 057 200 114 000 000 000 000
0017 158 056 193 119 000 000 000 000
0018 167 063 198 130 000 000 000 000
0019 167 124 204 191 000 000 000 000
0020 173 209 211 239 000 000 000 000
