0004 186 223 236 239 000 000 000 000
0005 167 185 230 233 000 000 000 000
0006 164 145 228 192 110 216 158 239
0007 121 200 176 233 154 104 221 151
0008 129 177 180 223 150 079 221 122
0009 133 159 182 211 142 073 214 112
0010 136 134 187 195 141 057 199 102
0011 142 115 183 185 139 056 201 102
0012 138 112 179 181 137 055 195 102
0013 136 119 179 178 138 056 196 103
0014 139 120 179 176 137 054 197 101
0015 137 055 195 101 138 111 191 176
0016 143 106 178 170 136 059 190 106
0017 138 057 194 106 137 113 175 173
0018 126 112 160 186 140 059 194 103
0019 136 131 178 193 140 056 195 101
0020 142 125 188 189 140 054 195 099
0021 147 108 183 174 140 054 195 102
0022 143 097 175 168 139 055 197 099
0023 129 109 163 178 138 057 197 104
0024 126 115 163 188 141 056 193 101
0025 134 130 174 192 136 054 195 100
0026 143 116 183 190 137 055 195 101
0027 139 056 196 102 141 106 177 175
0028 134 106 170 174 137 056 197 099
0029 139 055 196 099 130 117 168 178
0030 139 125 177 183 139 055 196 102
0031 143 112 182 179 138 052 198 096
0032 141 113 178 178 136 056 198 103
0033 137 131 175 181 137 058 203 102
0034 138 062 196 110 133 136 166 188
0035 127 141 162 199 139 068 201 114
