0000 100 219 118 239 188 220 211 239
0001 099 218 121 238 187 219 211 239
0002 099 215 124 238 182 220 210 239
0003 160 192 196 231 107 199 130 225
0004 151 156 194 193 119 181 144 205
0005 129 121 182 148 129 145 161 172
0006 127 110 169 128 133 127 176 149
0007 123 109 163 129 136 125 171 144
0008 124 107 167 133 000 000 000 000
0009 121 107 167 134 000 000 000 000
0010 148 114 193 142 000 000 000 000
0011 143 101 207 135 000 000 000 000
0012 137 112 179 139 099 101 172 134
0013 128 107 169 135 000 000 000 000
0014 141 113 182 138 100 102 167 131
0015 146 113 190 138 096 102 178 136
0016 138 105 190 136 000 000 000 000
0017 132 106 174 133 000 000 000 000
0018 141 108 178 135 000 000 000 000
0019 153 113 190 137 094 100 163 130
0020 149 110 188 136 096 101 162 132
0021 141 105 178 132 091 098 168 132
0022 136 105 173 133 000 000 000 000
0023 145 107 180 133 091 101 170 129
0024 143 110 184 137 000 000 000 000
0025 142 113 179 139 091 102 170 138
0026 124 128 155 153 123 110 165 129
0027 117 147 139 175 136 121 177 153
0028 156 168 191 208 100 181 126 209
0029 174 214 203 239 093 206 120 237
0030 095 219 114 239 182 221 209 239
0031 187 221 207 239 099 222 117 239
0032 094 218 113 239 186 219 208 239
0033 091 220 116 239 186 219 209 239
0034 090 216 111 239 184 218 205 236
0035 090 217 111 239 182 224 206 239
0036 091 215 111 234 180 221 205 239
0037 094 219 111 239 181 222 202 239
0038 092 219 113 237 180 221 205 239
0039 094 218 112 239 183 222 206 239
0040 093 219 114 239 183 221 208 239
0041 092 221 111 239 186 222 211 239
