0002 125 222 170 239 000 000 000 000
0003 107 204 156 238 069 208 106 235
0004 061 188 104 235 105 180 151 223
0005 102 161 150 201 062 175 102 216
0006 100 152 147 191 063 167 100 204
0007 097 145 143 184 063 160 100 194
0008 091 146 140 184 062 155 099 189
0009 090 145 139 183 065 156 098 192
0010 084 144 136 182 065 155 099 191
0011 078 150 137 188 066 155 102 196
0012 078 151 136 189 063 155 101 194
0013 083 152 137 190 067 152 103 191
0014 077 151 138 192 065 157 097 190
0015 079 152 138 193 066 157 101 192
0016 080 151 136 188 065 157 102 192
0017 077 154 133 193 000 000 000 000
0018 076 153 137 193 000 000 000 000
0019 074 154 137 193 000 000 000 000
0020 074 152 133 192 000 000 000 000
0021 074 153 137 192 000 000 000 000
0022 073 153 137 192 000 000 000 000
0023 074 153 138 192 000 000 000 000
0024 072 155 137 194 000 000 000 000
0025 075 163 137 202 000 000 000 000
0026 091 186 144 235 063 190 106 237
0027 107 208 153 239 074 211 110 238
0028 130 224 163 239 000 000 000 000
