0004 111 221 162 239 000 000 000 000
0005 077 200 132 239 109 197 158 235
0006 094 166 149 213 000 000 000 000
0007 112 148 168 189 087 138 129 165
0008 129 128 185 170 080 118 120 152
0009 136 125 190 166 075 111 121 150
0010 142 124 200 163 071 110 117 148
0011 144 122 198 161 070 108 117 147
0012 145 121 198 159 071 107 117 146
0013 144 121 198 160 077 100 123 146
0014 098 091 141 139 140 122 196 159
0015 121 087 166 141 140 117 194 160
0016 136 099 191 161 000 000 000 000
0017 136 102 191 162 000 000 000 000
0018 135 109 192 164 000 000 000 000
0019 111 089 161 140 141 129 199 167
0020 092 093 137 143 138 126 195 165
0021 140 127 197 167 077 104 122 148
0022 139 129 199 171 069 112 118 152
0023 136 129 192 170 076 103 121 150
0024 131 133 190 171 101 078 150 146
0025 123 083 172 140 130 132 190 170
0026 143 088 188 146 127 131 185 171
0027 150 093 197 149 125 132 187 172
0028 125 138 180 177 155 094 196 150
0029 149 095 197 153 126 138 180 176
0030 147 096 194 153 124 139 179 178
0031 144 099 187 152 121 141 177 180
0032 114 153 165 194 130 123 170 166
0033 103 163 154 209 130 158 177 214
0034 086 194 137 237 115 189 165 231
0035 085 222 156 239 000 000 000 000
0036 057 221 101 238 000 000 000 000
0037 129 191 168 232 000 000 000 000
0038 129 189 167 230 000 000 000 000
0039 128 194 164 234 000 000 000 000
0040 129 190 168 230 000 000 000 000
0041 129 190 168 230 000 000 000 000
