0000 046 223 079 238 000 000 000 000
0001 046 222 079 238 000 000 000 000
0002 097 210 141 239 046 222 078 238
0003 103 164 153 207 046 222 079 238
0004 113 101 161 156 046 222 078 238
0005 118 060 168 125 046 222 078 238
0006 127 043 174 110 046 222 079 238
0007 129 036 176 101 046 223 079 238
0008 130 034 176 101 047 223 079 238
0009 129 034 175 101 047 223 078 238
0010 128 035 173 099 047 222 078 238
0011 126 035 173 099 047 222 079 238
0012 126 035 173 099 046 222 078 238
0013 126 034 173 099 046 221 078 237
0014 127 034 173 098 048 221 078 238
0015 126 038 173 102 046 222 078 238
0016 124 062 172 119 046 222 078 238
0017 114 109 162 153 046 222 078 238
0018 101 186 151 236 046 221 078 238
0019 046 222 078 239 103 224 141 239
0020 046 222 078 238 000 000 000 000
0021 045 222 078 238 000 000 000 000
0022 044 223 078 238 000 000 000 000
0023 046 222 078 239 000 000 000 000
