0000 106 196 144 228 182 199 215 228
0001 106 196 144 227 181 199 215 228
0002 181 199 215 229 106 193 144 227
0003 109 184 151 220 182 199 218 229
0004 115 171 159 203 182 199 218 229
0005 121 160 168 187 181 199 218 229
0006 181 199 215 229 123 156 177 178
0007 119 154 178 175 181 199 218 229
0008 124 149 178 171 181 199 215 228
0009 123 142 176 165 181 199 215 229
0010 124 128 171 157 181 199 215 229
0011 112 106 165 145 181 199 215 229
0012 105 091 158 135 182 199 218 229
0013 093 082 152 131 182 199 218 229
0014 084 074 148 124 181 199 218 229
0015 075 061 137 113 181 199 218 229
0016 070 049 130 103 181 199 218 229
0017 058 036 120 088 181 199 218 229
0018 053 018 110 078 181 199 218 229
0019 046 008 102 071 181 199 218 229
0020 043 009 094 068 181 199 219 229
0021 043 018 092 079 181 199 219 230
0022 041 027 093 085 181 199 219 230
0023 048 043 092 095 181 199 219 230
0024 053 062 100 104 181 198 218 229
0025 064 082 113 123 181 199 218 229
0026 077 104 121 144 181 198 218 229
0027 088 130 127 166 180 198 215 228
0028 091 151 133 193 181 197 219 228
0029 095 166 133 209 181 197 219 229
0030 098 183 137 225 181 197 219 229
0031 099 192 138 236 181 196 219 228
0032 101 197 138 235 182 196 219 228
0033 101 198 136 234 181 196 219 228
0034 099 198 139 235 181 195 218 226
