0009 001 189 019 224 000 000 000 000
0010 002 175 041 214 000 000 000 000
0011 015 181 053 224 130 223 167 239
0012 099 174 156 217 052 207 091 238
0013 083 136 143 188 074 196 118 233
0014 075 119 131 172 094 175 136 215
0015 074 108 126 160 118 147 146 193
0016 070 101 123 156 133 103 158 169
0017 075 096 127 155 137 092 161 159
0018 076 090 124 147 136 090 159 156
0019 078 090 125 148 140 083 164 150
0020 082 087 131 147 139 085 163 155
0021 083 085 131 143 139 081 162 149
0022 085 082 131 138 138 080 162 149
0023 085 080 133 141 139 078 164 151
0024 085 081 130 142 138 082 163 150
0025 084 083 131 141 138 085 164 153
0026 084 082 131 142 137 083 167 150
0027 090 077 129 140 137 082 168 152
0028 139 085 168 151 096 076 129 140
0029 139 084 166 151 105 073 131 138
0030 136 083 166 152 104 077 136 138
0031 136 086 165 151 102 076 131 137
0032 139 085 167 156 103 070 131 136
0033 139 085 168 160 101 073 131 136
0034 141 086 167 157 103 076 133 142
0035 139 092 168 160 100 077 126 139
0036 139 091 169 160 098 080 126 142
0037 136 091 166 159 096 079 126 145
0038 139 091 168 158 096 083 125 144
0039 138 091 166 157 095 078 126 146
0040 093 083 128 145 138 091 165 156
0041 093 081 128 145 138 092 165 156
0042 092 081 129 145 138 089 165 160
0043 092 083 127 143 138 093 165 158
0044 092 082 129 146 139 088 165 156
0045 095 084 128 144 138 091 166 157
0046 091 083 129 146 142 089 166 156
0047 094 082 126 144 142 089 166 156
0048 138 091 167 157 089 084 128 142
0049 139 092 168 159 092 082 124 145
0050 074 115 127 167 150 123 179 164
0051 070 151 129 194 114 195 162 229
0052 087 205 151 237 000 000 000 000
0056 053 214 090 237 000 000 000 000
0057 031 196 068 235 000 000 000 000
0058 008 177 051 212 000 000 000 000
0059 003 173 039 211 000 000 000 000
0060 001 189 024 220 000 000 000 000
