0000 089 196 111 218 180 176 209 206
0001 090 195 108 222 176 177 205 203
0002 088 191 105 217 178 176 207 207
0003 088 194 106 221 181 174 208 201
0004 087 195 106 222 182 166 206 200
0005 080 199 101 233 173 158 195 192
0006 071 199 097 232 162 157 185 195
0007 057 196 089 228 156 153 182 187
0008 049 201 077 228 142 147 173 169
0009 044 198 076 230 123 114 164 145
0010 107 093 149 128 045 199 077 231
0011 094 077 131 114 048 199 083 229
0012 092 062 121 097 051 199 086 230
0013 109 039 142 091 060 199 087 230
0014 122 030 155 081 054 201 087 232
0015 157 043 195 087 054 195 090 227
0016 173 076 222 111 060 195 086 225
0017 171 080 221 116 059 195 085 223
0018 167 076 214 114 058 193 082 218
0019 155 061 198 102 052 192 087 223
0020 131 039 163 090 053 195 083 227
0021 054 198 084 230 108 047 139 091
0022 089 056 114 094 059 200 089 235
0023 060 198 092 234 084 071 113 103
0024 064 198 094 237 090 063 118 095
0025 064 198 094 236 109 045 138 090
0026 129 030 165 083 064 202 092 235
0027 167 054 213 095 058 198 090 236
0028 059 197 089 233 188 083 232 116
0029 057 198 088 232 202 117 244 142
0030 054 200 089 231 187 139 224 161
0031 057 201 089 234 191 151 225 183
0032 060 199 091 237 183 169 211 196
0033 066 201 096 239 181 173 209 202
0034 067 201 096 239 178 174 205 205
0035 073 202 100 239 176 175 203 207
0036 073 201 100 239 178 177 205 206
0037 074 201 100 239 174 175 206 206
0038 074 200 099 239 174 175 206 206
0039 074 200 100 239 174 175 206 206
