0006 199 216 245 239 141 214 172 239
0007 215 158 264 200 123 164 203 221
0008 133 111 208 165 208 113 260 157
0009 138 085 207 144 203 087 245 138
0010 146 078 214 130 191 076 234 127
0011 146 076 220 127 000 000 000 000
0012 152 083 219 129 000 000 000 000
0013 157 087 218 136 000 000 000 000
0014 154 086 214 133 000 000 000 000
0015 153 086 215 133 000 000 000 000
0016 152 085 216 134 000 000 000 000
0017 151 084 215 134 000 000 000 000
0018 151 084 214 133 000 000 000 000
0019 151 085 214 133 000 000 000 000
0020 150 084 215 134 000 000 000 000
0021 147 091 216 142 000 000 000 000
0022 180 104 225 159 143 122 206 181
0023 124 202 206 239 184 146 231 198
0024 179 209 227 239 000 000 000 000
