0003 132 214 167 239 000 000 000 000
0004 116 195 149 239 000 000 000 000
0005 081 161 126 216 000 000 000 000
0006 060 143 114 188 000 000 000 000
0007 051 129 112 166 000 000 000 000
0008 049 113 102 149 000 000 000 000
0009 046 108 104 142 000 000 000 000
0010 044 103 103 140 000 000 000 000
0011 047 102 104 139 000 000 000 000
0012 048 102 106 138 000 000 000 000
0013 050 101 105 139 000 000 000 000
0014 048 104 107 139 000 000 000 000
0015 048 105 106 140 000 000 000 000
0016 049 106 105 141 000 000 000 000
0017 049 106 105 141 000 000 000 000
0018 048 106 105 141 000 000 000 000
0019 049 105 109 142 000 000 000 000
0020 049 104 102 142 000 000 000 000
0021 050 108 101 145 000 000 000 000
0022 053 128 107 172 000 000 000 000
0023 076 163 122 220 000 000 000 000
0024 105 194 142 237 000 000 000 000
0025 131 212 162 239 000 000 000 000
