0016 151 218 187 239 000 000 000 000
0017 142 216 182 237 000 000 000 000
0018 132 204 188 237 000 000 000 000
0019 138 193 185 237 000 000 000 000
0020 133 166 182 220 000 000 000 000
0021 139 133 180 199 000 000 000 000
0022 143 102 177 172 000 000 000 000
0023 140 083 174 156 000 000 000 000
0024 140 074 181 145 000 000 000 000
0025 142 067 180 142 000 000 000 000
0026 140 068 182 144 000 000 000 000
0027 140 065 182 144 000 000 000 000
0028 143 071 180 142 000 000 000 000
0029 147 073 182 149 000 000 000 000
0030 146 075 183 149 000 000 000 000
0031 147 077 183 145 000 000 000 000
0032 144 073 181 146 000 000 000 000
0033 145 074 181 150 000 000 000 000
0034 139 078 179 153 000 000 000 000
0035 142 084 181 157 000 000 000 000
0036 140 092 177 162 000 000 000 000
0037 136 126 179 177 000 000 000 000
0038 130 166 171 212 000 000 000 000
0039 128 208 175 239 000 000 000 000
