0009 159 223 190 239 000 000 000 000
0010 145 213 189 239 000 000 000 000
0011 122 206 179 239 000 000 000 000
0012 110 188 180 229 000 000 000 000
0013 102 171 172 207 000 000 000 000
0014 091 156 168 189 000 000 000 000
0015 090 150 165 180 000 000 000 000
0016 088 147 163 178 000 000 000 000
0017 085 146 162 177 000 000 000 000
0018 083 145 159 175 000 000 000 000
0019 094 146 171 178 000 000 000 000
0020 108 150 182 182 000 000 000 000
0021 118 152 188 184 000 000 000 000
0022 120 149 189 182 000 000 000 000
0023 111 148 182 183 000 000 000 000
0024 096 151 170 185 000 000 000 000
0025 078 149 155 183 000 000 000 000
0026 065 147 143 177 000 000 000 000
0027 059 147 138 175 000 000 000 000
0028 063 144 138 172 000 000 000 000
0029 066 145 145 173 000 000 000 000
0030 080 145 154 177 000 000 000 000
0031 091 144 162 177 000 000 000 000
0032 094 143 163 177 000 000 000 000
0033 085 145 155 178 000 000 000 000
0034 074 143 149 176 000 000 000 000
0035 064 142 134 174 000 000 000 000
0036 062 140 136 169 000 000 000 000
0037 061 137 136 166 000 000 000 000
0038 067 138 144 169 000 000 000 000
0039 077 138 149 169 000 000 000 000
0040 097 140 165 179 000 000 000 000
0041 107 142 168 181 000 000 000 000
0042 099 141 160 181 000 000 000 000
0043 085 142 152 181 000 000 000 000
0044 070 141 143 180 000 000 000 000
0045 063 142 134 176 000 000 000 000
0046 061 147 131 181 000 000 000 000
0047 062 157 136 196 000 000 000 000
0048 078 189 141 239 000 000 000 000
0049 107 214 150 239 000 000 000 000
0050 135 223 170 239 000 000 000 000
