0000 015 217 057 239 000 000 000 000
0001 014 217 057 239 000 000 000 000
0002 014 217 057 239 000 000 000 000
0003 015 216 057 239 000 000 000 000
0004 016 217 056 239 000 000 000 000
0005 015 216 056 239 000 000 000 000
0006 122 209 163 236 015 217 057 239
0007 125 177 170 217 015 217 057 239
0008 129 134 177 193 015 217 057 239
0009 131 098 182 166 015 217 057 239
0010 136 065 182 140 015 217 056 239
0011 137 045 181 118 014 220 057 237
0012 133 035 182 106 015 221 057 237
0013 132 033 184 102 017 220 054 239
0014 128 032 183 102 017 219 053 239
0015 126 033 184 105 015 221 057 237
0016 126 034 184 105 015 221 057 237
0017 125 033 184 105 015 221 058 237
0018 124 033 183 104 015 221 058 237
0019 124 032 183 104 016 217 057 239
0020 123 032 182 104 017 219 054 239
0021 124 028 179 105 016 217 057 239
0022 117 031 179 103 016 216 057 238
0023 122 028 178 105 016 217 057 239
0024 122 030 176 107 018 218 057 239
0025 120 032 181 108 017 218 058 239
0026 116 034 177 108 017 218 058 239
0027 117 036 177 110 017 218 058 239
0028 120 046 179 123 017 218 057 239
0029 121 065 175 143 017 218 058 239
0030 113 120 158 190 017 217 058 239
0031 109 200 146 239 016 217 057 239
0032 016 218 057 239 120 217 159 239
0033 016 218 057 239 000 000 000 000
0034 016 218 057 239 000 000 000 000
0035 017 218 057 239 000 000 000 000
0036 018 221 057 238 000 000 000 000
