0003 139 207 186 235 000 000 000 000
0004 143 190 199 237 000 000 000 000
0005 159 161 216 207 000 000 000 000
0006 169 149 237 179 000 000 000 000
0007 184 141 250 168 000 000 000 000
0008 188 133 251 163 000 000 000 000
0009 174 128 241 160 000 000 000 000
0010 164 125 233 156 000 000 000 000
0011 149 120 206 150 000 000 000 000
0012 132 117 197 149 000 000 000 000
0013 125 114 188 148 000 000 000 000
0014 124 106 186 146 000 000 000 000
0015 123 106 187 145 000 000 000 000
0016 125 108 189 145 000 000 000 000
0017 129 109 194 143 000 000 000 000
0018 139 111 198 141 000 000 000 000
0019 148 114 202 143 000 000 000 000
0020 162 117 230 149 000 000 000 000
0021 179 120 243 154 000 000 000 000
0022 176 122 241 156 000 000 000 000
0023 176 122 242 157 000 000 000 000
0024 174 123 239 158 000 000 000 000
0025 173 121 236 156 000 000 000 000
0026 171 122 233 155 000 000 000 000
0027 162 122 226 154 000 000 000 000
0028 153 122 210 151 000 000 000 000
0029 142 115 203 148 000 000 000 000
0030 135 110 197 150 000 000 000 000
0031 134 104 191 145 000 000 000 000
0032 128 106 196 144 000 000 000 000
0033 128 106 194 143 000 000 000 000
0034 134 105 192 144 000 000 000 000
0035 138 107 195 145 000 000 000 000
0036 140 110 195 142 000 000 000 000
0037 147 115 201 149 000 000 000 000
0038 157 118 211 150 000 000 000 000
0039 162 117 220 152 000 000 000 000
0040 167 117 224 152 000 000 000 000
0041 168 118 225 149 000 000 000 000
0042 165 120 226 155 000 000 000 000
0043 163 120 225 159 000 000 000 000
0044 160 127 217 166 000 000 000 000
0045 155 136 216 179 000 000 000 000
0046 150 147 212 192 000 000 000 000
0047 148 160 209 206 000 000 000 000
0048 141 175 186 231 000 000 000 000
0049 119 201 177 239 000 000 000 000
0050 118 213 171 239 000 000 000 000
0051 132 222 171 239 000 000 000 000
