0000 153 195 201 239 035 195 081 238
0001 153 195 201 239 033 197 083 239
0002 154 195 201 239 034 196 083 239
0003 154 195 201 239 034 195 083 239
0004 154 195 201 239 035 193 080 239
0005 154 195 201 239 035 190 084 239
0006 154 195 201 239 034 190 084 239
0007 153 195 201 239 033 191 082 239
0008 153 195 201 239 033 191 083 239
0009 153 195 201 239 033 191 082 239
0010 153 195 201 239 033 191 083 239
0011 153 196 201 239 030 190 081 239
0012 153 190 201 239 029 177 086 232
0013 145 177 196 239 042 163 097 214
0014 063 155 113 190 130 161 185 210
0015 119 151 175 190 072 145 127 181
0016 109 142 174 180 069 141 135 176
0017 071 141 127 176 112 141 177 178
0018 124 141 187 176 064 139 120 173
0019 048 137 098 171 153 139 202 172
0020 171 137 232 173 038 135 088 171
0021 191 135 246 167 033 134 082 168
0022 200 131 259 165 030 134 080 171
0023 204 132 260 164 029 133 075 169
0024 199 129 255 163 026 134 078 170
0025 191 127 242 168 034 131 086 173
0026 046 125 107 168 173 128 221 174
0027 049 125 121 170 154 132 216 182
0028 141 137 208 189 050 126 126 173
0029 053 130 130 180 132 142 202 196
0030 063 137 130 190 129 147 195 201
0031 057 135 132 186 129 147 194 200
0032 058 139 130 190 129 149 195 201
0033 129 149 195 200 059 136 130 189
0034 129 150 195 201 058 136 129 189
0035 130 150 195 202 058 136 129 191
0036 131 150 194 202 060 137 130 191
0037 130 151 193 203 058 139 131 192
0038 138 158 193 210 063 154 121 203
0039 045 174 110 224 146 175 195 222
0040 153 193 201 235 034 199 090 239
0041 156 204 197 237 038 211 086 239
0042 153 210 194 237 035 219 081 239
0043 153 208 196 238 035 221 081 239
0044 153 207 197 238 035 222 081 239
0045 153 206 198 238 039 224 076 239
0046 153 206 195 238 035 221 081 239
0047 154 205 196 238 041 215 084 239
0048 059 176 097 236 155 206 196 238
0049 073 155 111 218 155 205 196 237
0050 070 153 118 212 156 203 197 238
0051 071 143 117 211 155 203 197 239
0052 067 139 123 204 155 201 198 239
0053 153 186 203 235 067 140 123 203
0054 144 161 205 218 062 143 121 209
0055 144 132 206 186 057 141 120 208
0056 144 135 207 189 054 140 117 205
0057 054 136 116 200 133 149 200 184
0058 054 137 116 202 127 150 194 185
0059 116 148 184 199 053 137 113 201
0060 053 138 113 203 106 151 175 190
0061 052 138 111 201 100 153 170 190
0062 095 150 170 202 053 135 111 200
0063 052 133 109 200 088 151 160 204
0064 053 133 109 200 094 154 154 196
0065 049 138 111 202 080 154 155 214
0066 049 129 117 208 083 153 151 216
0067 048 135 106 192 074 152 147 205
0068 045 137 131 204 092 152 151 208
0069 100 154 158 212 060 153 107 209
0070 119 161 174 221 059 170 107 228
0071 055 186 112 236 137 183 196 232
0072 055 192 120 239 138 191 197 236
0073 053 194 119 239 137 192 197 237
0074 054 196 119 238 136 191 200 237
