0000 088 223 107 239 000 000 000 000
0001 087 220 106 239 188 222 208 239
0002 199 216 224 237 072 213 101 239
0003 206 182 237 231 060 187 091 213
0004 196 130 232 166 067 136 100 166
0005 076 105 112 148 179 094 223 128
0006 093 061 136 098 138 043 190 075
0007 104 048 145 083 130 029 179 059
0008 110 047 148 076 128 026 171 053
0009 113 041 150 070 132 026 172 054
0010 114 039 148 066 133 022 174 050
0011 112 034 146 062 133 025 173 053
0012 130 019 170 047 112 029 148 062
0013 130 019 171 046 111 031 147 062
0014 128 019 172 048 111 029 148 065
0015 127 019 172 048 113 030 149 061
0016 131 018 172 046 116 026 154 060
0017 130 019 172 048 115 032 150 061
0018 116 025 153 060 132 019 171 047
0019 116 025 154 060 132 019 172 047
0020 130 019 172 048 117 026 148 061
0021 128 020 168 045 117 026 148 061
0022 111 026 149 060 130 020 171 049
0023 127 021 171 047 114 029 146 064
0024 127 017 181 046 112 038 145 067
0025 098 055 138 092 145 029 186 059
0026 086 084 125 121 167 068 210 104
0027 178 122 224 166 073 129 105 163
0028 188 178 217 223 067 171 095 193
0029 070 194 100 220 187 200 216 239
0030 078 214 106 239 185 218 212 239
0031 091 222 112 239 000 000 000 000
0032 094 219 111 239 000 000 000 000
0033 094 221 111 239 180 223 206 239
0034 088 222 107 239 181 224 205 239
0035 090 221 111 239 178 223 201 239
0036 090 221 112 239 000 000 000 000
