0000 180 158 219 212 056 160 102 209
0001 176 156 220 209 057 161 101 209
0002 174 158 220 207 057 158 101 208
0003 171 158 219 208 056 158 102 208
0004 056 158 102 209 152 123 208 158
0005 057 159 102 210 139 080 187 122
0006 056 159 103 210 133 057 180 104
0007 056 158 103 210 138 052 172 094
0008 056 162 102 212 136 050 168 089
0009 056 159 103 210 132 048 170 089
0010 057 159 103 210 137 050 170 090
0011 057 159 103 209 139 043 171 085
0012 057 161 101 210 140 040 176 088
0013 141 028 186 086 057 161 101 209
0014 057 161 101 209 157 028 194 087
0015 057 160 101 210 161 030 199 090
0016 058 160 101 209 158 036 195 087
0017 058 159 103 211 151 043 192 091
0018 057 158 103 207 145 058 193 112
0019 060 157 105 209 148 108 205 149
0020 064 153 109 203 161 139 205 186
0021 066 152 110 202 168 153 215 201
0022 068 151 112 205 171 160 212 211
0023 068 153 114 202 170 162 210 209
0024 066 152 112 201 169 157 216 206
0025 066 152 113 202 169 157 217 206
0026 172 158 211 207 065 153 115 202
0027 169 156 216 207 065 154 116 202
0028 065 153 113 202 171 158 213 211
0029 065 153 113 202 169 159 212 212
0030 065 153 113 202 170 161 211 211
0031 065 154 113 202 169 159 212 212
0032 065 154 113 202 171 157 213 211
