0000 074 206 102 234 132 214 165 237
0001 075 206 103 236 132 216 164 239
0002 074 207 103 236 132 214 163 238
0003 133 213 165 238 074 206 103 236
0004 142 204 170 239 074 207 102 236
0005 074 205 103 234 142 193 175 226
0006 156 166 193 198 074 205 103 235
0007 074 207 103 236 166 137 200 172
0008 173 113 205 149 075 206 103 234
0009 177 089 209 127 075 206 103 234
0010 178 076 212 112 075 206 103 236
0011 177 068 214 102 075 205 103 234
0012 076 205 106 234 177 060 209 089
0013 075 208 105 238 174 051 205 081
0014 165 049 203 081 075 206 103 237
0015 163 047 200 079 075 206 103 237
0016 158 048 197 080 075 206 103 236
0017 158 046 193 079 075 206 104 237
0018 152 049 190 080 075 206 104 237
0019 152 047 190 080 075 206 103 236
0020 152 048 188 080 075 206 103 236
0021 150 048 189 080 075 206 103 236
0022 153 047 187 077 075 206 103 236
0023 151 048 189 083 075 206 103 236
0024 146 060 183 095 075 205 103 234
0025 147 080 179 118 074 206 103 236
0026 146 108 174 142 076 207 104 234
0027 075 207 104 234 149 130 177 170
0028 074 205 102 235 146 180 171 211
0029 074 206 102 236 142 200 170 233
0030 074 206 103 236 137 209 166 238
0031 076 208 104 235 135 211 165 238
0032 076 208 104 234 134 212 166 238
0033 076 208 104 235 134 211 166 238
0034 076 208 105 235 134 212 166 238
0035 076 208 104 234 134 211 166 238
0036 133 211 166 238 074 206 103 236
0037 073 207 103 236 134 212 167 238
0038 134 212 167 238 076 207 105 236
0039 073 206 103 236 134 211 167 238
