0008 146 217 186 236 000 000 000 000
0009 153 182 189 221 000 000 000 000
0010 158 133 198 189 000 000 000 000
0011 158 132 198 180 000 000 000 000
0012 158 118 198 167 000 000 000 000
0013 159 102 197 159 000 000 000 000
0014 157 095 195 155 000 000 000 000
0015 161 087 199 146 000 000 000 000
0016 161 072 198 133 000 000 000 000
0017 163 055 204 122 000 000 000 000
0018 166 050 206 109 000 000 000 000
0019 166 043 202 104 000 000 000 000
0020 166 039 203 100 000 000 000 000
0021 165 036 206 092 000 000 000 000
0022 166 033 206 093 000 000 000 000
0023 166 033 203 094 000 000 000 000
0024 166 033 203 092 000 000 000 000
0025 167 035 203 093 000 000 000 000
0026 166 033 207 092 000 000 000 000
0027 167 035 207 091 000 000 000 000
0028 168 038 206 089 000 000 000 000
0029 169 038 207 092 000 000 000 000
0030 168 040 207 092 000 000 000 000
0031 170 042 208 095 000 000 000 000
0032 170 042 207 092 000 000 000 000
0033 166 041 209 095 000 000 000 000
0034 171 042 208 098 000 000 000 000
0035 173 041 208 092 000 000 000 000
0036 172 039 209 098 000 000 000 000
0037 172 040 212 091 000 000 000 000
0038 174 044 209 091 000 000 000 000
0039 171 038 209 091 000 000 000 000
0040 170 040 211 091 000 000 000 000
0041 175 040 210 091 000 000 000 000
0042 174 041 213 093 000 000 000 000
0043 175 039 213 092 000 000 000 000
0044 175 040 213 092 000 000 000 000
0045 176 040 213 091 000 000 000 000
0046 176 036 215 090 000 000 000 000
0047 176 041 213 091 000 000 000 000
0048 174 038 212 094 000 000 000 000
0049 175 041 210 092 000 000 000 000
0050 174 042 210 091 000 000 000 000
0051 175 045 210 093 000 000 000 000
0052 171 044 212 093 000 000 000 000
0053 174 046 209 092 000 000 000 000
0054 175 045 212 095 000 000 000 000
0055 176 044 211 091 000 000 000 000
0056 176 044 211 093 000 000 000 000
0057 178 048 212 092 000 000 000 000
0058 178 044 214 096 000 000 000 000
0059 179 046 212 092 000 000 000 000
0060 179 046 213 094 000 000 000 000
0061 180 047 213 093 000 000 000 000
0062 174 043 217 095 000 000 000 000
0063 179 041 219 098 000 000 000 000
0064 182 048 222 102 000 000 000 000
0065 182 048 220 101 000 000 000 000
0066 182 047 218 100 000 000 000 000
0067 183 048 220 099 000 000 000 000
0068 183 049 221 102 000 000 000 000
0069 186 051 224 104 000 000 000 000
0070 185 050 224 105 000 000 000 000
0071 187 053 225 104 000 000 000 000
0072 189 050 228 105 000 000 000 000
0073 190 053 230 108 000 000 000 000
0074 190 053 230 105 000 000 000 000
0075 190 052 228 106 000 000 000 000
0076 190 049 229 106 000 000 000 000
0077 190 052 229 105 000 000 000 000
0078 189 052 231 110 000 000 000 000
0079 189 050 231 106 000 000 000 000
0080 189 053 230 107 000 000 000 000
0081 189 054 229 107 000 000 000 000
0082 188 056 228 109 000 000 000 000
0083 189 056 229 107 000 000 000 000
0084 189 054 229 106 000 000 000 000
0085 189 053 229 107 000 000 000 000
0086 188 053 228 106 000 000 000 000
0087 186 049 229 109 000 000 000 000
0088 187 050 227 106 000 000 000 000
0089 188 054 229 109 000 000 000 000
0090 188 053 227 108 000 000 000 000
0091 186 055 226 110 000 000 000 000
0092 183 061 218 116 000 000 000 000
0093 167 099 210 156 000 000 000 000
0094 149 164 191 207 000 000 000 000
0095 146 218 177 239 000 000 000 000
