0000 239 192 271 233 159 185 183 223
0001 238 191 270 233 160 185 182 222
0002 239 192 270 234 159 185 181 227
0003 239 192 270 234 159 184 181 224
0004 238 192 270 234 159 185 181 225
0005 238 192 269 234 159 186 181 226
0006 238 192 269 233 160 186 182 231
0007 238 192 269 233 158 184 180 229
0008 238 192 269 233 146 183 168 225
0009 238 191 270 233 123 181 150 223
0010 239 190 271 233 095 169 127 206
0011 240 189 276 231 070 155 105 183
0012 242 190 277 231 054 134 092 158
0013 242 189 278 231 043 120 084 141
0014 242 190 278 231 035 104 077 127
0015 242 189 277 230 034 099 080 121
0016 031 095 075 116 242 189 277 230
0017 029 091 075 113 241 188 277 230
0018 028 086 076 110 240 189 276 230
0019 025 087 080 112 241 190 274 229
0020 239 189 275 230 031 096 077 119
0021 239 190 271 233 038 115 085 137
0022 239 190 271 233 047 128 086 150
0023 239 190 271 232 061 143 097 170
0024 241 190 272 232 074 159 109 190
0025 241 189 275 229 076 158 109 189
0026 242 187 274 230 068 150 103 181
0027 242 188 275 231 052 138 095 163
0028 045 119 084 139 242 189 274 231
0029 036 099 076 119 241 189 273 229
0030 033 086 073 106 240 189 273 229
0031 242 190 274 233 028 072 076 096
0032 029 075 070 096 242 191 273 229
0033 034 091 076 113 240 189 276 230
0034 047 118 086 138 241 192 272 233
0035 059 137 096 163 240 192 272 233
0036 240 189 276 230 068 148 102 180
0037 071 155 105 189 241 190 276 229
0038 072 153 103 186 241 190 276 229
0039 243 188 275 231 076 149 104 172
0040 241 192 274 231 086 151 114 178
0041 241 192 275 232 107 159 132 189
0042 240 191 272 234 128 171 153 207
0043 240 190 271 233 142 184 164 216
0044 239 191 271 233 153 188 174 221
0045 240 192 272 234 156 186 176 219
