0000 182 224 201 239 000 000 000 000
0001 182 218 202 239 000 000 000 000
0002 181 223 202 239 000 000 000 000
0003 179 221 198 239 000 000 000 000
0004 181 221 198 239 000 000 000 000
0005 178 218 197 239 000 000 000 000
0006 183 216 207 239 102 209 122 235
0007 232 176 257 219 107 184 128 214
0008 099 098 126 138 237 089 281 128
0009 102 054 131 089 200 023 227 056
0010 108 046 135 077 142 028 176 053
0011 120 044 164 066 108 048 135 081
0012 109 054 138 082 122 049 164 067
0013 112 058 138 085 120 050 155 070
0014 108 054 135 083 122 049 156 068
0015 111 056 136 084 119 048 155 069
0016 112 052 140 085 118 049 158 071
0017 110 055 135 085 119 049 156 070
0018 118 049 154 071 109 055 135 085
0019 119 049 159 071 107 055 132 083
0020 118 049 158 071 109 055 136 085
0021 112 052 141 082 118 048 169 074
0022 112 052 142 082 123 050 159 069
0023 120 050 159 071 111 054 139 083
0024 109 056 136 084 116 049 159 069
0025 117 049 158 069 107 054 134 083
0026 121 049 159 072 111 058 135 085
0027 112 053 139 083 119 048 161 072
0028 110 060 135 087 130 044 168 066
0029 084 072 112 111 178 048 208 077
0030 066 129 097 168 225 083 255 116
0031 081 213 103 237 222 181 252 220
0032 182 203 207 235 091 222 111 238
0033 087 217 107 235 178 215 194 236
