0000 232 206 264 239 000 000 000 000
0001 222 185 252 224 000 000 000 000
0002 196 163 234 202 000 000 000 000
0003 175 154 222 187 000 000 000 000
0004 162 148 210 179 000 000 000 000
0005 155 146 203 175 075 216 101 236
0006 150 144 201 173 076 209 107 238
0007 081 197 117 235 149 143 200 173
0008 087 183 128 225 147 143 193 171
0009 093 175 135 218 147 144 195 173
0010 100 165 144 208 147 144 195 173
0011 102 156 150 196 147 144 197 173
0012 110 150 157 184 150 142 195 172
0013 155 144 192 173 115 141 159 176
0014 118 142 161 176 156 142 193 172
0015 124 146 169 178 154 140 193 172
0016 147 141 193 171 125 158 167 189
0017 145 141 194 170 126 161 167 196
0018 143 139 196 169 124 164 163 201
0019 119 161 161 197 146 143 195 171
0020 147 143 194 171 117 155 162 193
0021 152 143 192 171 113 144 162 178
0022 151 142 192 171 111 137 157 173
0023 106 134 150 169 146 143 193 171
0024 106 135 149 168 146 142 194 172
0025 147 142 194 172 107 139 151 171
0026 109 144 150 177 146 142 195 171
0027 109 147 152 184 145 142 195 171
0028 145 142 195 172 110 149 152 189
0029 109 148 156 185 146 141 195 170
0030 108 145 157 177 148 141 194 171
0031 105 137 151 170 147 141 195 171
0032 145 143 194 172 105 128 145 161
0033 144 143 195 172 105 124 144 155
0034 143 144 193 172 102 118 141 151
0035 144 144 193 172 104 117 145 146
0036 144 145 193 174 107 117 148 145
0037 145 144 194 175 111 125 150 153
0038 145 145 194 177 112 131 152 160
0039 146 147 195 178 113 134 153 163
0040 144 150 194 180 117 132 163 160
0041 145 150 194 181 116 126 163 156
0042 118 120 160 154 144 149 194 180
0043 119 116 160 149 143 149 193 181
0044 143 149 194 181 123 113 159 145
0045 143 150 194 181 127 117 163 145
0046 144 151 193 181 134 125 170 149
0047 144 151 194 182 136 132 175 155
0048 141 153 193 182 140 133 178 154
0049 145 155 194 184 141 134 182 155
0050 142 159 191 184 146 135 186 161
0051 144 158 196 186 145 136 193 163
0052 149 159 196 189 144 131 191 160
0053 140 137 177 161 159 161 206 193
0054 165 163 209 197 130 143 169 173
0055 123 157 165 192 176 168 214 207
0056 181 177 221 216 118 171 156 205
0057 183 182 222 222 115 178 147 215
0058 184 188 222 228 110 189 141 228
0059 106 193 140 233 182 187 222 228
0060 106 198 145 236 185 189 223 229
0061 186 194 222 233 109 202 146 236
0062 110 203 146 236 186 195 222 234
0063 109 203 146 236 186 196 222 234
0064 110 203 146 236 187 195 224 233
0065 110 203 146 236 187 197 224 234
0066 110 203 146 236 187 197 224 234
0067 110 203 146 236 187 197 224 234
