0000 141 217 173 238 000 000 000 000
0001 144 215 180 237 000 000 000 000
0002 151 213 184 238 000 000 000 000
0003 158 208 191 238 000 000 000 000
0004 161 202 201 239 000 000 000 000
0005 165 193 214 239 000 000 000 000
0006 171 182 221 233 000 000 000 000
0007 175 173 227 222 000 000 000 000
0008 176 163 229 208 000 000 000 000
0009 178 160 226 202 000 000 000 000
0010 178 158 226 199 000 000 000 000
0011 176 154 220 194 000 000 000 000
0012 177 153 219 189 000 000 000 000
0013 176 149 221 186 000 000 000 000
0014 178 144 224 182 000 000 000 000
0015 178 139 227 177 000 000 000 000
0016 181 132 230 171 000 000 000 000
0017 183 126 231 166 000 000 000 000
0018 184 124 232 165 000 000 000 000
0019 185 124 231 164 000 000 000 000
0020 186 121 231 162 000 000 000 000
0021 186 121 231 161 000 000 000 000
0022 186 121 230 161 000 000 000 000
0023 187 120 231 161 000 000 000 000
0024 189 120 232 160 000 000 000 000
0025 189 119 234 160 000 000 000 000
0026 188 119 234 161 000 000 000 000
0027 189 119 234 160 000 000 000 000
0028 189 119 235 161 000 000 000 000
0029 189 120 235 161 000 000 000 000
0030 188 123 234 163 000 000 000 000
0031 188 124 232 164 000 000 000 000
0032 187 124 233 164 000 000 000 000
0033 188 124 233 164 000 000 000 000
0034 188 124 233 164 000 000 000 000
0035 189 124 233 163 000 000 000 000
0036 188 125 233 162 000 000 000 000
0037 187 125 233 162 000 000 000 000
0038 188 123 235 162 000 000 000 000
0039 187 122 235 162 000 000 000 000
0040 189 121 236 162 000 000 000 000
0041 189 120 237 161 000 000 000 000
0042 190 119 237 161 000 000 000 000
0043 191 120 238 160 000 000 000 000
0044 192 120 239 159 000 000 000 000
0045 193 119 240 159 000 000 000 000
0046 194 118 242 159 000 000 000 000
0047 194 118 242 159 000 000 000 000
0048 192 119 241 157 000 000 000 000
0049 189 120 244 160 000 000 000 000
0050 192 119 241 158 000 000 000 000
0051 192 119 240 159 000 000 000 000
0052 192 119 240 159 000 000 000 000
0053 191 119 240 160 000 000 000 000
0054 191 119 240 160 000 000 000 000
0055 192 119 240 159 000 000 000 000
0056 191 123 240 162 000 000 000 000
0057 187 131 233 171 000 000 000 000
0058 178 153 218 192 000 000 000 000
0059 164 179 196 231 000 000 000 000
0060 151 197 187 237 000 000 000 000
0061 143 212 181 239 000 000 000 000
0062 145 217 180 239 000 000 000 000
0063 145 217 180 236 000 000 000 000
0064 144 216 181 239 000 000 000 000
