0002 172 196 233 236 000 000 000 000
0003 165 178 227 219 000 000 000 000
0004 149 153 211 190 137 135 181 184
0005 138 148 190 178 000 000 000 000
0006 105 139 173 174 000 000 000 000
0007 086 139 154 166 000 000 000 000
0008 063 132 131 160 000 000 000 000
0009 055 131 124 158 000 000 000 000
0010 049 126 116 154 000 000 000 000
0011 048 124 112 152 000 000 000 000
0012 047 126 114 153 000 000 000 000
0013 048 125 117 155 000 000 000 000
0014 057 130 122 158 000 000 000 000
0015 067 132 133 159 000 000 000 000
0016 095 136 158 165 000 000 000 000
0017 121 134 177 161 000 000 000 000
0018 147 134 196 164 000 000 000 000
0019 158 133 216 162 000 000 000 000
0020 170 130 239 159 000 000 000 000
0021 184 128 253 158 000 000 000 000
0022 192 127 261 157 000 000 000 000
0023 196 122 264 154 000 000 000 000
0024 190 127 258 158 000 000 000 000
0025 176 130 242 160 000 000 000 000
0026 159 133 224 163 000 000 000 000
0027 148 134 207 164 000 000 000 000
0028 127 134 182 164 000 000 000 000
0029 104 131 166 159 000 000 000 000
0030 090 130 152 157 000 000 000 000
0031 079 124 142 153 000 000 000 000
0032 070 126 132 151 000 000 000 000
0033 065 123 130 150 000 000 000 000
0034 066 124 128 151 000 000 000 000
0035 063 126 129 153 000 000 000 000
0036 070 126 135 154 000 000 000 000
0037 080 131 147 157 000 000 000 000
0038 101 131 165 161 000 000 000 000
0039 121 135 181 163 000 000 000 000
0040 152 135 213 167 000 000 000 000
0041 167 136 236 167 000 000 000 000
0042 185 140 250 170 000 000 000 000
0043 189 139 256 169 000 000 000 000
0044 194 142 261 173 000 000 000 000
0045 200 145 260 183 000 000 000 000
0046 204 158 250 203 000 000 000 000
0047 214 199 258 238 000 000 000 000
