0000 189 199 212 234 100 214 125 239
0001 189 200 212 235 100 214 125 239
0002 189 200 212 235 100 214 125 239
0003 188 198 213 235 104 208 133 237
0004 188 195 211 229 124 191 161 222
0005 149 157 188 186 174 185 199 217
0006 128 155 175 190 171 134 207 163
0007 117 134 163 170 174 121 210 148
0008 119 106 164 136 169 098 198 128
0009 117 104 159 134 166 095 194 123
0010 114 131 160 170 171 115 207 143
0011 122 139 163 177 170 126 208 154
0012 112 126 159 162 171 114 206 140
0013 124 104 161 132 170 098 197 128
0014 112 118 155 144 168 104 197 132
0015 119 141 159 179 169 125 206 150
0016 112 125 156 161 167 115 203 141
0017 119 106 157 133 169 098 196 127
0018 115 124 159 156 168 110 199 138
0019 117 134 158 169 168 122 204 147
0020 117 132 158 166 165 118 203 145
0021 118 133 158 167 169 120 206 145
0022 118 133 158 167 171 119 203 145
0023 117 137 159 171 167 125 202 150
0024 122 157 166 194 167 130 199 160
0025 152 156 186 183 161 191 185 223
0026 185 195 210 234 126 193 161 222
0027 192 199 214 235 106 206 134 238
0028 191 198 213 234 094 213 120 239
0029 188 197 211 234 093 213 118 239
0030 187 198 212 234 095 214 120 239
0031 188 198 210 234 100 214 125 239
0032 184 197 208 235 101 214 126 239
