0000 153 199 175 236 074 201 099 229
0001 156 200 180 235 040 188 068 209
0002 022 157 056 181 156 200 181 236
0003 017 083 053 115 158 203 183 239
0004 042 045 069 083 153 208 178 239
0005 069 034 094 075 151 204 176 239
0006 144 205 173 239 092 040 120 075
0007 145 205 172 239 101 049 133 084
0008 144 204 173 239 111 063 142 090
0009 148 203 177 239 107 060 141 089
0010 096 040 124 070 152 205 178 239
0011 079 032 104 070 158 207 184 239
0012 062 032 084 068 157 205 183 239
0013 048 036 074 076 157 204 184 239
0014 042 046 069 086 153 203 188 237
0015 040 056 068 102 156 206 182 239
0016 150 204 178 239 047 111 075 143
0017 148 203 177 239 061 154 082 178
0018 144 203 173 239 072 171 096 200
0019 086 190 109 226 145 203 172 238
