0000 169 211 190 238 099 213 125 236
0001 169 212 190 239 099 216 124 239
0002 169 212 190 239 101 218 130 239
0003 168 210 193 237 101 218 130 239
0004 168 210 192 237 101 218 130 239
0005 167 209 192 237 100 214 126 237
0006 167 210 192 237 100 214 126 237
0007 167 210 192 237 100 214 126 237
0008 167 209 192 237 100 216 127 239
0009 171 211 193 238 099 217 127 239
0010 189 196 217 229 099 217 127 239
0011 211 144 243 174 098 213 125 237
0012 200 084 229 121 099 214 125 236
0013 182 065 208 096 100 216 126 237
0014 179 065 204 096 100 213 126 236
0015 176 061 201 092 101 215 126 237
0016 176 061 202 090 098 217 125 239
0017 177 061 203 093 096 210 128 238
0018 180 059 204 088 098 213 122 238
0019 182 063 209 094 098 213 125 236
0020 199 092 227 129 100 216 125 238
0021 196 160 235 197 100 214 125 237
0022 196 200 221 230 099 214 123 238
0023 099 214 123 236 174 209 201 236
0024 167 212 189 238 098 213 121 239
