0000 096 209 138 237 000 000 000 000
0001 097 210 138 236 000 000 000 000
0002 095 209 138 237 000 000 000 000
0003 095 196 135 235 000 000 000 000
0004 093 165 140 208 000 000 000 000
0005 094 130 144 164 000 000 000 000
0006 094 097 144 132 000 000 000 000
0007 089 088 146 113 000 000 000 000
0008 094 082 145 106 000 000 000 000
0009 095 083 145 108 000 000 000 000
0010 091 082 146 109 000 000 000 000
0011 091 083 146 111 000 000 000 000
0012 090 081 145 109 000 000 000 000
0013 091 082 145 110 000 000 000 000
0014 089 091 140 120 000 000 000 000
0015 100 105 142 140 000 000 000 000
0016 093 150 137 185 000 000 000 000
0017 092 195 134 229 000 000 000 000
0018 094 215 134 238 000 000 000 000
0019 093 212 133 238 000 000 000 000
0020 093 211 133 238 000 000 000 000
0021 092 212 134 239 000 000 000 000
0022 093 211 134 238 000 000 000 000
