0000 123 204 164 237 000 000 000 000
0001 124 201 166 238 000 000 000 000
0002 126 195 170 236 000 000 000 000
0003 128 181 175 228 000 000 000 000
0004 145 136 185 178 000 000 000 000
0005 159 099 195 145 000 000 000 000
0006 167 068 207 120 000 000 000 000
0007 176 056 211 108 000 000 000 000
0008 179 062 212 109 000 000 000 000
0009 171 080 207 131 000 000 000 000
0010 160 103 202 152 000 000 000 000
0011 145 131 192 172 000 000 000 000
0012 133 132 183 169 000 000 000 000
0013 133 125 176 162 000 000 000 000
0014 136 107 179 145 000 000 000 000
0015 145 088 187 129 000 000 000 000
0016 150 086 189 130 000 000 000 000
0017 156 067 190 118 000 000 000 000
0018 157 063 193 113 000 000 000 000
0019 162 060 199 111 000 000 000 000
0020 168 074 205 123 000 000 000 000
0021 172 103 212 152 000 000 000 000
0022 170 132 209 178 000 000 000 000
0023 157 149 199 198 000 000 000 000
0024 152 151 193 198 000 000 000 000
0025 138 148 185 188 000 000 000 000
0026 126 125 178 164 000 000 000 000
0027 130 107 169 142 000 000 000 000
0028 127 085 175 129 000 000 000 000
0029 131 074 176 116 000 000 000 000
0030 144 066 183 117 000 000 000 000
0031 153 065 188 115 000 000 000 000
0032 155 065 196 116 000 000 000 000
0033 161 080 198 131 000 000 000 000
0034 164 119 200 176 000 000 000 000
0035 155 142 196 189 000 000 000 000
0036 139 150 184 190 000 000 000 000
0037 120 141 171 178 000 000 000 000
0038 117 121 164 160 000 000 000 000
0039 119 105 163 145 000 000 000 000
0040 119 098 164 141 000 000 000 000
0041 120 099 164 142 000 000 000 000
0042 119 105 162 148 000 000 000 000
0043 109 131 159 170 000 000 000 000
0044 111 159 157 198 000 000 000 000
0045 109 180 154 230 000 000 000 000
0046 112 203 152 236 000 000 000 000
0047 114 211 158 239 000 000 000 000
