0004 157 180 214 238 000 000 000 000
0005 182 119 232 172 000 000 000 000
0006 193 105 243 156 000 000 000 000
0007 170 092 234 152 000 000 000 000
0008 177 078 236 144 000 000 000 000
0009 188 081 240 143 000 000 000 000
0010 200 097 240 169 000 000 000 000
0011 182 100 237 161 000 000 000 000
0012 194 096 240 157 000 000 000 000
0013 200 109 251 157 000 000 000 000
0014 182 112 237 171 000 000 000 000
0015 184 109 232 174 000 000 000 000
0016 190 117 251 162 000 000 000 000
0017 198 119 240 187 000 000 000 000
0018 183 101 238 183 000 000 000 000
0019 202 109 242 181 000 000 000 000
0020 178 123 233 183 000 000 000 000
0021 174 159 227 223 000 000 000 000
0022 170 182 221 238 000 000 000 000
0023 170 208 211 239 000 000 000 000
0024 168 221 201 239 000 000 000 000
