0004 107 224 125 239 000 000 000 000
0005 094 220 121 238 000 000 000 000
0006 072 200 099 234 000 000 000 000
0007 053 169 084 204 000 000 000 000
0008 050 155 079 186 000 000 000 000
0009 056 159 086 191 000 000 000 000
0010 058 169 086 198 000 000 000 000
0011 061 170 087 203 000 000 000 000
0012 070 186 098 222 000 000 000 000
0013 079 202 105 239 225 221 252 239
0014 088 212 115 237 254 178 299 209
0015 261 101 308 144 095 219 121 239
0016 246 028 283 079 106 224 130 239
0017 218 006 263 063 106 223 132 239
0018 195 009 238 059 000 000 000 000
0019 193 011 234 062 000 000 000 000
0020 194 011 235 062 105 223 131 239
0021 195 010 236 059 000 000 000 000
0022 194 011 235 061 105 224 131 239
0023 182 011 228 060 000 000 000 000
0024 160 018 202 062 000 000 000 000
0025 141 034 183 072 000 000 000 000
0026 139 041 181 077 000 000 000 000
0027 148 023 192 066 000 000 000 000
0028 183 021 225 059 105 225 132 239
0029 220 010 253 055 105 224 130 239
0030 252 028 287 075 000 000 000 000
0031 262 046 297 086 000 000 000 000
0032 260 047 302 092 000 000 000 000
0033 257 044 300 090 000 000 000 000
0034 256 042 299 088 000 000 000 000
0035 253 042 296 089 000 000 000 000
0036 253 045 294 095 000 000 000 000
0037 253 084 292 132 000 000 000 000
0038 248 162 287 195 000 000 000 000
0039 226 214 259 238 000 000 000 000
0041 105 223 130 239 000 000 000 000
0042 105 224 129 239 000 000 000 000
0043 105 224 129 239 000 000 000 000
0044 105 223 129 239 000 000 000 000
0045 105 223 130 239 000 000 000 000
