0000 127 208 158 239 067 209 098 234
0001 063 210 103 239 126 209 156 238
0002 064 210 103 238 126 209 156 238
0003 064 210 103 238 126 207 156 238
0004 065 209 100 237 124 208 157 239
0005 126 194 157 228 067 210 098 235
0006 063 211 103 239 127 181 156 211
0007 064 210 103 238 127 151 157 184
0008 130 134 162 176 067 210 099 235
0009 133 119 166 168 066 207 099 234
0010 132 116 174 164 067 207 098 235
0011 136 105 171 156 064 211 103 239
0012 137 106 174 152 067 210 098 234
0013 135 106 176 152 066 207 099 233
0014 133 111 176 152 065 211 103 238
0015 136 106 177 151 068 208 098 238
0016 137 105 178 149 065 208 098 235
0017 138 109 177 152 067 209 099 234
0018 138 110 178 153 065 211 103 238
0019 138 110 178 154 065 207 099 235
0020 138 108 179 154 068 208 098 238
0021 139 108 179 153 064 208 098 235
0022 139 109 176 155 065 208 098 235
0023 130 125 165 169 067 209 098 234
0024 130 155 158 192 068 207 100 239
0025 128 178 157 214 066 209 098 234
0026 125 191 154 222 067 207 098 234
0027 125 194 154 223 064 208 099 235
0028 123 201 153 227 064 208 098 235
0029 122 208 154 234 064 208 098 235
0030 068 207 101 235 122 208 155 234
0031 064 210 103 238 122 209 154 235
0032 123 208 154 234 064 211 102 238
