0000 121 222 142 239 000 000 000 000
0001 120 221 145 239 000 000 000 000
0002 120 220 144 239 000 000 000 000
0003 121 220 144 239 000 000 000 000
0004 122 221 146 239 195 223 225 239
0005 122 222 147 239 000 000 000 000
0006 122 221 147 239 000 000 000 000
0007 122 222 147 239 000 000 000 000
0008 124 219 148 239 199 224 228 239
0009 123 220 148 239 000 000 000 000
0010 121 221 138 239 000 000 000 000
0011 111 222 133 239 000 000 000 000
0012 075 205 102 236 000 000 000 000
0013 040 171 080 200 284 181 315 222
0014 033 116 074 149 290 123 317 152
0015 047 062 086 106 282 055 317 101
0016 256 019 293 070 066 035 105 077
0017 087 022 128 064 222 010 264 053
0018 110 021 146 056 193 012 242 048
0019 125 017 159 056 172 019 222 047
0020 164 028 212 053 133 018 163 054
0021 137 020 167 056 155 030 211 057
0022 140 021 168 057 159 034 202 055
0023 140 022 169 059 161 033 205 058
0024 140 022 168 059 157 034 204 057
0025 140 022 170 058 155 034 205 057
0026 140 021 170 057 156 034 204 057
0027 140 021 170 058 157 034 204 057
0028 140 021 171 058 156 034 205 057
0029 140 021 171 058 155 034 205 058
0030 140 021 170 058 154 034 205 059
0031 136 023 168 061 158 037 205 056
0032 120 035 157 076 164 041 220 067
0033 104 062 143 105 193 067 235 096
0034 191 110 236 146 099 097 129 135
0035 099 162 127 191 194 175 236 218
0036 110 207 142 237 199 220 230 239
0037 121 217 147 239 000 000 000 000
0038 121 221 147 239 197 224 226 239
0039 120 220 142 237 204 225 233 239
