0000 163 203 205 235 091 212 134 239
0001 166 200 208 233 090 213 132 239
0002 176 178 227 225 091 214 134 239
0003 204 153 255 198 092 214 134 239
0004 214 125 272 173 092 214 134 239
0005 232 104 285 157 092 214 134 239
0006 244 090 291 143 091 213 134 239
0007 246 083 300 135 092 214 134 239
0008 250 081 305 134 092 214 135 239
0009 252 083 307 136 092 213 134 239
0010 251 086 308 140 092 213 134 239
0011 251 088 307 141 092 213 135 239
0012 251 088 307 141 091 214 134 239
0013 252 089 307 141 092 214 133 239
0014 252 089 307 140 092 214 133 239
0015 252 088 307 140 092 214 133 239
0016 253 086 306 138 092 214 133 239
0017 252 084 305 134 092 214 133 239
0018 245 080 303 131 091 214 133 239
0019 236 074 287 120 091 213 133 239
0020 228 075 276 118 091 213 133 239
0021 219 087 262 130 091 213 132 239
0022 212 108 256 154 092 213 133 239
0023 207 133 249 170 092 213 132 239
0024 200 160 237 195 091 212 132 239
0025 183 182 219 216 091 212 132 239
0026 166 194 203 225 091 212 133 239
0027 160 208 197 237 091 212 132 239
0028 159 208 196 237 091 212 132 239
0029 158 208 196 237 091 212 132 239
0030 158 209 196 237 091 211 132 239
0031 158 208 196 238 091 211 132 239
