0008 124 224 168 239 000 000 000 000
0009 123 212 163 239 000 000 000 000
0010 123 197 170 239 000 000 000 000
0011 125 176 174 239 000 000 000 000
0012 125 157 167 225 000 000 000 000
0013 131 142 169 212 000 000 000 000
0014 129 131 171 205 000 000 000 000
0015 131 129 174 204 000 000 000 000
0016 133 129 173 202 000 000 000 000
0017 134 128 172 201 000 000 000 000
0018 133 130 172 203 000 000 000 000
0019 132 128 175 206 000 000 000 000
0020 131 132 173 205 000 000 000 000
0021 132 133 173 205 000 000 000 000
0022 131 132 173 205 000 000 000 000
0023 131 133 172 205 000 000 000 000
0024 130 133 171 203 000 000 000 000
0025 131 132 171 203 000 000 000 000
0026 131 130 172 203 000 000 000 000
0027 130 132 172 206 000 000 000 000
0028 131 138 172 211 000 000 000 000
0029 130 152 168 217 000 000 000 000
0030 126 169 167 230 000 000 000 000
0031 125 203 167 237 000 000 000 000
0032 124 217 167 239 000 000 000 000
