0002 113 218 151 239 000 000 000 000
0003 119 193 158 236 000 000 000 000
0004 126 167 170 227 000 000 000 000
0005 127 154 178 216 000 000 000 000
0006 132 143 185 206 000 000 000 000
0007 129 134 187 203 000 000 000 000
0008 133 129 187 198 000 000 000 000
0009 130 128 186 195 000 000 000 000
0010 133 124 190 196 000 000 000 000
0011 134 123 190 191 000 000 000 000
0012 133 118 189 190 000 000 000 000
0013 133 116 190 189 000 000 000 000
0014 134 116 190 188 000 000 000 000
0015 134 117 190 188 000 000 000 000
0016 135 113 189 185 000 000 000 000
0017 134 118 191 187 000 000 000 000
0018 132 116 191 187 000 000 000 000
0019 134 114 192 188 000 000 000 000
0020 134 113 194 187 000 000 000 000
0021 132 112 193 189 000 000 000 000
0022 139 113 190 184 000 000 000 000
0023 137 111 189 182 000 000 000 000
0024 137 109 191 176 000 000 000 000
0025 137 108 191 174 000 000 000 000
0026 137 106 190 173 000 000 000 000
0027 137 104 190 173 000 000 000 000
0028 137 104 190 172 000 000 000 000
0029 138 105 190 173 000 000 000 000
0030 138 106 191 174 000 000 000 000
0031 137 106 191 175 000 000 000 000
0032 138 107 192 175 000 000 000 000
0033 138 107 193 175 000 000 000 000
0034 138 106 192 173 000 000 000 000
0035 138 107 193 173 000 000 000 000
0036 138 105 192 172 000 000 000 000
0037 138 106 192 172 000 000 000 000
0038 138 107 191 172 000 000 000 000
0039 137 109 192 175 000 000 000 000
0040 138 109 194 175 000 000 000 000
0041 138 107 190 177 000 000 000 000
0042 138 108 190 175 000 000 000 000
0043 138 107 192 175 000 000 000 000
0044 137 108 192 175 000 000 000 000
0045 137 107 192 176 000 000 000 000
0046 137 107 191 175 000 000 000 000
0047 137 107 191 174 000 000 000 000
0048 136 108 191 174 000 000 000 000
0049 136 106 192 174 000 000 000 000
0050 136 108 191 174 000 000 000 000
0051 136 108 191 174 000 000 000 000
0052 135 107 192 175 000 000 000 000
0053 134 108 192 175 000 000 000 000
0054 134 108 193 175 000 000 000 000
0055 135 109 192 175 000 000 000 000
0056 134 108 192 176 000 000 000 000
0057 134 109 193 176 000 000 000 000
0058 136 110 192 176 000 000 000 000
0059 136 110 192 176 000 000 000 000
0060 136 109 191 175 000 000 000 000
0061 136 108 191 174 000 000 000 000
0062 137 107 189 176 000 000 000 000
0063 137 106 190 173 000 000 000 000
0064 137 108 193 177 000 000 000 000
0065 138 108 193 176 000 000 000 000
0066 137 107 190 173 000 000 000 000
0067 138 106 192 173 000 000 000 000
0068 138 107 191 173 000 000 000 000
0069 138 106 191 173 000 000 000 000
0070 140 106 195 172 000 000 000 000
0071 142 106 196 174 000 000 000 000
0072 138 106 196 174 000 000 000 000
0073 142 107 197 174 000 000 000 000
0074 143 106 197 173 000 000 000 000
0075 142 107 197 174 000 000 000 000
0076 143 107 197 173 000 000 000 000
0077 142 107 197 173 000 000 000 000
0078 138 107 196 173 000 000 000 000
0079 138 111 198 174 000 000 000 000
0080 137 111 195 179 000 000 000 000
0081 137 129 194 192 000 000 000 000
0082 125 169 174 219 000 000 000 000
0083 118 207 156 237 000 000 000 000
