0000 195 158 233 197 000 000 000 000
0001 198 158 234 197 000 000 000 000
0002 199 159 237 199 000 000 000 000
0003 200 159 238 199 126 210 172 239
0004 124 188 178 230 200 159 238 199
0005 199 158 238 198 115 143 173 184
0006 198 158 238 199 117 103 163 152
0007 112 076 160 130 200 158 238 198
0008 112 064 162 120 199 158 238 199
0009 114 055 164 111 199 159 238 199
0010 114 051 165 109 199 158 238 199
0011 111 056 164 110 201 158 238 199
0012 113 060 161 109 200 158 238 199
0013 112 063 163 112 200 159 238 200
0014 111 060 167 111 200 159 238 199
0015 114 058 164 113 200 158 238 199
0016 114 059 164 113 200 159 238 199
0017 122 062 163 107 200 159 238 199
0018 115 065 165 110 200 159 238 199
0019 113 062 170 111 200 159 238 199
0020 114 059 165 112 200 159 238 199
0021 114 062 167 110 201 159 238 199
0022 115 064 166 110 201 159 238 199
0023 201 160 239 199 116 062 168 107
0024 114 060 166 107 202 160 239 200
0025 115 060 167 106 202 160 239 199
0026 201 159 239 200 116 063 163 108
0027 122 065 162 107 201 160 239 200
0028 115 059 165 107 201 159 239 200
0029 114 059 166 108 201 159 239 199
0030 201 160 239 199 116 061 168 107
0031 122 064 162 107 201 159 238 199
0032 121 061 165 111 201 159 239 199
0033 120 080 167 129 201 158 238 199
0034 197 157 239 199 118 139 171 187
0035 125 192 169 238 194 158 233 197
0036 195 160 233 197 127 213 166 239
0037 193 160 234 198 000 000 000 000
0038 193 160 233 198 000 000 000 000
0039 193 160 233 198 000 000 000 000
0040 193 159 232 197 000 000 000 000
0041 194 159 232 196 000 000 000 000
