0000 234 220 264 237 141 215 164 239
0001 234 220 265 237 141 216 164 239
0002 234 220 265 237 141 216 164 239
0003 234 220 265 237 141 216 164 239
0004 234 221 265 237 141 218 168 239
0005 232 220 266 237 142 213 165 239
0006 231 216 264 237 139 214 163 239
0007 142 206 166 235 226 213 258 239
0008 142 188 172 219 219 194 252 233
0009 211 182 244 218 143 175 179 205
0010 203 151 240 189 140 147 187 178
0011 196 145 239 180 143 142 187 174
0012 192 141 238 176 150 144 189 173
0013 191 139 236 176 151 143 191 173
0014 192 140 237 177 152 144 192 175
0015 193 139 242 177 151 144 188 173
0016 201 135 254 171 140 140 182 171
0017 123 139 170 169 211 130 262 170
0018 227 125 280 165 114 134 154 165
0019 230 124 282 166 110 131 150 163
0020 228 125 281 169 111 131 151 164
0021 222 129 271 170 117 135 159 166
0022 126 138 172 168 208 133 257 171
0023 199 139 245 177 140 141 184 172
0024 196 137 243 177 146 145 187 173
0025 197 136 244 177 144 144 186 175
0026 127 142 171 174 206 136 253 173
0027 221 131 272 171 113 137 157 170
0028 245 130 289 166 106 137 140 167
0029 097 132 130 165 256 128 296 165
0030 094 132 129 162 254 128 295 166
0031 253 128 292 165 099 129 129 158
0032 247 126 290 165 100 130 134 160
0033 242 127 287 167 102 132 136 163
0034 111 139 148 186 238 139 274 184
0035 238 164 269 213 123 179 148 216
0036 239 195 267 239 131 204 153 237
0037 136 210 162 239 240 213 267 239
0038 138 214 163 238 241 219 265 238
0039 139 214 162 238 235 222 265 239
0040 142 214 166 239 239 223 264 239
0041 142 214 166 239 239 222 263 239
0042 139 214 163 237 236 223 262 239
