0000 190 190 210 223 112 207 136 237
0001 108 206 138 236 188 195 210 230
0002 109 207 133 235 197 188 216 225
0003 099 193 124 225 210 172 232 202
0004 214 096 240 130 091 126 117 154
0005 195 056 221 095 103 070 130 103
0006 182 054 212 086 112 049 139 083
0007 192 036 221 075 110 045 139 080
0008 200 032 230 075 111 041 140 077
0009 200 033 231 078 110 041 137 077
0010 199 032 231 078 110 040 137 078
0011 200 033 231 081 110 039 137 078
0012 200 032 230 080 110 040 137 079
0013 200 032 230 081 110 040 136 079
0014 200 034 230 079 109 041 137 079
0015 192 035 223 081 111 042 140 081
0016 185 067 210 100 113 060 140 093
0017 116 092 142 120 182 095 215 123
0018 111 121 141 147 188 128 212 157
0019 111 158 141 182 191 167 213 196
0020 114 188 140 216 191 185 211 225
0021 113 206 136 237 189 194 210 229
0022 112 209 135 237 187 192 209 229
0023 191 193 212 229 109 207 132 237
