0003 100 224 131 239 000 000 000 000
0004 091 218 129 239 000 000 000 000
0005 082 214 128 239 000 000 000 000
0006 085 214 130 239 000 000 000 000
0007 185 215 217 237 088 214 118 239
0008 087 184 120 234 174 158 213 234
0009 148 068 193 129 092 095 121 153
0010 147 053 190 107 094 063 127 126
0011 154 046 201 102 089 052 127 114
0012 086 065 123 130 165 062 216 113
0013 175 088 232 152 078 096 124 159
0014 195 149 247 220 081 147 115 208
0015 084 208 113 239 204 222 253 239
0016 081 207 113 238 181 216 234 239
0017 164 147 212 217 079 149 119 219
0018 161 102 202 158 085 116 115 175
0019 151 064 199 117 081 090 110 144
0020 150 062 205 107 075 084 112 142
0021 150 084 202 122 067 091 109 148
0022 141 108 192 148 070 109 123 159
0023 131 130 179 173 091 133 131 172
0024 108 140 164 185 000 000 000 000
0025 100 134 148 182 000 000 000 000
0026 092 122 145 172 000 000 000 000
0027 079 110 140 159 000 000 000 000
0028 073 096 127 138 091 118 146 162
0029 068 095 119 138 000 000 000 000
0030 060 113 110 158 081 128 137 175
0031 055 135 105 177 099 144 133 182
0032 054 142 106 184 093 144 136 189
0033 056 140 108 183 000 000 000 000
0034 056 140 107 183 000 000 000 000
0035 058 139 108 183 099 150 133 187
0036 059 137 107 180 108 172 139 190
0037 062 130 113 174 000 000 000 000
0038 074 119 123 164 000 000 000 000
0039 091 118 138 163 116 151 145 194
0040 123 141 166 190 111 162 144 217
0041 152 208 196 239 104 211 144 238
0042 164 223 198 239 103 224 142 239
