0000 093 222 135 237 000 000 000 000
0001 089 219 134 239 000 000 000 000
0002 087 222 129 239 000 000 000 000
0003 087 217 119 239 000 000 000 000
0004 090 210 128 237 188 211 228 237
0005 187 180 229 237 104 183 150 234
0006 188 163 230 222 119 170 162 217
0007 132 154 181 202 187 145 228 200
0008 144 148 194 199 186 137 221 196
0009 153 145 194 195 189 134 222 193
0010 148 143 197 194 187 136 224 193
0011 152 142 192 193 186 133 225 194
0012 150 138 193 190 188 132 224 195
0013 149 138 192 189 189 131 224 196
0014 149 138 194 191 186 134 222 194
0015 149 137 194 191 186 133 225 193
0016 150 136 193 190 188 126 223 192
0017 150 136 194 190 184 131 225 193
0018 150 136 194 190 184 131 226 194
0019 150 137 194 190 184 131 226 194
0020 150 138 193 191 186 132 222 195
0021 150 138 193 192 186 132 221 195
0022 149 139 193 192 189 128 224 192
0023 150 139 192 191 182 133 223 194
0024 148 140 194 194 185 135 220 196
0025 145 147 191 203 184 142 224 198
0026 180 157 225 210 135 160 184 206
0027 182 179 225 238 118 185 161 239
0028 188 212 224 238 095 213 127 239
