0000 074 211 105 239 000 000 000 000
0001 072 208 104 237 000 000 000 000
0002 069 207 102 236 126 222 165 239
0003 064 208 096 239 114 221 162 239
0004 106 196 157 235 056 202 095 239
0005 104 157 158 209 057 172 106 214
0006 064 123 101 177 113 118 158 181
0007 065 089 106 152 115 089 160 155
0008 067 079 107 143 111 077 155 143
0009 108 073 154 141 067 074 106 138
0010 108 072 151 140 067 075 106 138
0011 112 070 151 138 065 072 105 135
0012 112 071 152 141 068 075 106 140
0013 105 075 152 139 066 079 106 139
0014 111 089 153 154 060 095 101 157
0015 110 130 165 191 058 138 095 190
0016 121 171 177 223 043 183 087 226
0017 044 207 080 238 127 198 170 235
