0011 123 223 161 239 000 000 000 000
0012 114 179 154 229 000 000 000 000
0013 106 119 145 183 000 000 000 000
0014 104 087 140 149 000 000 000 000
0015 105 080 139 138 000 000 000 000
0016 106 079 136 136 000 000 000 000
0017 105 074 137 137 000 000 000 000
0018 102 077 132 132 000 000 000 000
0019 100 073 133 134 000 000 000 000
0020 100 074 131 133 000 000 000 000
0021 103 074 133 130 000 000 000 000
0022 104 073 134 134 000 000 000 000
0023 103 080 139 145 000 000 000 000
0024 105 094 145 158 000 000 000 000
0025 108 119 146 186 000 000 000 000
0026 125 180 160 234 000 000 000 000
0027 135 212 168 239 000 000 000 000
