0000 091 211 111 236 000 000 000 000
0001 087 213 108 239 156 222 182 239
0002 086 214 110 237 000 000 000 000
0003 089 215 111 239 154 222 176 238
0004 087 215 106 239 149 219 173 235
0005 085 215 107 238 150 224 176 239
0006 088 218 106 239 149 222 175 239
0007 154 221 178 239 088 218 106 239
0008 160 204 187 235 088 217 106 239
0009 175 170 199 199 086 213 106 238
0010 181 144 206 172 086 214 106 236
0011 174 106 204 139 084 219 106 239
0012 164 086 201 121 082 214 104 239
0013 163 079 191 112 084 220 107 239
0014 159 074 189 107 086 214 106 236
0015 155 073 185 108 087 215 107 237
0016 153 073 183 110 082 212 109 239
0017 150 075 180 110 086 213 106 238
0018 150 075 180 110 087 213 106 237
0019 149 075 180 110 086 214 106 238
0020 149 075 180 112 086 218 107 239
0021 150 077 180 113 081 211 109 239
0022 150 081 180 114 086 219 107 239
0023 150 089 181 123 086 220 107 239
0024 154 108 185 143 086 217 104 239
0025 086 217 104 239 163 149 185 177
0026 162 185 193 225 088 217 105 239
0027 157 209 189 237 085 220 107 239
0028 156 219 182 236 085 219 107 239
0029 148 219 179 239 085 218 107 239
0030 086 216 104 239 149 218 175 239
0031 148 217 176 239 087 219 106 239
0032 087 217 105 239 148 217 176 239
