0000 118 197 140 234 179 191 205 227
0001 115 196 138 230 188 191 209 227
0002 119 199 137 232 196 160 230 199
0003 117 197 137 231 204 136 226 159
0004 119 200 137 231 199 081 222 120
0005 119 195 141 231 190 059 212 101
0006 184 055 210 094 120 198 144 232
0007 187 055 211 093 119 194 142 229
0008 191 056 214 094 120 199 138 230
0009 192 059 215 101 119 200 138 231
0010 118 197 138 229 195 070 218 112
0011 196 088 220 130 118 198 141 233
0012 119 199 141 233 192 141 224 165
0013 118 198 140 232 192 177 214 212
0014 119 198 141 232 182 192 202 227
0015 119 194 141 230 184 190 202 222
0016 118 195 142 229 184 191 202 223
