0000 193 215 240 239 108 223 142 239
0001 193 215 240 239 108 223 142 239
0002 192 215 240 239 109 223 146 239
0003 193 215 240 239 109 223 144 239
0004 193 215 240 239 107 216 149 239
0005 106 199 152 239 192 216 240 239
0006 104 184 151 239 194 218 242 239
0007 101 144 146 221 193 215 239 239
0008 099 123 152 193 190 212 242 239
0009 100 106 152 173 193 216 239 239
0010 100 104 147 160 193 216 239 239
0011 095 101 145 145 193 216 239 239
0012 099 112 148 170 193 215 240 238
0013 106 114 157 182 193 216 240 239
0014 110 118 165 175 194 216 240 239
0015 105 106 164 186 196 216 240 239
0016 101 108 153 165 193 216 239 239
0017 104 111 156 174 196 216 240 239
0018 113 113 167 174 193 216 239 239
0019 120 110 169 170 196 215 239 238
0020 119 108 176 176 193 215 238 238
0021 119 107 169 171 196 215 237 238
0022 119 106 173 169 193 215 237 238
0023 118 101 171 168 196 215 238 238
0024 113 100 163 157 192 214 244 239
0025 114 103 163 163 193 216 242 239
0026 116 107 176 163 192 214 244 237
0027 117 108 176 156 192 214 244 237
0028 119 109 170 170 192 214 244 237
0029 104 111 158 159 191 214 244 237
0030 115 116 168 175 192 214 244 237
0031 115 113 172 166 192 214 243 239
0032 115 115 173 165 192 214 243 239
0033 115 118 173 169 191 213 243 239
0034 115 124 170 174 192 213 244 239
0035 112 132 167 183 191 214 243 239
0036 108 154 159 205 193 215 240 239
0037 108 167 155 220 191 213 243 239
0038 105 189 146 237 190 212 242 239
0039 098 207 136 239 196 214 240 239
0040 192 215 240 239 097 213 132 236
0041 191 212 244 239 100 217 129 239
0042 191 212 245 237 000 000 000 000
0043 191 212 244 239 000 000 000 000
