0000 089 179 147 232 161 143 212 205
0001 145 144 206 197 084 188 153 234
0002 150 137 202 194 085 190 158 233
0003 146 134 195 192 086 190 157 233
0004 090 182 155 232 139 121 196 179
0005 083 186 152 234 140 121 193 184
0006 121 107 191 158 083 186 152 234
0007 083 186 155 232 150 108 197 184
0008 127 088 189 146 083 182 156 230
0009 081 186 156 232 154 091 222 152
0010 083 188 154 234 152 100 206 164
0011 134 066 189 119 079 187 148 237
0012 081 188 154 234 164 053 234 125
0013 081 190 157 234 186 083 236 142
0014 081 190 157 234 141 067 192 122
0015 081 182 148 234 136 036 203 088
0016 079 188 155 234 189 031 232 087
0017 200 048 253 120 078 191 154 233
0018 079 190 155 235 163 064 208 130
0019 148 042 202 094 079 191 154 234
0020 079 191 153 234 157 024 208 068
0021 084 187 150 239 162 026 212 069
0022 087 192 150 239 164 047 210 093
0023 156 090 209 140 088 194 149 239
0024 158 130 212 192 087 198 145 239
0025 157 164 210 224 084 202 142 239
0026 153 181 208 235 085 203 142 239
0027 150 184 204 235 086 204 142 239
