0005 256 210 309 238 000 000 000 000
0006 251 177 315 217 000 000 000 000
0007 247 122 309 182 000 000 000 000
0008 229 103 298 164 000 000 000 000
0009 160 092 218 148 000 000 000 000
0010 141 087 209 148 000 000 000 000
0011 142 090 202 145 000 000 000 000
0012 146 099 219 153 000 000 000 000
0013 214 096 271 153 000 000 000 000
0014 231 080 288 145 000 000 000 000
0015 228 071 283 135 000 000 000 000
0016 230 067 278 132 000 000 000 000
0017 240 092 284 154 000 000 000 000
0018 257 151 304 202 000 000 000 000
