0000 179 199 203 232 113 198 135 236
0001 179 199 203 233 114 200 137 239
0002 113 201 136 238 179 199 203 233
0003 179 199 203 233 105 198 127 236
0004 071 178 101 212 179 199 203 233
0005 180 200 204 233 045 153 080 183
0006 180 200 204 234 036 110 068 144
0007 038 093 072 131 180 200 204 234
0008 042 080 071 118 179 200 204 234
0009 042 079 070 120 179 201 203 234
0010 041 081 070 119 179 201 203 235
0011 042 080 071 119 179 201 202 235
0012 042 080 071 120 180 200 203 234
0013 043 080 075 120 180 200 203 234
0014 045 083 075 116 180 200 203 234
0015 043 083 074 116 180 199 203 234
0016 043 084 074 117 180 200 203 234
0017 044 084 075 123 180 200 203 233
0018 179 199 203 234 043 111 070 141
0019 180 199 203 232 054 154 081 179
0020 179 198 202 232 076 181 100 215
0021 180 199 203 232 099 200 120 235
0022 179 199 202 233 106 204 125 237
0023 179 200 202 233 113 203 134 237
0024 180 200 203 234 115 202 138 239
