0000 184 194 205 230 108 208 132 237
0001 112 203 134 235 189 187 209 224
0002 124 191 149 223 184 165 205 195
0003 168 103 206 136 143 150 171 178
0004 157 076 190 099 150 099 174 136
0005 152 086 174 120 152 071 186 092
0006 151 073 182 091 156 082 177 113
0007 152 081 177 112 148 072 183 091
0008 153 083 179 114 149 070 186 089
0009 153 082 182 116 150 070 187 090
0010 153 083 182 116 148 070 187 090
0011 153 083 181 117 148 071 186 090
0012 149 072 188 090 153 082 185 112
0013 154 078 182 112 148 072 185 090
0014 150 086 170 120 160 067 189 093
0015 143 101 169 139 162 081 192 108
0016 131 134 159 166 166 106 198 131
0017 121 175 139 200 185 156 206 184
0018 112 195 133 229 190 179 210 217
0019 108 204 130 237 191 190 212 229
0020 107 208 130 237 188 193 207 223
0021 184 193 206 228 108 205 131 236
0022 183 192 204 226 108 207 131 237
0023 184 194 206 229 110 203 131 234
0024 185 194 207 228 109 208 131 236
0025 185 194 207 230 109 205 131 236
0026 185 193 207 228 109 205 131 236
