0015 217 211 286 239 000 000 000 000
0016 239 183 297 224 000 000 000 000
0017 244 168 306 204 000 000 000 000
0018 248 146 314 177 000 000 000 000
0019 246 131 311 164 000 000 000 000
0020 249 117 315 150 000 000 000 000
0021 245 108 314 144 000 000 000 000
0022 244 103 311 137 000 000 000 000
0023 243 100 311 137 000 000 000 000
0024 241 100 310 139 000 000 000 000
0025 241 100 309 137 000 000 000 000
0026 240 100 309 138 000 000 000 000
0027 239 099 308 138 000 000 000 000
0028 238 099 307 137 000 000 000 000
0029 238 099 308 139 000 000 000 000
0030 237 098 308 137 000 000 000 000
0031 236 100 308 137 000 000 000 000
0032 237 100 309 138 000 000 000 000
0033 237 101 308 140 000 000 000 000
0034 238 099 308 137 000 000 000 000
0035 238 099 308 136 000 000 000 000
0036 237 100 308 139 000 000 000 000
0037 236 100 308 140 000 000 000 000
0038 236 100 307 138 000 000 000 000
0039 230 109 298 143 000 000 000 000
0040 206 124 254 163 000 000 000 000
0041 171 157 210 196 000 000 000 000
0042 149 207 186 238 000 000 000 000
