0004 106 207 148 236 157 212 210 239
0005 105 167 143 223 158 173 202 232
0006 109 144 143 209 156 147 190 216
0007 115 112 153 182 152 117 197 183
0008 129 113 187 171 000 000 000 000
0009 123 131 174 177 000 000 000 000
0010 120 137 186 180 000 000 000 000
0011 130 126 189 175 000 000 000 000
0012 130 125 186 177 000 000 000 000
0013 131 124 190 174 000 000 000 000
0014 131 123 180 177 000 000 000 000
0015 131 125 183 178 000 000 000 000
0016 132 127 183 181 000 000 000 000
0017 130 130 184 183 000 000 000 000
0018 129 134 184 189 000 000 000 000
0019 124 150 186 202 000 000 000 000
0020 123 159 179 211 000 000 000 000
0021 172 192 222 236 107 194 144 238
0022 186 214 235 239 106 207 141 237
