0000 185 183 209 225 092 188 118 219
0001 062 183 089 211 185 185 210 225
0002 186 185 209 225 028 161 058 188
0003 186 186 210 224 007 123 038 148
0004 188 189 212 227 002 093 032 120
0005 001 055 031 084 189 188 213 226
0006 001 029 035 063 188 188 212 227
0007 000 006 036 049 188 188 213 228
0008 004 001 044 044 189 189 214 229
0009 003 001 044 043 190 189 215 229
0010 007 000 048 043 191 188 215 228
0011 007 000 048 043 192 187 216 229
0012 011 000 048 041 195 188 220 229
0013 009 000 048 041 202 189 224 223
0014 011 001 048 039 226 178 253 199
0015 014 000 052 038 243 155 271 180
0016 017 000 054 036 256 106 292 135
0017 017 000 055 036 265 046 288 078
0018 018 000 055 036 250 022 271 051
0019 021 000 058 037 222 003 259 042
0020 023 000 060 035 187 014 215 052
0021 023 000 060 037 164 028 197 079
0022 024 000 059 036 177 062 212 098
0023 023 000 058 036 236 070 266 101
0024 021 000 057 037 256 046 294 087
0025 022 000 058 038 261 025 294 066
0026 023 000 060 040 246 001 273 042
0027 021 000 061 041 220 001 257 036
0028 022 000 062 041 189 002 216 038
0029 024 000 061 040 153 015 190 063
0030 024 000 062 040 149 042 186 088
0031 023 000 061 040 166 060 212 100
0032 022 000 063 040 232 054 261 095
0033 022 000 063 040 240 042 281 083
0034 022 000 063 041 241 020 267 055
0035 023 000 063 041 226 005 257 048
0036 028 000 066 042 196 008 223 043
0037 028 000 066 042 163 019 192 064
0038 029 000 066 043 147 039 177 086
0039 025 001 062 042 153 079 195 109
0040 025 001 063 043 171 075 213 114
0041 024 002 062 044 214 055 247 109
0042 021 006 061 049 220 039 258 086
0043 023 009 059 056 218 024 253 073
0044 203 019 230 063 021 019 058 064
0045 021 030 062 075 182 036 212 072
0046 022 053 062 093 162 064 196 100
0047 164 121 200 150 029 104 070 132
0048 037 131 077 161 174 144 204 172
0049 060 165 089 192 189 172 213 203
0050 194 182 219 218 089 181 114 211
