0000 047 194 072 229 146 205 167 236
0001 046 195 072 229 146 205 167 236
0002 046 194 072 228 147 205 169 237
0003 045 196 070 229 152 203 174 237
0004 165 195 188 234 044 195 070 229
0005 182 180 211 217 044 194 069 229
0006 047 196 070 225 193 154 234 182
0007 200 105 239 130 046 195 069 223
0008 197 079 233 112 047 194 070 223
0009 189 053 217 095 046 196 070 225
0010 182 041 207 084 047 194 071 223
0011 175 041 199 082 047 193 073 224
0012 046 196 071 228 170 043 192 082
0013 165 042 190 082 047 195 072 228
0014 164 043 189 081 045 192 071 227
0015 047 196 071 224 163 042 189 079
0016 047 195 071 225 164 040 190 078
0017 165 040 190 078 044 193 069 227
0018 165 041 190 077 047 193 071 225
0019 047 195 071 224 165 040 190 076
0020 047 196 071 225 164 040 189 077
0021 047 195 071 224 164 040 189 076
0022 047 196 071 225 165 040 189 075
0023 165 039 190 076 044 193 070 228
0024 045 195 071 228 165 039 189 075
0025 045 195 071 228 165 041 187 075
0026 044 195 070 229 166 042 190 077
0027 044 194 070 230 165 040 191 077
0028 165 039 189 075 044 195 070 229
0029 044 194 070 229 165 039 191 079
0030 165 040 190 076 044 194 070 229
0031 046 196 071 229 165 040 189 078
0032 168 041 191 080 046 196 072 229
0033 172 044 195 084 046 194 072 229
0034 177 064 202 108 046 193 072 229
0035 045 194 072 229 181 110 209 140
0036 046 195 072 229 175 157 205 194
0037 169 183 195 229 046 195 072 229
0038 160 197 183 236 046 193 072 229
0039 045 194 072 229 151 203 173 237
0040 046 196 073 229 148 204 169 236
0041 047 194 073 228 145 206 164 234
0042 047 194 073 228 144 205 164 236
0043 046 196 073 228 144 205 163 235
0044 047 194 071 223 145 204 164 235
