0000 098 221 134 238 000 000 000 000
0001 097 222 133 239 170 217 213 238
0002 092 216 134 237 160 212 208 234
0003 158 210 210 238 081 212 135 239
0004 160 201 215 238 082 197 140 236
0005 162 194 215 235 086 193 144 228
0006 170 183 222 221 091 182 144 218
0007 073 170 138 211 173 181 230 213
0008 076 159 141 195 172 174 233 206
0009 157 166 218 202 095 164 149 197
0010 063 164 129 200 188 156 245 198
0011 175 159 223 187 072 155 134 193
0012 158 159 219 190 105 157 165 190
0013 188 154 246 192 078 151 141 188
0014 073 154 138 188 175 157 235 191
0015 161 160 207 186 108 157 162 189
0016 199 144 277 186 062 151 128 194
0017 091 154 152 193 164 155 227 189
0018 200 152 286 189 059 160 127 195
0019 170 155 231 189 094 169 160 198
0020 076 169 137 196 190 150 271 188
0021 063 167 128 199 201 152 285 187
0022 165 162 227 192 103 168 158 204
0023 060 160 123 200 200 152 288 189
0024 169 158 233 187 087 165 142 199
0025 089 163 146 201 175 159 233 188
0026 067 163 134 203 203 156 285 189
0027 171 158 227 189 096 159 149 198
0028 062 159 127 197 207 157 285 192
0029 102 164 155 199 174 160 233 193
0030 174 163 232 193 087 168 145 207
0031 071 170 135 212 190 164 277 199
0032 157 169 224 206 100 171 154 214
0033 069 175 134 213 170 176 227 209
0034 190 183 251 235 081 183 131 235
0035 182 196 233 239 089 193 136 236
0036 097 204 142 237 179 208 229 237
0037 104 213 142 239 179 210 227 238
0038 098 211 141 236 183 216 228 239
0039 094 209 137 239 191 224 226 239
0040 099 212 137 239 000 000 000 000
0041 097 208 138 238 000 000 000 000
0042 099 209 138 236 189 223 223 239
