0000 124 207 161 236 076 194 102 223
0001 129 212 168 239 075 200 104 229
0002 076 195 102 224 133 213 166 238
0003 076 195 102 224 133 212 169 239
0004 076 196 102 225 133 215 165 239
0005 132 214 166 239 075 201 105 228
0006 132 208 168 238 077 199 105 226
0007 076 197 103 226 134 214 167 239
0008 077 197 103 226 137 213 169 238
0009 077 197 106 228 138 214 171 237
0010 140 212 174 239 076 196 103 225
0011 140 205 174 239 077 196 103 225
0012 138 208 169 238 076 195 102 223
0013 141 212 173 239 077 195 103 224
0014 141 210 177 236 078 193 104 228
0015 136 204 170 239 077 197 107 228
0016 131 179 169 218 078 197 107 229
0017 077 196 106 230 121 119 163 157
0018 077 194 106 229 130 090 157 137
0019 076 193 106 229 135 087 158 128
0020 077 195 105 228 135 085 157 129
0021 077 196 105 228 134 087 155 124
0022 077 197 103 230 132 086 155 124
0023 078 194 107 228 131 086 154 124
0024 078 198 108 229 131 090 152 124
0025 077 196 103 224 134 088 154 122
0026 077 196 103 224 131 084 154 121
0027 077 196 107 229 135 085 157 122
0028 077 194 107 230 135 091 159 123
0029 077 196 102 224 135 096 158 138
0030 077 195 107 229 119 128 154 173
0031 077 197 102 224 122 184 162 214
0032 120 203 158 236 077 198 105 228
0033 119 206 157 236 077 196 102 227
0034 120 206 158 237 078 197 106 227
0035 119 206 159 237 077 197 102 223
0036 121 205 159 237 077 196 103 228
0037 121 205 159 237 077 194 106 227
0038 121 206 158 237 076 194 102 223
0039 121 205 159 237 077 197 103 224
0040 121 205 159 237 076 195 101 223
0041 121 205 159 237 078 195 102 223
0042 121 205 159 237 077 195 102 223
0043 121 205 159 236 077 195 102 223
0044 121 205 159 236 077 196 102 224
0045 121 205 159 237 077 196 102 223
0046 120 204 159 237 078 194 107 228
0047 121 205 159 237 077 195 102 223
0048 122 205 158 236 078 197 106 228
0049 122 206 158 236 077 197 102 229
0050 121 205 159 237 077 198 102 230
0051 121 205 158 236 077 197 105 229
0052 119 203 158 237 077 198 106 230
0053 122 193 160 235 076 198 102 230
0054 117 184 163 223 077 198 101 224
0055 115 165 165 204 077 196 107 229
0056 112 144 170 178 079 196 103 227
0057 113 122 165 157 079 198 108 229
0058 114 109 166 142 079 197 107 228
0059 117 097 163 129 079 198 107 229
0060 112 094 169 125 077 195 102 223
0061 113 089 163 122 077 195 107 228
0062 112 087 167 118 078 196 105 227
0063 109 086 165 118 077 196 108 230
0064 116 088 168 122 077 194 108 228
0065 111 088 166 119 077 194 107 227
0066 112 089 168 119 077 194 107 227
0067 112 088 167 119 077 195 107 228
0068 112 089 168 119 077 193 107 227
0069 111 089 167 119 078 195 108 228
0070 111 089 166 122 077 194 107 227
0071 113 086 165 118 077 196 107 229
0072 110 100 167 134 077 196 106 228
0073 112 134 161 163 076 196 102 224
0074 115 169 160 217 076 196 101 224
0075 116 190 156 237 076 196 102 225
0076 119 203 157 237 077 196 102 224
0077 119 203 157 237 076 197 102 225
0078 121 205 156 236 076 196 103 225
0079 121 205 157 236 077 195 103 224
0080 121 205 157 236 077 197 103 225
0081 121 205 156 236 077 196 103 224
