0004 162 206 202 239 000 000 000 000
0005 102 200 173 239 151 163 202 215
0006 127 151 188 198 131 127 184 169
0007 130 120 196 168 000 000 000 000
0008 132 111 191 156 000 000 000 000
0009 139 108 202 154 000 000 000 000
0010 138 110 190 158 178 112 221 157
0011 148 112 213 160 000 000 000 000
0012 138 113 201 164 000 000 000 000
0013 129 124 201 165 000 000 000 000
0014 133 113 199 159 000 000 000 000
0015 146 112 211 162 000 000 000 000
0016 146 112 208 162 000 000 000 000
0017 137 115 201 165 000 000 000 000
0018 129 119 200 168 000 000 000 000
0019 148 115 208 164 000 000 000 000
0020 139 120 206 167 000 000 000 000
0021 141 121 202 168 000 000 000 000
0022 148 117 199 168 000 000 000 000
0023 145 127 194 173 109 147 187 193
0024 144 152 191 207 085 201 160 239
0025 139 222 181 239 000 000 000 000
