0005 280 189 319 239 000 000 000 000
0006 257 184 305 237 000 000 000 000
0007 195 161 247 217 000 000 000 000
0008 160 143 219 198 000 000 000 000
0009 149 123 212 188 000 000 000 000
0010 140 112 201 175 000 000 000 000
0011 138 109 197 169 000 000 000 000
0012 134 112 195 167 000 000 000 000
0013 138 112 195 168 000 000 000 000
0014 135 114 196 169 000 000 000 000
0015 138 113 195 170 000 000 000 000
0016 138 113 195 171 177 171 249 226
0017 138 112 196 168 182 147 249 196
0018 189 112 253 160 138 109 189 164
0019 195 097 254 149 139 111 190 161
0020 201 097 252 145 141 112 193 162
0021 197 104 250 149 137 112 190 167
0022 194 103 253 149 141 112 191 165
0023 194 103 254 149 140 110 194 163
0024 138 112 194 163 203 105 248 153
0025 143 112 195 164 202 107 247 154
0026 194 104 250 148 143 112 201 157
0027 148 114 200 156 195 109 250 155
0028 144 114 203 155 193 106 252 152
0029 156 114 202 160 195 107 251 148
0030 198 105 253 152 197 151 243 190
0031 184 107 252 152 196 148 246 191
0032 188 108 248 156 198 147 252 191
0033 188 111 251 153 200 144 249 192
0034 191 112 247 155 203 139 252 187
0035 189 111 247 152 206 136 253 188
0036 192 107 245 155 202 140 251 186
0037 191 108 245 156 200 141 251 187
0038 190 109 249 156 204 137 251 191
0039 188 109 249 156 204 138 250 190
0040 187 109 244 158 202 137 250 192
0041 185 108 249 153 201 138 250 192
0042 183 108 250 158 203 140 250 191
0043 190 111 247 154 203 139 255 193
0044 196 121 259 174 000 000 000 000
0045 181 168 249 219 248 165 304 214
0046 172 197 235 237 268 182 317 227
