0002 188 219 226 239 000 000 000 000
0003 196 205 242 239 000 000 000 000
0004 211 191 261 236 000 000 000 000
0005 234 180 288 234 000 000 000 000
0006 250 122 313 177 000 000 000 000
0007 251 044 303 114 000 000 000 000
0008 224 010 269 074 000 000 000 000
0009 202 034 241 111 000 000 000 000
0010 183 164 224 213 188 127 227 182
0011 174 180 211 239 000 000 000 000
0012 147 204 193 239 000 000 000 000
0013 124 205 177 239 000 000 000 000
0014 093 199 162 239 000 000 000 000
0015 090 178 159 234 000 000 000 000
0016 092 174 158 228 000 000 000 000
0017 092 176 159 228 000 000 000 000
0018 092 191 160 239 000 000 000 000
0019 101 202 171 239 000 000 000 000
0020 129 215 182 239 000 000 000 000
0021 150 223 192 239 000 000 000 000
