0000 083 209 117 239 166 214 213 239
0001 168 208 215 238 084 209 117 239
0002 170 198 223 238 082 209 117 239
0003 178 155 234 212 082 209 117 239
0004 186 110 238 169 082 209 117 239
0005 178 079 235 140 082 210 117 239
0006 082 210 117 239 182 043 235 107
0007 163 036 220 096 082 211 117 239
0008 162 037 219 097 082 211 117 239
0009 167 041 216 096 081 212 118 239
0010 168 043 218 097 081 212 117 239
0011 170 044 215 098 081 212 117 239
0012 170 047 219 101 082 213 117 239
0013 163 059 216 115 081 213 117 239
0014 161 109 216 167 082 213 117 239
0015 166 175 228 234 082 213 118 239
0016 081 213 118 239 171 215 218 239
