0000 065 211 095 239 156 196 178 234
0001 066 211 095 239 155 198 177 235
0002 067 212 097 239 155 197 177 235
0003 067 208 096 239 157 200 176 235
0004 067 213 097 239 167 189 189 235
0005 066 212 096 239 183 187 203 228
0006 065 213 095 239 196 171 221 212
0007 064 212 095 239 206 151 240 184
0008 220 138 258 170 064 212 095 239
0009 227 122 272 153 065 212 095 239
0010 234 117 282 146 064 214 095 239
0011 236 110 283 139 066 214 096 239
0012 236 109 282 138 067 212 095 239
0013 235 108 282 137 065 212 094 239
0014 236 109 282 138 065 212 094 239
0015 234 108 283 138 063 208 091 238
0016 235 109 283 139 062 208 091 238
0017 235 110 283 140 064 207 091 238
0018 235 110 283 140 062 206 098 239
0019 234 109 282 139 065 211 094 239
0020 234 109 282 139 065 211 094 239
0021 234 109 282 139 064 211 094 239
0022 234 109 282 139 062 209 090 238
0023 234 110 282 140 062 209 091 238
0024 234 111 282 142 062 209 091 238
0025 233 112 282 143 062 209 091 238
0026 233 111 282 145 064 207 092 239
0027 232 114 281 144 063 209 091 238
0028 232 115 281 145 063 210 093 239
0029 232 116 280 146 063 210 093 239
0030 234 116 281 147 063 210 093 239
0031 235 118 282 149 063 210 092 239
0032 235 119 279 150 063 210 094 239
0033 232 118 280 151 062 210 092 239
0034 230 122 279 152 062 211 092 239
0035 226 138 273 171 063 212 093 239
0036 216 160 257 193 064 213 094 239
0037 065 212 095 239 199 182 229 223
0038 065 212 095 239 178 196 199 235
0039 064 211 094 239 157 201 180 238
0040 152 199 175 236 063 210 094 239
0041 154 197 177 235 063 211 093 239
0042 064 211 094 239 153 195 178 237
