0006 111 201 170 239 000 000 000 000
0007 123 161 175 213 000 000 000 000
0008 123 129 175 181 000 000 000 000
0009 116 079 176 137 000 000 000 000
0010 115 054 167 113 000 000 000 000
0011 112 043 168 107 000 000 000 000
0012 110 040 171 102 000 000 000 000
0013 110 039 168 102 000 000 000 000
0014 106 041 176 105 000 000 000 000
0015 109 039 175 104 000 000 000 000
0016 108 040 176 105 000 000 000 000
0017 109 042 175 106 000 000 000 000
0018 108 043 175 106 000 000 000 000
0019 108 043 175 107 000 000 000 000
0020 124 057 170 115 000 000 000 000
0021 125 090 166 156 000 000 000 000
0022 109 132 158 197 000 000 000 000
0023 109 153 157 205 000 000 000 000
0024 103 219 147 239 000 000 000 000
