0000 048 224 079 239 000 000 000 000
0001 048 224 079 239 000 000 000 000
0002 048 224 082 239 000 000 000 000
0003 049 223 079 239 000 000 000 000
0004 044 215 084 239 111 216 152 239
0005 102 155 149 200 042 158 078 196
0006 101 093 150 133 038 099 087 144
0007 047 051 090 103 103 055 146 099
0008 050 032 095 086 099 031 145 081
0009 097 021 144 075 060 026 094 077
0010 097 023 143 073 058 024 096 078
0011 100 022 144 075 059 023 099 077
0012 098 022 144 074 060 023 099 077
0013 099 021 145 074 060 024 100 077
0014 099 020 145 074 060 023 099 075
0015 099 021 146 074 066 022 100 075
0016 098 021 146 074 062 022 101 073
0017 098 021 145 073 067 023 100 076
0018 098 021 145 073 062 022 099 073
0019 098 021 145 073 066 022 100 075
0020 098 021 145 073 062 023 100 073
0021 099 020 148 075 061 023 098 075
0022 101 039 151 089 058 038 099 094
0023 102 092 153 129 045 090 087 133
0024 105 144 150 188 044 138 076 172
0025 108 197 157 238 037 195 068 237
0026 036 214 075 238 116 215 157 239
0027 043 221 081 238 000 000 000 000
0028 047 218 077 237 000 000 000 000
0029 048 224 082 239 000 000 000 000
0030 047 223 080 239 000 000 000 000
0031 047 224 080 239 000 000 000 000
