0003 186 221 225 239 000 000 000 000
0004 134 195 185 238 000 000 000 000
0005 168 120 212 198 000 000 000 000
0006 184 090 233 154 000 000 000 000
0007 202 060 251 118 000 000 000 000
0008 208 051 249 109 000 000 000 000
0009 204 040 254 098 000 000 000 000
0010 208 049 259 098 000 000 000 000
0011 209 032 256 098 000 000 000 000
0012 215 045 261 096 000 000 000 000
0013 213 036 260 090 000 000 000 000
0014 215 041 263 095 000 000 000 000
0015 212 044 259 096 000 000 000 000
0016 208 055 255 108 000 000 000 000
0017 193 084 243 142 000 000 000 000
0018 175 136 221 189 000 000 000 000
0019 146 192 211 237 000 000 000 000
0022 180 222 214 239 000 000 000 000
