0000 092 199 132 235 213 213 247 236
0001 092 199 132 235 217 216 249 239
0002 093 199 132 235 217 214 247 239
0003 093 199 132 235 213 216 246 237
0004 091 199 132 235 215 214 250 237
0005 093 199 131 235 217 208 253 237
0006 222 202 253 235 093 199 131 235
0007 213 188 243 226 094 199 131 235
0008 193 167 227 208 093 201 130 235
0009 170 156 219 189 096 203 130 239
0010 160 146 209 175 094 201 130 235
0011 150 140 202 166 095 202 129 235
0012 094 201 132 236 147 138 197 163
0013 093 200 130 235 144 140 195 164
0014 144 141 195 165 094 198 128 235
0015 092 192 126 235 144 141 197 166
0016 097 179 140 228 142 143 196 169
0017 107 164 157 206 144 145 196 171
0018 116 156 169 191 143 144 190 166
0019 119 147 172 179 150 142 191 172
0020 119 138 183 175 000 000 000 000
0021 125 140 175 172 000 000 000 000
0022 121 140 170 174 158 141 189 168
0023 152 141 191 168 118 145 160 174
0024 149 142 190 169 121 149 158 184
0025 115 151 164 188 146 143 192 170
0026 112 151 163 183 149 144 191 171
0027 110 149 158 177 152 140 194 167
0028 105 133 153 164 146 142 194 169
0029 099 127 147 158 143 143 194 172
0030 145 143 195 171 099 126 141 158
0031 145 143 196 172 100 127 138 162
0032 145 143 195 170 100 137 142 170
0033 101 138 144 173 145 144 194 171
0034 101 138 146 170 145 144 193 171
0035 101 135 140 171 145 145 194 171
0036 102 122 136 162 144 143 195 170
0037 099 116 146 156 144 143 195 170
0038 105 117 145 145 143 143 195 170
0039 108 113 148 144 144 143 195 170
0040 114 119 152 149 144 143 195 170
0041 145 143 195 171 115 123 153 152
0042 118 129 163 157 141 146 192 171
0043 142 143 194 173 128 129 168 161
0044 141 145 190 172 130 126 177 149
0045 141 147 192 174 135 127 183 153
0046 141 146 192 174 132 127 182 150
0047 138 132 189 161 147 147 194 174
0048 143 149 198 177 136 132 184 165
0049 145 154 192 182 133 132 180 162
0050 151 157 200 186 133 139 175 168
0051 126 144 171 176 162 166 205 197
0052 173 176 213 211 120 155 161 189
0053 112 170 150 203 179 184 217 220
0054 110 176 147 210 180 185 221 222
0055 105 183 144 224 184 186 219 222
0056 107 188 146 228 180 186 222 225
0057 113 194 147 229 181 189 222 226
0058 184 192 221 227 110 195 150 237
0059 112 198 147 235 184 192 221 226
0060 112 197 149 235 185 195 220 227
0061 112 197 148 235 186 193 221 223
0062 112 198 149 235 184 193 220 228
0063 112 198 148 235 184 193 221 225
0064 112 198 149 235 186 193 221 224
0065 112 198 149 235 186 194 221 224
0066 112 198 149 235 186 194 221 224
0067 112 198 149 235 184 194 220 228
