0003 124 217 170 239 000 000 000 000
0004 118 180 164 221 000 000 000 000
0005 117 145 162 198 000 000 000 000
0006 120 130 165 188 000 000 000 000
0007 121 124 167 179 000 000 000 000
0008 125 105 172 165 000 000 000 000
0009 130 085 182 146 000 000 000 000
0010 136 061 183 121 000 000 000 000
0011 142 046 192 105 000 000 000 000
0012 145 029 196 087 000 000 000 000
0013 151 015 199 071 000 000 000 000
0014 152 002 202 060 000 000 000 000
0015 157 000 203 052 000 000 000 000
0016 156 000 203 043 000 000 000 000
0017 160 000 205 041 000 000 000 000
0018 162 000 205 038 000 000 000 000
0019 160 000 204 040 000 000 000 000
0020 159 000 205 043 000 000 000 000
0021 158 000 205 043 000 000 000 000
0022 158 000 204 043 000 000 000 000
0023 158 000 206 046 000 000 000 000
0024 158 000 204 050 000 000 000 000
0025 160 011 202 065 000 000 000 000
0026 156 047 197 102 000 000 000 000
0027 157 097 197 147 000 000 000 000
0028 156 150 194 193 000 000 000 000
0029 142 206 178 238 040 222 077 237
0030 133 223 167 239 046 224 083 239
0031 045 223 083 239 000 000 000 000
