0000 205 204 231 234 113 210 133 237
0001 073 176 100 211 239 177 259 210
0002 070 173 100 207 241 174 264 205
0003 081 182 101 218 238 175 261 208
0004 086 178 111 213 240 176 261 207
0005 081 167 104 207 209 145 269 188
0006 059 144 092 178 000 000 000 000
0007 049 114 091 136 000 000 000 000
0008 058 085 089 107 212 106 271 142
0009 068 067 095 096 242 085 267 112
0010 077 061 103 091 240 076 262 108
0011 070 062 099 094 245 081 267 110
0012 250 101 280 125 080 100 136 133
0013 056 129 093 156 263 131 286 153
0014 064 148 092 187 213 136 271 167
0015 068 149 099 189 245 152 272 187
0016 066 144 096 188 243 149 271 187
0017 247 150 273 185 064 143 090 185
0018 252 151 277 184 062 144 089 180
0019 064 149 095 192 243 156 274 190
0020 071 170 095 203 246 165 273 198
0021 238 182 262 215 083 194 106 224
0022 225 200 253 230 102 205 125 235
0023 208 205 228 233 128 212 152 235
0024 199 207 221 236 134 209 155 236
0025 198 208 221 237 130 211 151 238
0026 198 206 220 236 126 209 151 236
0027 198 206 220 236 132 207 151 235
0028 198 206 220 236 135 212 154 236
