0000 120 214 160 239 000 000 000 000
0001 118 214 160 239 000 000 000 000
0002 120 213 162 235 000 000 000 000
0003 112 215 160 239 000 000 000 000
0004 111 214 159 239 000 000 000 000
0005 108 215 160 239 000 000 000 000
0006 108 214 157 239 000 000 000 000
0007 111 207 163 238 000 000 000 000
0008 091 185 163 221 000 000 000 000
0009 096 148 165 184 000 000 000 000
0010 106 109 173 154 096 108 134 143
0011 101 083 166 129 000 000 000 000
0012 098 070 166 119 000 000 000 000
0013 100 066 167 112 000 000 000 000
0014 099 068 167 114 000 000 000 000
0015 098 070 170 115 000 000 000 000
0016 098 072 168 116 000 000 000 000
0017 101 075 161 127 000 000 000 000
0018 097 097 163 146 000 000 000 000
0019 099 118 156 165 000 000 000 000
0020 092 151 157 200 000 000 000 000
0021 098 183 161 223 000 000 000 000
0022 111 205 158 238 000 000 000 000
0023 112 214 160 239 000 000 000 000
0024 113 213 153 239 000 000 000 000
