0010 143 221 177 238 000 000 000 000
0011 145 198 181 236 000 000 000 000
0012 137 164 181 216 000 000 000 000
0013 140 133 178 196 000 000 000 000
0014 138 123 175 175 000 000 000 000
0015 138 103 183 163 000 000 000 000
0016 142 099 184 154 000 000 000 000
0017 144 097 183 152 000 000 000 000
0018 143 092 184 146 000 000 000 000
0019 144 087 182 144 000 000 000 000
0020 145 090 183 147 000 000 000 000
0021 143 087 182 147 000 000 000 000
0022 140 092 182 147 000 000 000 000
0023 142 093 181 150 000 000 000 000
0024 135 101 177 173 000 000 000 000
0025 118 165 170 204 000 000 000 000
0026 133 207 170 235 000 000 000 000
0027 139 223 172 239 000 000 000 000
