0001 147 210 194 239 000 000 000 000
0002 165 199 212 239 000 000 000 000
0003 192 174 243 233 000 000 000 000
0004 196 128 251 192 070 222 114 239
0005 188 102 242 167 000 000 000 000
0006 169 094 229 151 191 217 220 237
0007 158 102 213 148 071 222 114 239
0008 143 112 198 155 000 000 000 000
0009 129 125 187 171 000 000 000 000
0010 112 137 173 187 000 000 000 000
0011 097 145 170 197 000 000 000 000
0012 080 150 164 204 068 222 113 238
0013 072 152 160 202 069 221 113 238
0014 073 152 157 200 000 000 000 000
0015 071 153 157 201 069 221 114 238
0016 070 146 155 199 000 000 000 000
0017 077 145 156 196 000 000 000 000
0018 091 151 153 202 069 221 113 238
0019 111 165 169 218 065 222 118 239
0020 121 187 179 237 000 000 000 000
0021 121 215 181 239 000 000 000 000
0022 126 213 175 239 067 223 115 239
0023 124 216 175 239 067 222 116 239
