0000 069 205 100 238 136 211 169 239
0001 066 202 098 237 136 211 170 239
0002 066 205 098 237 136 211 170 239
0003 065 204 098 238 136 211 170 239
0004 065 206 097 238 136 211 170 239
0005 136 211 170 239 066 209 095 237
0006 136 211 170 239 067 209 095 237
0007 135 211 170 239 070 213 094 239
0008 137 210 172 237 066 211 092 239
0009 138 202 176 231 065 209 092 237
0010 140 182 177 213 067 207 095 236
0011 067 207 095 238 144 157 182 189
0012 147 132 188 170 068 209 096 236
0013 158 112 194 150 068 209 096 236
0014 167 095 196 133 067 211 092 238
0015 173 086 206 126 065 208 092 239
0016 174 082 203 114 067 211 093 238
0017 173 074 204 107 068 209 096 235
0018 177 066 211 101 069 213 094 238
0019 069 213 094 238 175 060 209 095
0020 170 057 207 089 069 213 093 238
0021 171 051 207 085 068 209 095 235
0022 173 048 206 082 065 209 091 238
0023 172 047 206 077 065 209 091 238
0024 171 048 206 078 068 211 091 236
0025 172 041 205 074 065 208 089 236
0026 170 040 209 075 066 209 089 236
0027 168 039 210 073 065 209 088 236
0028 173 039 204 070 070 213 093 236
0029 171 042 205 071 070 213 092 236
0030 172 041 205 072 070 213 092 236
0031 172 041 205 072 065 209 088 236
0032 172 042 205 072 065 207 089 235
0033 172 042 204 073 065 208 089 235
0034 170 042 206 074 065 209 089 236
0035 171 042 209 074 064 212 090 239
0036 169 042 208 073 065 209 092 237
0037 168 044 208 076 067 212 092 238
0038 173 050 205 083 069 214 093 239
0039 174 062 200 094 068 212 093 239
0040 066 211 092 239 167 079 193 116
0041 155 108 184 144 069 214 093 239
0042 069 213 093 239 144 136 172 171
0043 136 168 172 200 068 212 092 239
0044 134 192 169 219 069 214 093 239
0045 133 206 167 235 067 209 094 236
0046 131 210 166 238 067 208 094 237
0047 131 211 165 239 068 213 093 239
0048 132 211 167 236 067 209 096 239
0049 132 209 167 237 067 209 096 239
0050 132 209 167 237 067 209 096 239
0051 132 209 167 238 068 209 096 239
0052 129 210 168 236 068 210 095 239
0053 131 209 167 237 065 210 094 239
0054 132 209 167 237 068 210 094 239
0055 129 210 168 236 068 210 095 238
