0002 088 215 119 239 000 000 000 000
0003 108 197 140 236 157 200 198 237
0004 112 161 163 200 141 162 194 196
0005 107 142 151 175 144 143 196 175
0006 170 114 220 154 090 111 131 151
0007 074 100 117 144 193 106 241 151
0008 043 094 088 138 231 103 278 149
0009 020 099 072 140 248 106 301 155
0010 012 113 062 147 257 114 309 156
0011 035 124 079 170 246 132 281 179
0012 208 145 259 192 060 139 093 182
0013 166 151 228 195 095 149 143 186
0014 168 156 225 198 101 152 149 189
0015 167 157 224 200 097 150 146 191
0016 162 159 222 201 096 151 144 194
0017 161 163 221 207 098 157 149 199
0018 163 174 220 221 095 174 140 217
0019 168 193 221 236 095 201 130 236
0020 183 221 215 239 000 000 000 000
