0000 118 205 142 237 189 207 210 236
0001 118 204 140 232 193 204 215 237
0002 118 203 139 234 206 173 234 212
0003 211 137 250 166 118 202 139 234
0004 118 202 139 233 227 087 255 124
0005 227 058 250 095 118 201 141 233
0006 118 202 140 231 222 047 249 080
0007 118 201 140 230 220 046 246 077
0008 119 202 141 231 218 047 244 072
0009 221 047 246 076 117 200 141 231
0010 223 050 247 083 117 201 140 231
0011 114 200 142 235 222 078 247 115
0012 208 125 238 160 115 199 143 233
0013 203 154 229 194 114 200 143 235
0014 119 202 141 232 195 197 220 233
0015 119 198 141 229 188 205 213 238
0016 188 195 213 235 118 194 141 224
