0004 205 217 238 239 034 222 064 239
0005 204 193 254 239 019 199 066 239
0006 207 171 258 227 024 175 069 228
0007 040 156 079 202 201 158 253 207
0008 053 153 099 199 201 158 253 206
0009 198 163 253 205 064 158 109 208
0010 070 163 118 204 194 165 252 202
0011 072 164 121 200 193 166 254 197
0012 078 157 125 194 195 154 254 188
0013 200 140 253 178 079 145 129 181
0014 196 128 252 164 079 126 131 164
0015 195 119 246 157 084 118 134 156
0016 195 119 247 155 090 118 141 155
0017 199 122 247 158 086 124 144 158
0018 090 132 155 170 200 133 250 170
0019 200 140 254 173 097 139 155 177
0020 102 144 163 179 195 146 259 180
0021 100 145 167 176 201 149 264 181
0022 205 131 262 172 102 140 169 173
0023 204 124 260 165 107 127 166 165
0024 202 112 256 153 109 113 167 153
0025 201 107 252 147 106 115 166 155
0026 108 112 164 155 202 105 249 145
0027 203 109 250 146 109 115 172 155
0028 204 117 252 154 113 116 176 158
0029 204 126 255 166 110 125 180 162
0030 206 131 259 172 116 134 186 172
0031 124 140 197 177 209 137 268 176
0032 127 144 201 174 214 137 270 167
0033 214 123 273 163 126 134 203 167
0034 214 112 271 153 131 125 200 160
0035 211 115 266 154 133 121 199 154
0036 128 119 197 157 212 112 262 151
0037 127 120 195 156 214 114 258 153
0038 127 127 198 161 213 117 261 156
0039 212 125 263 164 134 133 206 168
0040 214 134 266 169 135 143 210 178
0041 137 147 209 179 214 140 271 177
0042 136 149 210 178 215 141 271 177
0043 219 135 272 177 137 150 210 179
0044 221 128 270 175 136 142 206 175
0045 219 118 272 170 132 128 207 170
0046 216 117 272 164 127 119 199 155
0047 116 112 172 153 222 124 269 163
0048 236 131 276 176 085 123 151 162
0049 247 157 285 201 056 154 107 201
0050 252 189 295 236 022 203 061 236
