0000 174 219 192 239 000 000 000 000
0001 172 216 197 239 087 221 109 239
0002 171 194 194 236 085 217 111 239
0003 157 169 185 208 087 212 114 239
0004 123 159 163 194 123 108 163 137
0005 145 113 182 145 112 090 150 119
0006 153 100 186 125 107 089 148 116
0007 151 088 189 116 110 091 150 117
0008 153 089 185 114 111 092 150 116
0009 150 090 182 115 113 092 147 115
0010 111 092 150 116 152 091 183 113
0011 111 092 150 116 149 091 183 115
0012 111 092 151 117 151 092 182 115
0013 111 092 150 116 152 090 181 114
0014 110 092 150 116 151 093 179 116
0015 110 091 150 116 151 090 180 114
0016 110 092 150 116 151 092 179 115
0017 110 091 149 116 150 091 179 115
0018 110 093 150 117 150 090 178 115
0019 109 092 150 117 150 089 179 115
0020 108 093 151 119 150 089 179 117
0021 105 101 146 125 146 093 181 122
0022 147 099 181 133 113 111 147 138
0023 127 132 173 170 000 000 000 000
0024 148 184 188 212 104 178 143 212
0025 087 209 114 239 175 208 197 238
0026 082 219 107 238 176 216 198 239
0027 173 218 195 239 083 215 108 237
0028 087 216 109 239 172 221 192 239
0029 087 217 109 239 172 221 193 239
0030 085 217 108 239 172 220 192 239
0031 086 217 110 239 172 219 193 238
0032 088 216 110 239 175 220 195 239
