0006 185 189 241 225 000 000 000 000
0007 180 189 233 219 000 000 000 000
0008 148 194 200 224 000 000 000 000
0009 112 189 156 215 000 000 000 000
0010 086 169 141 203 000 000 000 000
0011 076 157 132 196 000 000 000 000
0012 072 156 134 194 000 000 000 000
0013 075 157 134 196 000 000 000 000
0014 081 168 144 201 000 000 000 000
0015 106 174 157 205 000 000 000 000
0016 142 176 189 205 000 000 000 000
0017 158 164 216 198 000 000 000 000
0018 173 148 232 185 000 000 000 000
0019 175 150 229 192 000 000 000 000
0020 161 170 215 202 000 000 000 000
0021 137 186 184 214 000 000 000 000
0022 101 178 148 207 000 000 000 000
0023 084 171 142 208 000 000 000 000
0024 077 162 132 198 000 000 000 000
0025 078 165 134 199 000 000 000 000
0026 080 172 144 209 000 000 000 000
0027 110 180 161 210 000 000 000 000
0028 149 180 198 209 000 000 000 000
0029 179 163 235 197 000 000 000 000
0030 193 159 245 196 000 000 000 000
0031 190 163 253 201 000 000 000 000
0032 198 181 243 216 000 000 000 000
0033 201 221 236 239 000 000 000 000
