0000 206 207 248 239 112 214 148 239
0001 212 205 254 238 112 214 148 239
0002 216 203 255 235 112 212 146 239
0003 229 202 268 235 112 213 146 239
0004 248 196 288 233 113 211 151 239
0005 256 171 302 214 112 214 146 239
0006 253 134 300 190 112 214 146 239
0007 247 099 291 156 112 213 146 239
0008 238 084 284 141 112 214 145 239
0009 231 079 278 128 112 213 145 239
0010 226 076 276 123 113 210 147 239
0011 225 077 269 118 112 213 146 239
0012 217 074 270 120 111 211 145 239
0013 215 076 270 120 111 211 145 239
0014 217 077 268 121 112 211 147 239
0015 217 076 268 121 111 210 147 239
0016 220 077 271 122 112 210 147 239
0017 221 077 271 121 111 212 145 239
0018 221 076 271 121 111 211 147 239
0019 218 075 271 120 111 212 145 239
0020 221 077 265 115 112 212 145 239
0021 222 076 270 121 112 212 145 239
0022 222 076 271 120 111 212 145 239
0023 218 076 270 120 111 212 145 239
0024 219 074 274 119 111 209 148 239
0025 221 076 271 120 111 209 148 238
0026 227 074 273 118 111 210 147 239
0027 233 074 280 125 111 211 147 239
0028 239 081 284 136 111 211 147 239
0029 248 102 288 156 111 212 146 239
0030 243 134 285 188 110 213 146 239
0031 231 165 270 209 111 210 151 239
0032 209 190 248 228 111 211 148 239
0033 188 207 235 237 108 213 149 238
0034 186 206 233 238 111 210 147 239
