0000 126 222 146 239 000 000 000 000
0001 123 222 147 239 205 224 233 239
0002 122 223 147 239 205 224 233 239
0003 123 223 147 239 000 000 000 000
0004 124 223 148 239 205 224 233 239
0005 126 223 146 239 000 000 000 000
0006 129 221 159 238 195 223 223 239
0007 176 216 212 239 133 218 163 239
0008 164 208 205 239 134 212 164 239
0009 135 207 163 238 162 201 201 230
0010 132 193 160 229 162 198 202 227
0011 161 193 204 223 131 194 159 229
0012 163 177 200 217 130 183 161 217
0013 110 170 141 207 175 186 206 211
0014 087 173 123 203 197 182 245 210
0015 071 172 105 200 221 178 267 208
0016 234 176 279 206 067 170 103 195
0017 246 176 291 206 061 166 098 194
0018 249 176 295 205 056 164 091 191
0019 252 175 296 204 056 165 088 189
0020 253 175 295 203 057 165 089 190
0021 252 176 294 203 057 166 089 190
0022 252 175 298 200 058 164 092 193
0023 247 174 293 208 062 170 097 197
0024 072 186 108 214 243 192 275 231
0025 085 201 119 232 230 214 255 239
0026 100 211 127 237 218 223 244 239
0027 112 221 133 239 000 000 000 000
0028 121 219 138 239 000 000 000 000
0029 121 222 139 239 000 000 000 000
