0000 060 197 118 239 139 196 193 238
0001 072 151 125 200 143 134 187 191
0002 143 097 186 173 076 116 122 164
0003 139 071 182 149 083 088 123 144
0004 127 072 176 147 086 077 129 138
0005 134 068 174 141 087 073 129 137
0006 089 075 131 139 126 071 175 144
0007 127 071 176 134 090 073 133 129
0008 123 057 167 136 098 057 133 122
0009 123 060 179 135 091 053 128 121
0010 125 054 185 132 091 055 129 127
0011 126 052 184 135 092 053 128 125
0012 125 058 179 136 091 060 134 129
0013 127 059 179 134 090 065 133 121
0014 126 064 178 139 093 071 133 137
0015 085 089 132 149 131 078 176 144
0016 078 134 129 183 129 114 177 175
0017 128 158 176 211 068 169 122 220
0018 065 199 118 239 128 200 175 239
0019 126 211 175 239 066 220 119 239
0020 124 213 175 239 056 220 116 238
