0000 162 209 187 239 052 217 080 239
0001 163 209 188 239 049 215 081 238
0002 165 205 192 236 054 219 078 239
0003 174 202 204 238 053 216 083 239
0004 187 188 221 222 060 217 089 239
0005 191 167 237 196 063 220 088 239
0006 195 144 248 169 059 215 090 239
0007 203 126 250 154 063 219 088 239
0008 204 116 249 145 060 219 085 239
0009 203 108 247 140 060 220 085 239
0010 204 106 247 138 056 216 085 239
0011 201 114 243 143 057 217 086 239
0012 202 118 247 144 057 214 086 239
0013 203 126 249 152 060 218 085 238
0014 198 138 249 160 056 212 085 239
0015 194 139 243 165 059 220 084 238
0016 195 145 247 170 059 215 086 239
0017 196 141 246 165 061 219 085 238
0018 200 137 247 158 056 216 086 239
0019 201 132 249 156 056 215 086 239
0020 198 139 248 162 060 219 085 238
0021 189 149 248 177 056 214 086 239
0022 190 149 248 179 057 215 085 237
0023 193 146 242 170 056 214 087 238
0024 058 213 087 238 195 146 246 169
0025 057 212 086 238 194 144 246 169
0026 057 212 086 238 188 150 244 176
0027 058 212 086 239 189 153 243 183
0028 185 151 241 181 055 211 085 239
0029 188 150 239 177 059 218 086 239
0030 186 150 240 181 058 214 088 238
0031 192 164 241 190 059 214 088 238
0032 058 213 088 238 191 164 243 191
0033 188 161 243 187 059 219 086 239
0034 190 158 243 185 057 216 084 238
0035 186 163 242 192 058 217 084 238
0036 056 211 086 238 191 168 242 195
0037 190 169 240 193 059 215 086 238
0038 192 170 242 193 058 217 086 239
0039 195 172 240 195 058 215 086 239
0040 056 212 087 238 195 172 242 194
0041 194 169 241 190 054 212 087 238
0042 054 212 087 237 195 171 244 192
0043 055 212 087 238 193 174 241 199
0044 055 211 088 238 193 169 240 194
0045 054 212 087 238 193 168 241 190
0046 054 212 087 238 189 168 242 194
0047 194 176 241 198 058 214 086 238
0048 189 174 238 200 055 210 085 236
0049 190 177 238 200 055 210 086 237
0050 190 177 237 202 055 210 086 236
0051 189 181 235 209 055 212 085 238
0052 192 190 234 216 055 210 085 238
0053 187 195 234 227 058 212 087 238
0054 188 204 224 236 059 211 087 237
0055 182 206 212 239 059 212 088 238
0056 179 208 205 238 059 212 087 238
0057 173 208 202 237 057 212 088 238
0058 055 209 091 239 169 209 196 239
0059 062 212 087 238 165 213 188 237
