0000 113 202 135 232 177 192 200 231
0001 174 188 200 228 114 192 138 224
0002 167 170 195 203 117 169 142 199
0003 161 157 193 187 124 147 153 175
0004 150 138 186 164 136 118 169 143
0005 134 133 170 154 152 104 181 127
0006 159 101 189 124 121 127 156 144
0007 123 123 158 140 157 099 185 124
0008 137 122 176 139 144 103 175 124
0009 144 121 181 139 139 104 165 125
0010 139 102 169 123 139 125 177 146
0011 145 099 171 121 137 126 174 144
0012 127 127 163 145 155 104 184 125
0013 124 125 158 145 157 105 182 126
0014 152 105 178 126 129 125 165 142
0015 141 127 177 146 143 103 169 125
0016 153 128 189 148 130 108 159 128
0017 134 107 165 128 148 128 182 152
0018 145 107 174 128 133 132 170 153
0019 124 130 165 149 152 107 179 128
0020 152 109 180 128 123 127 159 145
0021 127 127 165 145 149 106 175 126
0022 137 113 169 136 146 136 183 157
0023 128 126 160 153 161 146 195 175
0024 118 154 146 179 181 169 208 203
0025 113 172 139 202 182 182 207 218
0026 114 185 139 216 182 187 205 224
0027 114 194 137 221 182 190 202 226
0028 114 198 136 226 180 192 202 229
