0000 127 107 157 157 061 166 088 211
0001 115 109 145 161 071 146 095 195
0002 083 117 123 171 000 000 000 000
0003 090 117 132 163 000 000 000 000
0004 091 119 135 163 000 000 000 000
0005 093 120 133 157 000 000 000 000
0006 096 117 129 153 000 000 000 000
0007 097 117 134 153 000 000 000 000
0008 098 119 135 156 000 000 000 000
0009 099 119 135 156 000 000 000 000
0010 099 119 134 156 000 000 000 000
0011 098 118 134 156 000 000 000 000
0012 098 119 134 156 000 000 000 000
0013 099 118 135 154 000 000 000 000
0014 099 119 134 157 000 000 000 000
0015 098 119 129 155 000 000 000 000
0016 100 118 129 154 000 000 000 000
0017 099 117 128 153 000 000 000 000
0018 089 120 128 156 000 000 000 000
0019 079 126 110 162 109 125 139 164
0020 115 140 147 179 069 136 100 176
0021 064 169 095 201 124 176 150 199
0022 058 186 093 221 131 196 158 228
0023 060 199 092 235 122 209 159 239
0024 063 201 094 234 125 211 159 238
0025 063 201 095 235 125 212 159 239
0026 125 209 160 239 066 206 093 235
0027 124 212 158 239 067 207 092 234
0028 124 212 159 239 066 209 093 234
0029 063 208 093 236 126 211 160 239
0030 059 210 090 235 126 211 160 239
0031 059 208 089 235 126 211 160 239
0032 059 208 090 235 126 211 160 239
0033 125 209 161 239 059 208 090 236
0034 125 212 160 239 058 210 089 235
