0000 160 152 180 177 112 159 129 179
0001 169 138 191 164 100 150 119 173
0002 073 135 093 157 198 119 217 138
0003 058 125 082 148 209 112 235 135
0004 045 119 074 141 219 107 254 130
0005 039 113 069 134 221 106 256 129
0006 217 108 253 131 040 108 076 133
0007 067 091 097 117 197 092 230 116
0008 163 064 186 094 105 069 129 095
0009 154 046 184 080 116 057 138 082
0010 151 047 186 075 116 052 138 075
0011 164 052 198 078 105 047 134 073
0012 090 050 115 079 183 055 208 077
0013 077 049 098 080 195 058 216 088
0014 058 061 082 093 210 065 235 100
0015 046 081 076 109 221 091 248 113
0016 051 088 083 116 211 100 245 124
0017 080 080 108 106 185 091 211 111
0018 107 054 132 088 000 000 000 000
0019 117 040 140 072 143 038 172 068
0020 113 037 139 061 147 037 175 065
0021 106 035 134 063 154 041 182 065
0022 100 038 124 067 167 044 192 065
0023 095 040 116 070 165 040 197 072
0024 092 048 114 076 176 049 198 080
0025 090 059 113 088 177 059 199 087
0026 088 077 112 104 175 077 199 103
0027 085 111 110 134 178 104 198 129
0028 096 137 115 159 171 140 192 162
0029 167 156 184 181 104 155 121 181
0030 107 161 124 186 162 163 178 188
0031 112 162 129 188 160 162 177 189
0032 111 163 129 188 157 162 174 185
