0000 117 198 137 230 000 000 000 000
0001 117 200 137 230 000 000 000 000
0002 117 200 137 230 000 000 000 000
0003 114 199 135 231 000 000 000 000
0004 114 199 134 230 000 000 000 000
0005 114 200 133 231 000 000 000 000
0006 115 201 135 232 000 000 000 000
0007 116 201 136 232 000 000 000 000
0008 117 201 137 233 200 194 219 227
0009 118 201 137 232 201 197 221 228
0010 118 198 137 229 201 187 219 222
0011 115 186 137 218 199 170 218 209
0012 113 173 135 205 194 155 213 194
0013 116 154 137 185 189 137 210 171
0014 119 130 141 158 184 124 208 147
0015 123 116 147 143 187 113 212 139
0016 122 112 146 142 193 122 216 143
0017 230 131 268 160 113 114 138 140
0018 084 124 117 152 263 137 301 170
0019 054 136 086 161 274 129 317 168
0020 030 139 062 163 280 118 315 156
0021 021 139 049 160 282 116 316 147
0022 012 132 043 155 283 112 315 145
0023 017 128 048 151 290 114 313 145
0024 020 124 052 146 296 116 319 141
0025 014 118 052 141 302 113 319 141
0026 017 091 054 113 303 114 319 142
0027 033 060 064 084 295 110 319 136
0028 059 034 084 063 295 110 319 136
0029 088 020 111 052 297 111 319 139
0030 107 014 132 057 293 111 319 138
0031 120 022 144 062 293 112 319 140
0032 126 027 149 064 295 114 319 144
0033 117 028 139 066 295 115 319 146
0034 104 035 128 071 292 116 319 144
0035 074 042 112 077 292 110 318 143
0036 054 056 091 084 297 113 319 142
0037 036 072 072 094 301 114 319 145
0038 032 078 067 101 292 110 313 142
0039 033 074 065 098 293 110 319 138
0040 035 059 068 088 292 111 319 138
0041 061 035 088 061 294 106 319 134
0042 092 020 114 053 291 105 319 134
0043 289 104 318 131 111 023 132 059
0044 120 025 141 059 290 104 319 131
0045 289 107 319 134 119 023 139 057
0046 286 109 319 134 112 026 133 060
0047 096 029 119 068 287 116 319 144
0048 073 053 103 095 276 134 312 167
0049 064 080 096 116 266 147 307 181
0050 070 156 101 181 236 169 264 214
0051 092 187 120 216 220 189 241 226
0052 113 195 136 224 202 194 221 232
0053 125 195 143 224 195 198 214 232
0054 192 196 212 228 000 000 000 000
0055 194 195 214 229 000 000 000 000
0056 193 193 213 229 000 000 000 000
