0000 094 223 118 239 187 223 211 239
0001 093 216 114 238 186 223 208 239
0002 082 203 106 229 178 205 206 236
0003 076 153 107 185 182 142 217 183
0004 074 103 103 146 183 102 210 146
0005 078 080 107 125 186 074 209 115
0006 182 058 210 109 079 074 108 115
0007 080 067 109 110 184 059 209 108
0008 082 066 112 110 189 060 213 107
0009 082 066 112 109 189 057 214 107
0010 082 066 111 108 188 058 214 106
0011 083 067 112 109 189 059 214 106
0012 189 058 215 111 083 066 112 107
0013 083 067 112 108 189 060 216 108
0014 083 067 113 109 190 059 217 112
0015 080 070 109 112 190 060 216 108
0016 189 074 216 121 078 080 108 125
0017 068 122 101 163 189 120 219 175
0018 066 157 094 184 192 156 224 198
0019 074 207 099 236 187 208 214 237
0020 189 223 214 239 085 220 107 238
0021 091 223 112 239 190 223 214 239
0022 089 215 116 239 000 000 000 000
0023 094 216 114 239 190 223 216 239
0024 096 222 114 239 188 222 214 239
0025 089 219 113 239 188 224 211 239
0026 093 216 114 237 186 223 214 239
