0000 099 169 157 224 000 000 000 000
0001 092 141 152 187 000 000 000 000
0002 084 124 152 171 000 000 000 000
0003 085 123 150 178 000 000 000 000
0004 098 124 154 165 000 000 000 000
0005 106 118 165 171 000 000 000 000
0006 112 119 168 171 000 000 000 000
0007 122 118 174 164 000 000 000 000
0008 131 114 184 172 000 000 000 000
0009 140 115 190 164 000 000 000 000
0010 149 113 198 164 000 000 000 000
0011 156 112 204 169 000 000 000 000
0012 158 110 209 170 000 000 000 000
0013 154 115 207 174 000 000 000 000
0014 156 127 212 181 000 000 000 000
0015 165 159 227 224 000 000 000 000
0016 171 194 228 239 000 000 000 000
0017 174 209 222 239 000 000 000 000
0018 176 217 217 236 000 000 000 000
