0003 115 197 162 236 081 201 108 234
0004 120 154 157 195 087 154 111 206
0005 112 117 152 179 000 000 000 000
0006 107 093 130 156 122 094 148 157
0007 107 083 131 148 123 096 148 148
0008 108 079 130 149 123 093 148 149
0009 106 080 130 147 123 086 148 146
0010 106 078 130 139 122 087 149 138
0011 102 076 130 145 119 082 139 143
0012 105 077 130 143 124 084 146 140
0013 098 077 127 140 116 081 136 144
0014 106 079 130 138 122 081 142 144
0015 106 076 131 141 121 083 141 143
0016 114 085 137 149 000 000 000 000
0017 123 100 146 183 108 104 128 178
0018 102 173 151 222 000 000 000 000
0019 116 211 161 237 082 220 114 239
