0000 093 201 142 236 000 000 000 000
0001 093 201 143 236 000 000 000 000
0002 093 202 142 236 000 000 000 000
0003 092 191 139 236 000 000 000 000
0004 088 162 139 202 000 000 000 000
0005 096 103 138 143 000 000 000 000
0006 090 085 139 127 000 000 000 000
0007 092 075 139 120 000 000 000 000
0008 094 071 139 117 000 000 000 000
0009 090 074 140 120 000 000 000 000
0010 091 073 138 116 000 000 000 000
0011 088 072 139 118 000 000 000 000
0012 089 075 140 123 000 000 000 000
0013 093 092 140 135 000 000 000 000
0014 097 116 139 152 000 000 000 000
0015 099 162 141 196 000 000 000 000
0016 103 199 143 232 000 000 000 000
0017 104 202 142 232 000 000 000 000
0018 103 206 143 235 000 000 000 000
0019 103 204 143 234 000 000 000 000
0020 103 205 144 235 000 000 000 000
0021 103 205 144 235 000 000 000 000
