0000 092 200 116 232 169 176 199 202
0001 090 192 113 221 164 162 193 183
0002 088 190 113 221 162 156 183 180
0003 085 199 109 228 137 173 163 202
0004 130 190 154 228 084 196 108 236
0005 123 176 145 223 088 178 112 214
0006 100 137 142 171 000 000 000 000
0007 082 069 113 111 116 074 142 099
0008 077 054 106 092 132 054 161 094
0009 076 067 101 093 145 068 171 097
0010 072 073 105 097 144 072 171 099
0011 064 073 099 111 142 071 169 102
0012 127 091 154 128 062 097 100 141
0013 116 147 151 179 067 151 087 183
0014 072 198 095 235 126 182 151 229
0015 130 201 155 235 077 205 101 239
0016 077 206 099 238 134 201 158 237
0017 074 205 097 236 137 199 161 235
0018 073 206 094 238 137 198 162 234
0019 074 207 096 236 135 200 158 234
0020 130 201 157 235 075 206 097 234
