0002 163 214 204 239 000 000 000 000
0003 173 189 214 235 000 000 000 000
0004 183 159 222 215 000 000 000 000
0005 193 137 233 195 000 000 000 000
0006 203 136 256 189 000 000 000 000
0007 204 146 272 189 000 000 000 000
0008 190 145 256 190 000 000 000 000
0009 196 153 254 223 000 000 000 000
0010 205 146 268 215 000 000 000 000
0011 192 132 266 165 000 000 000 000
0012 181 132 250 171 000 000 000 000
0013 186 146 252 206 000 000 000 000
0014 208 146 278 212 000 000 000 000
0015 198 130 264 165 000 000 000 000
0016 172 124 241 158 000 000 000 000
0017 186 133 245 183 000 000 000 000
0018 201 125 260 170 000 000 000 000
0019 195 110 260 142 000 000 000 000
0020 188 114 242 161 000 000 000 000
0021 202 111 257 152 000 000 000 000
0022 198 111 244 160 000 000 000 000
0023 194 132 223 184 000 000 000 000
0024 171 183 214 224 000 000 000 000
0025 164 210 210 236 000 000 000 000
