0000 113 198 130 228 189 200 209 232
0001 113 198 130 229 192 205 211 233
0002 114 197 131 231 191 205 210 233
0003 115 198 133 232 192 207 211 234
0004 116 196 134 232 189 201 209 234
0005 116 196 133 232 191 198 209 235
0006 116 196 134 232 179 167 201 204
0007 116 197 134 233 000 000 000 000
0008 116 200 133 233 139 088 168 123
0009 130 069 161 111 116 200 134 234
0010 127 080 158 112 117 199 134 233
0011 123 085 161 113 117 200 135 233
0012 117 200 135 233 127 086 155 110
0013 116 198 132 233 126 085 154 110
0014 114 201 132 233 119 102 163 128
0015 113 200 130 230 131 144 169 176
0016 112 201 130 232 165 181 197 225
0017 112 199 131 232 189 200 210 235
0018 112 200 131 231 192 200 212 234
