0003 147 215 193 239 000 000 000 000
0004 115 107 169 183 000 000 000 000
0005 122 076 165 161 000 000 000 000
0006 124 070 164 149 000 000 000 000
0007 125 067 163 142 000 000 000 000
0008 123 072 163 146 000 000 000 000
0009 122 071 163 146 000 000 000 000
0010 123 071 163 148 000 000 000 000
0011 123 070 163 145 000 000 000 000
0012 122 070 162 146 000 000 000 000
0013 123 068 162 142 000 000 000 000
0014 123 068 163 145 000 000 000 000
0015 124 071 162 146 000 000 000 000
0016 133 086 171 167 000 000 000 000
0017 165 189 208 236 000 000 000 000
