0008 106 217 131 239 000 000 000 000
0009 065 189 114 239 000 000 000 000
0010 052 138 107 189 000 000 000 000
0011 052 118 104 170 000 000 000 000
0012 046 111 103 162 000 000 000 000
0013 037 109 099 157 000 000 000 000
0014 024 113 098 156 000 000 000 000
0015 015 118 096 161 000 000 000 000
0016 016 118 094 158 000 000 000 000
0017 021 124 095 162 000 000 000 000
0018 010 132 084 168 000 000 000 000
0019 011 147 094 194 000 000 000 000
0020 035 149 095 195 000 000 000 000
0021 043 145 100 183 000 000 000 000
0022 040 122 091 171 000 000 000 000
0023 017 145 092 182 000 000 000 000
0024 013 157 083 194 000 000 000 000
0025 030 166 094 220 000 000 000 000
0026 050 153 099 190 000 000 000 000
0027 049 112 099 170 000 000 000 000
0028 040 105 090 159 000 000 000 000
0029 024 126 090 163 000 000 000 000
0030 020 142 090 190 000 000 000 000
0031 035 146 096 193 000 000 000 000
0032 053 128 101 177 000 000 000 000
0033 055 124 103 175 000 000 000 000
0034 030 153 101 192 000 000 000 000
0035 041 162 103 218 000 000 000 000
0036 060 167 103 212 000 000 000 000
0037 055 159 109 193 000 000 000 000
0038 031 157 104 192 000 000 000 000
0039 041 158 101 212 000 000 000 000
0040 052 158 104 210 000 000 000 000
0041 040 139 108 181 000 000 000 000
0042 022 143 094 176 000 000 000 000
0043 034 153 094 204 000 000 000 000
0044 056 158 103 214 000 000 000 000
0045 057 159 108 196 000 000 000 000
0046 041 145 107 189 000 000 000 000
0047 030 153 101 190 000 000 000 000
0048 043 167 102 209 000 000 000 000
0049 051 173 106 216 000 000 000 000
0050 066 181 119 228 000 000 000 000
0051 079 191 123 236 000 000 000 000
0052 094 208 132 238 000 000 000 000
0053 102 220 135 239 000 000 000 000
0054 117 223 143 239 000 000 000 000
