0000 104 131 142 172 150 152 188 192
0001 105 136 139 188 146 149 181 189
0002 106 143 142 191 140 149 174 195
0003 104 144 140 197 137 154 169 200
0004 108 148 143 197 137 155 172 199
0005 138 150 169 202 110 149 138 201
0006 112 150 139 202 139 151 169 206
0007 110 149 140 202 139 151 168 203
0008 138 150 170 208 111 150 140 202
0009 137 149 169 209 110 150 140 209
0010 137 149 168 207 112 152 139 205
0011 137 151 168 207 111 151 138 204
0012 139 150 171 206 111 152 138 199
0013 137 150 168 207 112 147 139 200
0014 137 150 168 205 112 146 139 201
0015 137 150 168 206 112 147 139 201
0016 112 149 140 202 139 153 169 200
0017 112 148 140 202 139 153 168 200
0018 113 148 140 199 138 147 168 201
0019 113 149 140 199 138 147 168 201
0020 113 148 140 199 138 147 168 200
0021 114 149 141 199 137 147 168 201
0022 113 147 142 199 140 149 170 203
0023 110 149 142 190 142 152 177 195
0024 101 155 140 191 147 163 181 203
0025 094 162 133 199 155 171 191 211
0026 159 181 195 218 090 179 123 216
0027 160 182 197 221 088 188 121 224
0028 160 183 198 222 088 193 121 229
0029 160 185 197 224 088 198 125 234
0030 159 188 195 227 089 201 125 234
0031 160 187 195 228 089 203 124 235
0032 161 190 195 228 089 202 124 235
0033 089 203 125 236 159 188 195 227
0034 161 193 195 228 089 203 124 236
0035 162 194 196 229 088 204 124 236
0036 160 193 195 227 089 204 124 235
0037 162 194 196 228 089 204 124 236
0038 162 194 196 229 089 204 124 236
0039 159 192 194 225 088 204 123 236
0040 162 195 196 229 088 204 123 236
