0006 067 183 125 226 000 000 000 000
0007 077 186 135 233 000 000 000 000
0008 075 174 132 213 088 220 139 239
0009 078 140 133 184 087 220 134 239
0010 066 136 125 183 068 188 124 224
0011 061 166 121 219 068 146 127 179
0012 068 196 113 239 071 117 127 157
0013 074 131 130 171 076 186 127 235
0014 074 181 140 233 072 163 127 202
0015 075 138 138 182 075 194 130 236
0016 063 149 131 195 000 000 000 000
0017 062 169 126 221 067 138 125 172
0018 073 118 129 159 070 190 122 239
0019 076 140 143 179 076 175 130 227
0020 079 156 136 202 088 204 134 239
0021 076 151 140 193 081 210 127 236
0022 069 170 138 218 000 000 000 000
0023 066 196 122 239 069 127 121 167
0024 073 113 128 159 075 196 126 239
0025 079 151 145 200 000 000 000 000
0026 073 182 145 235 078 149 138 190
0027 071 196 129 237 074 143 136 183
0028 067 162 134 207 000 000 000 000
0029 078 187 133 236 067 152 127 190
0030 068 145 129 188 066 205 120 239
0031 068 173 135 220 000 000 000 000
