0000 165 201 183 231 097 196 117 229
0001 166 200 186 232 098 198 116 225
0002 168 199 188 234 096 193 116 226
0003 165 197 187 230 094 194 115 228
0004 164 199 185 232 094 195 114 228
0005 091 197 113 224 163 197 184 230
0006 076 192 105 215 162 189 187 226
0007 063 178 097 204 172 178 196 218
0008 041 154 082 180 195 160 221 198
0009 023 116 060 147 222 124 261 157
0010 246 104 291 138 010 093 047 127
0011 003 085 036 112 259 090 308 125
0012 001 085 033 111 267 092 312 123
0013 268 092 313 121 003 091 035 111
0014 269 093 313 121 002 091 033 116
0015 268 094 312 121 003 093 032 117
0016 269 096 313 122 004 095 035 116
0017 269 097 312 123 001 094 034 115
0018 269 097 312 123 000 094 034 114
0019 269 095 312 121 003 093 034 114
0020 267 093 312 121 002 077 035 101
0021 268 093 311 119 009 055 037 081
0022 266 097 312 120 025 038 053 070
0023 265 092 311 118 040 030 065 067
0024 267 093 314 120 058 025 081 064
0025 265 093 312 121 066 024 092 061
0026 266 095 312 124 067 024 093 060
0027 268 097 316 124 066 022 092 058
0028 267 098 312 125 067 022 091 059
0029 266 097 312 125 066 022 091 058
0030 268 096 312 123 065 021 090 057
0031 268 096 312 122 066 021 090 057
0032 268 094 312 121 064 021 088 056
0033 269 092 312 120 062 021 088 059
0034 265 093 309 125 059 025 083 063
0035 265 100 306 131 053 035 078 076
0036 043 053 069 095 260 126 292 151
0037 035 086 062 127 242 142 277 182
0038 032 137 065 162 222 163 249 210
0039 045 166 072 191 209 179 234 225
0040 066 193 093 222 191 193 213 231
0041 093 197 110 222 173 199 193 231
0042 168 199 188 232 100 198 118 225
0043 168 201 188 233 102 195 119 222
0044 169 196 190 233 100 194 117 222
0045 169 200 189 235 099 195 116 223
