0001 103 212 162 239 000 000 000 000
0002 112 181 170 236 000 000 000 000
0003 115 152 171 200 000 000 000 000
0004 121 125 176 159 000 000 000 000
0005 118 099 183 127 000 000 000 000
0006 113 088 181 115 000 000 000 000
0007 106 079 176 104 000 000 000 000
0008 115 074 179 099 000 000 000 000
0009 120 074 183 100 000 000 000 000
0010 129 074 191 100 000 000 000 000
0011 140 077 193 098 000 000 000 000
0012 149 075 208 102 000 000 000 000
0013 159 076 213 104 000 000 000 000
0014 174 078 226 101 000 000 000 000
0015 182 078 237 103 000 000 000 000
0016 189 082 247 108 000 000 000 000
0017 200 081 256 107 000 000 000 000
0018 205 081 263 106 000 000 000 000
0019 211 081 266 105 000 000 000 000
0020 211 081 267 105 000 000 000 000
0021 211 081 266 105 000 000 000 000
0022 208 080 263 104 000 000 000 000
0023 197 080 248 102 000 000 000 000
0024 182 080 238 101 000 000 000 000
0025 172 078 225 103 000 000 000 000
0026 159 077 213 101 000 000 000 000
0027 148 075 208 102 000 000 000 000
0028 139 074 200 100 000 000 000 000
0029 136 073 197 098 000 000 000 000
0030 127 074 190 100 000 000 000 000
0031 120 073 186 099 000 000 000 000
0032 117 074 181 101 000 000 000 000
0033 110 071 178 099 000 000 000 000
0034 112 073 178 098 000 000 000 000
0035 113 073 179 099 000 000 000 000
0036 111 073 175 100 000 000 000 000
0037 113 073 181 098 000 000 000 000
0038 115 074 180 099 000 000 000 000
0039 115 075 186 100 000 000 000 000
0040 125 074 189 099 000 000 000 000
0041 138 074 197 100 000 000 000 000
0042 148 073 205 099 000 000 000 000
0043 159 074 211 099 000 000 000 000
0044 171 076 223 101 000 000 000 000
0045 183 075 233 101 000 000 000 000
0046 188 073 244 100 000 000 000 000
0047 196 073 254 098 000 000 000 000
0048 209 073 262 094 000 000 000 000
0049 214 073 268 095 000 000 000 000
0050 217 073 271 096 000 000 000 000
0051 216 074 276 099 000 000 000 000
0052 215 073 278 100 000 000 000 000
0053 215 072 279 100 000 000 000 000
0054 216 070 275 100 000 000 000 000
0055 216 073 273 104 000 000 000 000
0056 212 074 263 113 000 000 000 000
0057 207 080 247 121 000 000 000 000
0058 196 091 232 133 000 000 000 000
0059 176 109 215 152 000 000 000 000
0060 159 129 200 176 000 000 000 000
0061 147 157 189 200 000 000 000 000
0062 140 176 183 222 000 000 000 000
0063 123 211 163 238 000 000 000 000
