0000 093 207 124 236 169 215 192 238
0001 093 206 125 236 170 216 192 238
0002 094 207 129 237 165 212 195 234
0003 096 209 127 237 169 211 192 238
0004 167 201 191 237 096 209 127 238
0005 165 184 191 217 096 209 126 238
0006 165 164 191 194 095 209 126 237
0007 095 208 126 237 166 150 192 173
0008 095 208 125 237 166 135 189 166
0009 092 208 124 238 168 129 191 154
0010 094 208 124 238 164 121 188 152
0011 092 206 122 238 167 109 191 147
0012 093 207 122 237 169 099 195 137
0013 094 207 123 237 175 102 206 140
0014 094 208 122 237 176 105 206 139
0015 175 106 204 140 094 206 121 236
0016 169 107 207 145 093 205 121 236
0017 093 205 122 236 172 105 206 143
0018 094 207 123 238 172 105 205 143
0019 094 207 122 238 171 105 203 143
0020 094 207 122 238 172 106 202 143
0021 094 207 122 237 171 108 200 140
0022 094 207 122 238 171 107 205 145
0023 094 208 123 238 170 111 201 149
0024 167 120 199 160 094 208 122 237
0025 092 208 121 237 165 139 197 174
0026 163 158 194 192 090 206 124 237
0027 166 180 192 222 090 206 124 237
0028 093 208 122 238 170 204 196 239
0029 093 209 123 237 174 217 195 238
0030 093 208 123 237 176 216 196 238
0031 093 207 124 236 174 216 200 239
0032 094 207 124 236 173 215 195 238
0033 093 208 123 236 171 216 193 238
0034 093 209 123 237 171 216 192 237
0035 093 209 122 237 171 217 193 238
