0010 103 220 138 238 000 000 000 000
0011 096 190 133 225 000 000 000 000
0012 092 160 137 204 000 000 000 000
0013 090 137 138 186 000 000 000 000
0014 091 121 134 173 000 000 000 000
0015 085 109 132 166 000 000 000 000
0016 084 106 137 156 000 000 000 000
0017 083 100 137 152 000 000 000 000
0018 082 095 137 148 000 000 000 000
0019 081 091 135 143 000 000 000 000
0020 075 088 127 140 000 000 000 000
0021 074 088 127 140 000 000 000 000
0022 075 087 128 141 000 000 000 000
0023 078 091 133 143 000 000 000 000
0024 078 090 133 142 000 000 000 000
0025 082 087 128 144 000 000 000 000
0026 076 088 126 139 000 000 000 000
0027 076 087 131 141 000 000 000 000
0028 074 086 128 141 000 000 000 000
0029 074 087 127 141 000 000 000 000
0030 074 087 127 141 000 000 000 000
0031 079 087 132 142 000 000 000 000
0032 078 086 133 143 000 000 000 000
0033 078 087 133 142 000 000 000 000
0034 079 083 130 144 000 000 000 000
0035 074 086 128 140 000 000 000 000
0036 076 086 131 141 000 000 000 000
0037 079 087 133 142 000 000 000 000
0038 078 087 134 140 000 000 000 000
0039 084 090 137 143 000 000 000 000
0040 090 112 131 160 000 000 000 000
0041 093 143 137 185 000 000 000 000
0042 093 170 144 210 000 000 000 000
0043 101 210 146 238 000 000 000 000
0044 117 221 155 237 000 000 000 000
0045 128 224 164 239 000 000 000 000
