0000 108 213 134 239 142 212 169 239
0001 107 212 134 239 138 209 171 236
0002 107 212 133 237 137 209 167 239
0003 109 210 138 239 137 208 167 239
0004 110 210 137 239 137 207 171 237
0005 110 209 137 239 140 206 167 235
0006 109 207 138 239 140 209 165 235
0007 104 206 137 238 135 209 163 239
0008 100 201 138 237 134 205 159 237
0009 132 201 160 234 105 206 137 236
0010 098 207 135 235 133 200 161 235
0011 135 196 165 234 099 206 139 233
0012 102 199 143 229 138 196 167 229
0013 104 191 150 222 136 190 168 222
0014 134 185 173 212 106 188 145 214
0015 082 178 128 205 163 177 197 205
0016 177 170 227 199 059 172 103 199
0017 055 169 094 197 191 168 235 195
0018 045 166 088 192 197 167 236 193
0019 041 165 083 190 202 164 240 191
0020 203 164 240 191 041 165 084 190
0021 037 164 082 191 203 164 240 191
0022 034 164 089 193 200 164 239 190
0023 034 164 090 193 201 164 239 191
0024 199 163 239 190 040 163 081 190
0025 199 162 239 190 040 163 081 190
0026 198 163 237 190 039 164 081 191
0027 198 163 237 192 034 165 087 195
0028 195 168 237 199 038 174 079 197
0029 036 182 076 208 198 176 233 208
0030 052 202 085 233 193 197 222 229
0031 056 210 084 235 189 204 215 235
0032 186 212 209 237 068 217 092 239
0033 074 214 094 237 184 215 207 238
0034 179 216 201 238 078 218 099 238
0035 176 218 197 239 082 221 102 238
0036 176 218 195 239 086 223 104 239
0037 175 218 195 239 086 220 110 239
0038 176 218 196 239 085 221 110 239
0039 174 217 199 239 084 223 103 239
0040 175 218 200 239 085 223 103 239
