0000 146 201 183 235 094 174 141 226
0001 145 196 183 236 094 170 144 226
0002 148 195 186 236 101 167 143 216
0003 149 196 185 235 107 162 144 212
0004 109 179 142 216 149 196 185 234
0005 107 191 145 226 154 192 192 234
0006 149 191 189 232 111 181 148 214
0007 104 173 146 210 148 189 185 232
0008 141 181 180 227 099 170 138 206
0009 140 178 179 225 100 171 138 213
0010 143 157 181 219 098 157 134 207
0011 146 144 189 200 099 142 135 221
0012 152 130 195 196 112 126 146 201
0013 158 114 197 195 129 108 162 195
0014 130 092 174 174 169 088 199 182
0015 138 084 175 172 171 084 203 172
0016 141 068 181 155 177 066 208 159
0017 140 064 185 140 180 060 213 143
0018 149 057 185 136 183 053 214 140
0019 149 061 186 141 182 055 216 146
0020 147 060 191 136 187 058 221 144
0021 147 060 191 136 188 059 222 141
0022 151 057 187 135 181 056 216 146
0023 149 054 187 136 183 050 215 144
0024 149 054 187 134 183 048 215 137
0025 182 052 214 139 149 055 186 138
0026 181 051 213 135 145 053 185 141
0027 176 057 210 147 147 055 181 136
0028 171 067 207 149 138 068 175 145
0029 125 100 164 180 162 100 205 179
0030 111 155 153 233 157 136 205 215
0031 155 172 200 234 102 183 151 236
0032 096 192 147 239 157 198 197 238
0033 095 192 146 238 152 212 188 239
0034 100 194 148 234 154 219 187 239
0035 098 193 152 235 152 219 187 237
0036 100 189 151 236 150 217 188 237
0037 099 188 152 237 148 220 192 239
0038 101 183 149 233 152 217 193 238
0039 149 209 191 239 103 178 148 232
0040 132 178 180 235 098 165 148 220
0041 104 149 147 208 133 159 173 208
0042 106 144 147 202 130 142 165 197
0043 105 148 156 199 000 000 000 000
0044 110 147 150 205 142 153 172 199
0045 109 151 151 205 140 154 173 203
0046 127 151 169 202 114 147 142 201
0047 134 155 167 203 111 150 142 207
0048 132 157 170 202 106 150 132 212
0049 103 163 133 212 139 151 171 198
