0003 154 213 190 237 000 000 000 000
0004 154 172 196 228 000 000 000 000
0005 156 139 195 195 000 000 000 000
0006 156 089 197 156 000 000 000 000
0007 157 048 197 124 000 000 000 000
0008 156 036 199 116 000 000 000 000
0009 156 030 198 110 000 000 000 000
0010 156 026 195 103 000 000 000 000
0011 157 027 197 107 000 000 000 000
0012 157 029 197 106 000 000 000 000
0013 154 028 198 106 000 000 000 000
0014 156 029 199 110 000 000 000 000
0015 158 039 199 120 000 000 000 000
0016 167 075 207 150 000 000 000 000
0017 165 141 208 197 000 000 000 000
0018 154 201 191 238 000 000 000 000
