0002 108 202 156 237 000 000 000 000
0003 136 147 187 200 000 000 000 000
0004 175 099 218 151 000 000 000 000
0005 197 090 245 141 000 000 000 000
0006 219 105 269 152 000 000 000 000
0007 215 119 276 171 000 000 000 000
0008 207 123 259 170 000 000 000 000
0009 203 102 254 149 000 000 000 000
0010 208 080 260 132 000 000 000 000
0011 213 069 261 130 000 000 000 000
0012 227 088 272 138 000 000 000 000
0013 231 114 290 161 000 000 000 000
0014 217 128 276 175 000 000 000 000
0015 209 113 260 165 000 000 000 000
0016 210 086 260 139 000 000 000 000
0017 213 085 273 139 000 000 000 000
0018 218 107 279 159 000 000 000 000
0019 218 136 283 184 000 000 000 000
0020 210 135 262 182 000 000 000 000
0021 194 132 249 182 000 000 000 000
0022 175 145 224 191 000 000 000 000
0023 142 176 198 231 000 000 000 000
0024 105 210 149 239 000 000 000 000
