0000 201 216 243 239 000 000 000 000
0001 201 216 243 239 000 000 000 000
0002 201 217 243 239 000 000 000 000
0003 201 216 243 239 089 212 131 239
0004 075 195 117 238 199 216 242 239
0005 060 160 101 226 200 216 242 239
0006 048 137 088 201 200 216 242 239
0007 044 116 088 179 199 216 242 239
0008 042 105 086 171 199 216 243 239
0009 041 101 084 167 199 216 243 239
0010 041 094 082 160 200 216 242 239
0011 041 093 079 159 200 217 243 239
0012 038 093 082 160 199 216 242 239
0013 041 090 081 158 202 220 242 238
0014 040 095 076 161 199 219 238 237
0015 042 092 080 159 202 220 242 237
0016 041 093 081 160 199 219 238 237
0017 042 092 082 158 202 220 243 237
0018 042 092 082 158 199 219 238 237
0019 044 092 086 158 199 219 238 237
0020 043 092 082 159 202 220 242 237
0021 047 090 085 161 198 216 242 239
0022 045 092 086 157 198 219 238 237
0023 043 090 082 158 197 218 238 237
0024 042 090 084 161 199 215 242 239
0025 044 099 083 167 199 217 237 237
0026 047 108 086 181 200 217 238 237
0027 050 127 091 205 199 215 242 239
0028 060 152 099 220 199 218 237 238
0029 071 168 118 225 198 218 238 238
0030 085 195 126 236 199 217 242 239
0031 091 207 131 239 199 217 243 239
0032 200 217 241 239 097 215 131 239
0033 199 217 240 239 097 221 130 239
0034 204 217 240 239 000 000 000 000
0035 200 215 241 239 000 000 000 000
0036 200 216 243 239 000 000 000 000
0037 200 216 243 239 000 000 000 000
0038 200 216 243 239 000 000 000 000
0039 200 216 243 239 000 000 000 000
0040 200 216 243 239 000 000 000 000
