0002 109 216 143 238 000 000 000 000
0003 125 164 165 208 000 000 000 000
0004 159 100 211 155 000 000 000 000
0005 167 085 223 139 000 000 000 000
0006 169 077 225 131 000 000 000 000
0007 169 074 226 128 000 000 000 000
0008 168 073 227 128 000 000 000 000
0009 168 071 226 125 000 000 000 000
0010 167 070 227 126 000 000 000 000
0011 170 072 227 127 000 000 000 000
0012 167 074 230 129 000 000 000 000
0013 171 072 229 129 000 000 000 000
0014 170 072 228 129 000 000 000 000
0015 170 073 229 130 000 000 000 000
0016 170 074 228 130 000 000 000 000
0017 171 075 228 131 000 000 000 000
0018 170 075 229 132 000 000 000 000
0019 170 080 229 134 000 000 000 000
0020 165 107 212 153 000 000 000 000
0021 152 139 193 180 000 000 000 000
0022 133 174 174 222 000 000 000 000
0023 120 213 152 239 000 000 000 000
0024 114 222 145 239 000 000 000 000
