0000 178 206 200 238 082 204 106 236
0001 178 204 200 236 082 203 106 236
0002 179 205 200 237 081 204 106 236
0003 180 206 201 238 081 204 106 236
0004 181 207 202 239 081 204 105 235
0005 179 208 202 239 080 204 105 235
0006 176 189 201 235 079 204 104 235
0007 161 161 192 195 078 203 104 235
0008 079 203 104 234 144 091 175 139
0009 134 050 167 102 080 201 105 233
0010 137 052 164 093 080 201 105 233
0011 079 202 104 233 137 053 165 087
0012 136 058 160 094 078 203 104 236
0013 080 203 105 233 136 057 159 093
0014 079 204 104 234 138 058 164 094
0015 079 203 104 234 134 059 161 096
0016 079 204 104 234 137 058 164 094
0017 077 203 101 234 137 059 163 092
0018 076 204 100 234 137 056 162 092
0019 138 063 167 104 075 204 100 235
0020 147 092 182 135 076 202 101 231
0021 079 206 103 235 190 175 216 223
0022 195 201 219 236 078 207 104 236
0023 190 205 211 236 080 206 104 236
0024 081 206 104 237 183 204 204 236
0025 082 206 105 237 178 205 198 236
0026 176 206 197 237 083 206 106 237
0027 176 206 197 237 083 207 106 237
