0002 115 199 161 239 068 197 133 238
0003 120 155 167 234 095 160 143 231
0004 118 125 182 211 067 209 094 238
0005 116 120 195 178 000 000 000 000
0006 130 079 200 168 000 000 000 000
0007 132 077 199 160 000 000 000 000
0008 129 075 201 154 000 000 000 000
0009 128 084 200 150 000 000 000 000
0010 126 077 199 154 000 000 000 000
0011 127 070 194 156 000 000 000 000
0012 128 071 200 161 000 000 000 000
0013 126 071 193 157 000 000 000 000
0014 124 070 193 158 000 000 000 000
0015 124 071 193 161 000 000 000 000
0016 127 074 193 157 000 000 000 000
0017 125 079 192 165 000 000 000 000
0018 128 070 200 163 000 000 000 000
0019 125 083 191 152 000 000 000 000
0020 113 087 173 150 000 000 000 000
0021 092 104 131 171 128 112 165 172
0022 120 138 159 194 068 144 115 200
0023 106 185 147 231 046 207 087 238
0024 098 206 146 238 000 000 000 000
