0000 173 201 197 236 105 197 127 229
0001 106 195 126 228 172 206 194 235
0002 105 192 126 224 172 205 196 234
0003 102 186 125 208 168 188 194 225
0004 097 157 120 184 000 000 000 000
0005 176 112 200 145 093 123 114 155
0006 179 075 204 118 090 088 113 121
0007 183 051 210 100 088 061 121 098
0008 184 046 210 096 087 055 117 094
0009 185 042 212 092 087 051 115 087
0010 185 045 212 091 086 051 115 087
0011 085 052 114 089 184 046 211 092
0012 084 055 114 090 182 043 211 095
0013 085 055 114 090 180 046 209 097
0014 087 054 119 093 176 047 202 098
0015 174 049 198 097 089 054 124 091
0016 164 053 188 097 095 055 127 093
0017 101 056 132 092 156 061 181 100
0018 151 055 175 100 105 057 133 088
0019 149 061 172 097 111 058 138 089
0020 144 055 170 102 111 059 138 090
0021 143 053 170 100 112 059 139 092
0022 146 058 171 105 106 064 129 097
0023 147 061 171 117 107 071 129 098
0024 149 088 177 132 106 089 132 117
0025 151 134 179 160 106 132 130 155
0026 152 152 176 178 107 154 133 183
0027 158 177 184 216 108 172 132 201
0028 104 187 126 218 169 193 190 224
0029 100 193 124 225 172 198 193 233
0030 174 199 195 234 099 197 122 228
0031 173 198 194 233 101 195 123 225
