0000 178 195 199 229 100 206 123 234
0001 100 205 122 235 178 195 199 228
0002 100 205 123 234 180 193 200 228
0003 100 206 123 234 182 183 203 217
0004 100 206 123 234 178 148 202 172
0005 100 205 122 235 170 091 196 121
0006 101 206 124 235 182 067 206 096
0007 100 205 123 235 201 063 226 097
0008 100 205 123 234 181 070 206 099
0009 101 205 123 235 174 062 201 094
0010 101 205 124 235 193 060 213 090
0011 101 206 124 235 191 065 216 088
0012 100 206 122 235 172 061 198 094
0013 101 205 123 234 186 058 210 086
0014 100 206 122 235 194 057 216 090
0015 099 207 122 235 172 062 198 093
0016 100 207 123 236 178 060 201 091
0017 101 208 125 236 192 056 214 089
0018 100 206 122 236 187 064 208 092
0019 100 208 124 237 187 065 209 093
0020 101 206 123 236 197 083 219 120
0021 101 207 124 237 196 136 224 166
0022 102 206 125 233 191 173 215 202
0023 184 191 202 224 101 206 123 236
0024 101 205 123 235 181 195 199 226
0025 101 205 123 235 183 194 201 227
0026 101 206 124 235 180 194 200 229
0027 101 205 123 235 173 193 201 231
0028 101 205 123 235 176 197 197 228
