0002 146 165 195 222 000 000 000 000
0003 142 105 186 175 000 000 000 000
0004 140 087 186 151 000 000 000 000
0005 141 079 179 143 000 000 000 000
0006 133 086 172 137 000 000 000 000
0007 129 094 169 137 000 000 000 000
0008 132 086 171 139 000 000 000 000
0009 133 086 172 140 000 000 000 000
0010 130 084 169 144 000 000 000 000
0011 129 083 170 147 000 000 000 000
0012 134 087 166 151 000 000 000 000
0013 128 099 168 162 000 000 000 000
0014 131 097 162 163 000 000 000 000
0015 128 102 160 161 000 000 000 000
0016 129 102 165 166 000 000 000 000
0017 128 098 166 165 000 000 000 000
0018 127 104 170 168 000 000 000 000
0019 134 115 175 182 000 000 000 000
0020 132 169 177 228 000 000 000 000
