0000 198 200 221 235 100 215 127 239
0001 198 200 221 236 100 214 126 239
0002 198 201 222 234 100 215 126 239
0003 201 201 224 234 100 215 126 239
0004 100 214 126 239 206 196 229 230
0005 100 214 126 239 207 182 231 213
0006 201 150 229 180 099 214 127 239
0007 188 134 227 164 100 214 127 239
0008 184 122 220 152 100 215 127 239
0009 176 113 213 140 100 215 126 239
0010 172 112 208 137 100 215 127 239
0011 174 109 203 136 100 215 127 239
0012 167 109 201 135 101 216 130 239
0013 170 109 204 133 101 217 130 239
0014 167 109 201 135 101 217 131 239
0015 164 106 202 136 100 215 127 239
0016 164 107 202 133 099 215 126 239
0017 164 107 202 136 099 215 125 239
0018 170 109 203 134 099 215 125 239
0019 170 109 203 134 099 215 126 239
0020 170 107 201 135 099 215 126 239
0021 172 107 204 137 099 215 126 239
0022 177 113 211 144 100 215 126 239
0023 182 127 221 160 100 215 126 239
0024 195 150 224 179 104 215 128 236
0025 207 171 230 203 100 213 127 238
0026 104 215 129 236 210 185 235 224
0027 208 194 230 230 100 214 126 239
0028 207 202 230 236 102 217 131 239
0029 204 202 227 236 100 214 127 239
0030 202 202 224 235 100 215 127 239
0031 100 214 127 239 196 201 220 236
0032 197 201 219 237 100 215 127 239
0033 197 201 220 235 102 218 132 239
0034 196 202 220 235 100 215 127 239
