0000 092 208 123 238 169 214 193 239
0001 092 208 122 239 169 213 193 239
0002 088 207 124 238 169 214 193 239
0003 092 208 123 239 169 214 193 239
0004 094 207 124 234 169 214 193 239
0005 095 205 124 235 168 213 193 239
0006 099 208 127 238 165 211 191 239
0007 099 203 129 236 165 208 190 237
0008 102 204 131 234 164 207 189 237
0009 105 188 134 222 158 196 186 228
0010 152 176 185 214 104 173 132 202
0011 102 154 133 182 153 155 184 183
0012 100 130 126 159 159 127 184 158
0013 086 106 111 137 171 106 196 139
0014 066 091 095 126 182 089 208 121
0015 040 074 069 110 204 067 232 101
0016 225 052 253 088 014 060 042 097
0017 241 042 275 079 001 055 027 096
0018 243 046 280 080 002 066 029 098
0019 244 055 281 085 002 071 030 101
0020 248 060 285 086 003 075 028 104
0021 248 061 285 086 003 075 029 105
0022 248 061 284 087 002 072 028 102
0023 001 072 026 104 247 061 285 087
0024 250 064 280 088 002 071 026 100
0025 001 070 025 100 248 062 284 088
0026 001 071 024 102 248 060 285 084
0027 243 045 277 076 000 073 023 100
0028 001 071 024 105 208 030 243 064
0029 001 071 027 101 166 021 196 051
0030 151 027 185 057 001 071 027 100
0031 154 026 193 058 001 071 025 101
0032 179 017 215 054 000 075 021 100
0033 202 021 231 061 002 074 025 100
0034 000 076 022 105 235 040 272 069
0035 000 075 022 103 245 064 284 084
0036 250 063 284 082 000 075 021 101
0037 243 043 276 067 000 073 022 101
0038 000 074 021 102 214 025 242 063
0039 190 021 224 054 002 073 024 102
0040 146 033 178 062 000 073 020 101
0041 146 035 178 062 000 073 020 101
0042 150 025 189 058 000 074 020 100
0043 172 021 197 052 000 072 020 099
0044 193 017 221 058 001 070 025 103
0045 207 015 235 056 001 072 019 100
0046 217 029 257 068 000 074 017 104
0047 234 031 266 067 001 076 017 103
0048 237 036 269 067 001 072 016 106
0049 239 040 268 064 000 074 018 104
0050 238 035 269 067 001 075 018 105
0051 238 033 268 066 000 069 017 100
0052 000 073 023 104 234 037 264 066
0053 003 071 034 110 215 042 244 074
0054 203 052 231 086 013 079 042 115
0055 030 098 058 133 189 076 216 110
0056 053 135 083 174 185 111 211 145
0057 068 161 096 196 189 152 215 192
0058 077 189 100 222 184 188 209 233
0059 085 206 109 235 170 207 196 239
0060 093 212 121 239 167 209 190 237
0061 095 209 122 238 169 214 192 239
0062 095 205 123 236 170 213 193 239
0063 093 205 123 236 170 212 194 239
