0000 232 206 269 236 129 215 175 239
0001 231 205 271 237 130 214 174 239
0002 232 205 272 236 130 214 175 239
0003 232 205 273 236 130 215 174 239
0004 233 206 273 236 130 215 174 239
0005 233 207 274 237 130 214 174 239
0006 233 207 273 236 130 215 174 239
0007 233 208 274 237 130 214 174 239
0008 231 204 272 236 129 215 174 239
0009 229 204 270 235 129 215 174 239
0010 232 203 272 234 129 215 174 239
0011 228 197 268 233 129 215 174 239
0012 233 187 273 220 130 215 174 239
0013 238 166 276 206 129 215 173 239
0014 238 144 279 193 129 215 173 239
0015 238 120 274 173 129 215 173 239
0016 235 102 272 164 129 214 173 239
0017 227 076 268 144 129 214 173 239
0018 210 060 255 126 129 214 173 239
0019 203 053 249 116 129 214 173 239
0020 196 052 244 111 129 215 173 239
0021 194 054 244 114 129 214 173 239
0022 195 055 244 113 128 214 173 239
0023 197 055 245 113 129 214 173 239
0024 198 056 246 113 129 214 172 239
0025 200 056 248 115 128 219 173 239
0026 201 057 248 119 128 219 173 239
0027 203 058 249 120 129 214 173 239
0028 200 056 249 120 129 214 173 239
0029 199 058 249 118 128 219 173 239
0030 203 058 249 119 128 219 173 239
0031 199 058 248 118 128 219 173 239
0032 200 058 248 120 129 214 173 239
0033 200 058 248 120 128 219 173 239
0034 201 058 249 120 128 219 173 239
0035 201 057 248 120 128 219 173 239
0036 201 057 249 120 127 219 173 239
0037 205 058 253 120 127 219 173 239
0038 216 066 259 126 127 218 173 239
0039 227 082 268 140 127 218 173 239
0040 232 100 273 159 127 218 173 239
0041 241 132 279 192 127 218 173 239
0042 235 179 274 216 127 218 173 239
0043 233 201 267 234 127 218 173 239
0044 225 208 259 239 127 219 173 239
0045 218 209 256 239 130 215 174 239
0046 215 212 256 237 130 215 173 239
0047 212 213 255 238 130 215 174 239
0048 214 214 255 238 130 215 173 239
