0005 184 202 225 236 000 000 000 000
0006 197 176 240 216 000 000 000 000
0007 202 155 248 200 000 000 000 000
0008 207 146 253 193 000 000 000 000
0009 207 139 254 188 000 000 000 000
0010 207 139 256 187 000 000 000 000
0011 209 136 257 183 000 000 000 000
0012 208 134 256 185 000 000 000 000
0013 208 133 256 184 000 000 000 000
0014 208 132 258 183 000 000 000 000
0015 209 131 258 182 000 000 000 000
0016 210 132 259 179 000 000 000 000
0017 211 130 258 179 000 000 000 000
0018 211 129 259 179 000 000 000 000
0019 211 129 258 179 000 000 000 000
0020 211 128 258 179 000 000 000 000
0021 212 129 258 179 000 000 000 000
0022 211 129 258 179 000 000 000 000
0023 211 129 258 179 000 000 000 000
0024 212 130 258 178 000 000 000 000
0025 211 138 257 181 000 000 000 000
0026 211 160 244 195 000 000 000 000
0027 201 183 229 229 000 000 000 000
0028 172 216 210 239 000 000 000 000
