0000 090 207 117 239 157 210 180 238
0001 086 208 113 236 157 209 180 237
0002 089 208 117 239 157 210 180 237
0003 085 208 113 235 157 209 181 237
0004 156 209 183 237 085 209 114 236
0005 086 206 115 235 157 206 187 237
0006 095 201 122 237 163 192 192 238
0007 100 188 127 222 162 170 194 220
0008 154 135 189 172 103 155 133 185
0009 137 103 180 126 106 128 135 158
0010 111 108 141 143 128 085 170 106
0011 116 096 145 134 123 075 159 099
0012 117 097 143 134 117 081 156 100
0013 117 104 145 134 113 089 150 110
0014 114 087 151 107 117 103 144 134
0015 118 103 144 134 113 088 153 103
0016 112 088 150 109 117 103 143 134
0017 112 089 150 110 117 103 143 133
0018 112 089 150 110 117 102 143 133
0019 113 088 151 106 116 099 145 133
0020 114 087 153 107 118 100 142 132
0021 118 101 146 133 114 086 154 106
0022 118 102 146 133 114 087 153 107
0023 116 087 154 106 117 104 142 135
0024 118 094 157 112 118 107 144 140
0025 126 099 165 123 114 123 143 153
0026 102 147 134 182 145 130 181 162
0027 090 187 118 223 163 173 190 218
0028 080 201 115 235 163 195 190 236
0029 084 207 110 238 160 207 183 236
0030 089 210 116 239 157 210 180 236
0031 085 209 112 236 159 214 182 239
0032 087 209 112 236 160 211 183 238
0033 086 208 113 237 160 209 183 236
0034 085 208 113 236 157 210 183 239
0035 082 209 115 239 157 211 181 238
0036 086 208 113 236 157 212 181 238
0037 086 208 113 236 157 213 181 239
