0000 131 189 155 222 201 182 223 211
0001 133 184 157 217 196 174 219 202
0002 138 178 161 214 189 166 216 196
0003 146 175 167 206 191 160 214 187
0004 184 149 213 177 150 157 181 191
0005 154 155 184 186 184 142 212 168
0006 184 131 222 156 152 146 186 175
0007 142 129 177 159 195 110 226 140
0008 134 117 168 151 209 100 232 138
0009 131 109 158 152 222 097 243 133
0010 121 109 146 151 230 099 250 132
0011 115 109 139 146 232 103 252 132
0012 233 102 256 137 113 112 139 147
0013 111 112 138 148 233 102 257 138
0014 234 102 257 138 111 112 137 146
0015 234 102 258 138 111 112 137 147
0016 234 101 258 138 111 111 138 146
0017 234 102 258 138 111 113 138 146
0018 234 102 258 138 111 113 138 146
0019 234 102 257 138 111 111 137 146
0020 112 112 139 147 234 102 257 138
0021 112 112 139 147 234 102 258 138
0022 111 111 139 148 234 103 258 138
0023 235 103 258 138 112 110 139 146
0024 112 112 138 147 235 103 258 139
0025 112 112 138 146 235 105 256 138
0026 230 107 252 137 115 109 139 148
0027 124 112 149 152 219 112 243 135
0028 198 116 224 140 138 113 161 144
0029 145 114 171 148 190 117 217 146
0030 186 127 217 156 151 124 178 155
0031 182 139 211 164 157 131 182 163
0032 185 145 207 171 152 143 181 175
0033 154 154 182 181 182 155 210 183
0034 151 163 179 189 183 164 211 190
0035 149 173 177 201 183 175 212 201
0036 142 181 169 211 188 183 216 210
0037 138 186 163 216 195 187 221 216
0038 201 189 226 217 130 188 155 222
0039 125 187 147 222 207 191 231 220
0040 120 188 142 220 211 191 234 221
0041 121 189 139 218 212 191 235 219
0042 120 189 143 220 211 192 235 220
0043 124 190 146 220 210 192 232 220
0044 126 188 149 220 208 191 232 221
0045 126 188 149 219 208 190 232 220
