0000 138 204 175 237 000 000 000 000
0001 138 203 177 238 000 000 000 000
0002 143 199 179 235 000 000 000 000
0003 157 159 193 212 000 000 000 000
0004 174 120 211 166 000 000 000 000
0005 181 089 216 136 000 000 000 000
0006 188 097 225 145 000 000 000 000
0007 183 146 230 188 000 000 000 000
0008 187 173 228 212 000 000 000 000
0009 187 144 229 182 000 000 000 000
0010 180 099 221 144 000 000 000 000
0011 178 080 217 130 000 000 000 000
0012 182 095 220 143 000 000 000 000
0013 185 133 228 173 000 000 000 000
0014 186 152 227 189 000 000 000 000
0015 179 166 223 206 000 000 000 000
0016 177 189 211 233 000 000 000 000
0017 157 207 195 238 000 000 000 000
0018 150 215 180 239 000 000 000 000
0019 146 217 180 239 000 000 000 000
