0010 159 210 193 239 000 000 000 000
0011 132 183 184 238 000 000 000 000
0012 136 142 174 194 000 000 000 000
0013 146 132 191 175 000 000 000 000
0014 168 139 222 176 000 000 000 000
0015 181 156 238 199 000 000 000 000
0016 165 164 225 215 000 000 000 000
0017 125 157 176 197 000 000 000 000
0018 111 139 165 174 000 000 000 000
0019 122 133 173 164 000 000 000 000
0020 148 136 197 172 147 128 197 147
0021 162 138 219 166 000 000 000 000
0022 167 148 227 183 000 000 000 000
0023 157 150 211 192 000 000 000 000
0024 136 147 180 190 000 000 000 000
0025 139 139 185 172 000 000 000 000
0026 153 134 208 160 000 000 000 000
0027 166 136 227 165 000 000 000 000
0028 189 154 243 191 000 000 000 000
0029 193 177 248 216 000 000 000 000
0030 203 207 252 239 000 000 000 000
