0009 126 223 167 239 000 000 000 000
0010 136 179 176 229 000 000 000 000
0011 135 150 177 203 000 000 000 000
0012 139 118 180 173 000 000 000 000
0013 145 090 183 159 000 000 000 000
0014 148 081 183 149 000 000 000 000
0015 147 075 183 141 000 000 000 000
0016 146 072 187 135 000 000 000 000
0017 144 072 184 134 000 000 000 000
0018 145 073 181 137 000 000 000 000
0019 144 072 180 135 000 000 000 000
0020 143 074 179 133 000 000 000 000
0021 141 075 180 131 000 000 000 000
0022 143 074 176 127 000 000 000 000
0023 143 076 177 128 000 000 000 000
0024 144 076 178 135 000 000 000 000
0025 143 073 178 134 000 000 000 000
0026 142 076 178 135 000 000 000 000
0027 142 076 177 132 000 000 000 000
0028 143 074 177 134 000 000 000 000
0029 142 076 177 133 000 000 000 000
0030 142 075 175 125 000 000 000 000
0031 142 076 176 133 000 000 000 000
0032 141 076 176 132 000 000 000 000
0033 141 075 174 125 000 000 000 000
0034 140 074 175 127 000 000 000 000
0035 141 075 175 128 000 000 000 000
0036 139 077 172 125 000 000 000 000
0037 140 074 173 130 000 000 000 000
0038 138 075 172 124 000 000 000 000
0039 137 074 172 124 000 000 000 000
0040 137 075 176 129 000 000 000 000
0041 142 085 173 137 000 000 000 000
0042 135 107 175 154 000 000 000 000
0043 134 120 173 180 000 000 000 000
0044 129 163 178 211 000 000 000 000
0045 127 195 176 236 000 000 000 000
0046 124 224 177 239 000 000 000 000
