0000 112 211 130 234 175 213 199 238
0001 113 210 132 237 175 213 199 238
0002 112 211 130 234 175 214 199 238
0003 175 214 199 238 112 208 136 236
0004 175 215 200 238 112 208 136 236
0005 176 213 200 237 112 208 136 236
0006 176 213 200 237 112 207 136 236
0007 173 218 202 239 112 207 136 236
0008 175 213 200 238 112 207 136 236
0009 113 211 131 234 170 214 198 238
0010 113 210 132 237 168 214 196 238
0011 172 216 198 239 113 211 130 235
0012 180 211 206 239 113 214 132 239
0013 187 198 214 237 107 214 132 239
0014 199 157 226 190 112 213 129 235
0015 110 211 130 238 204 110 229 138
0016 195 076 225 109 110 213 130 239
0017 189 048 217 084 110 213 130 239
0018 176 025 204 065 107 208 133 236
0019 169 027 196 063 113 211 130 235
0020 164 033 191 069 113 213 132 239
0021 163 046 192 086 113 212 131 238
0022 167 082 198 120 113 212 131 238
0023 112 210 131 237 169 138 195 161
0024 169 177 194 215 113 209 132 236
0025 165 198 192 233 113 207 132 234
0026 168 202 196 238 113 207 130 233
0027 174 188 201 223 112 208 130 235
0028 186 158 211 186 110 211 130 235
0029 188 114 215 146 113 212 131 237
0030 184 065 212 104 113 213 131 239
0031 173 028 206 067 110 210 135 237
0032 170 022 198 061 107 213 133 239
0033 166 021 195 062 113 212 132 238
0034 162 027 189 063 109 208 137 238
0035 159 035 190 071 110 212 134 237
0036 160 053 189 089 107 215 132 239
0037 112 214 131 239 153 085 187 123
0038 112 212 131 238 162 142 191 169
0039 112 209 131 237 157 174 184 213
0040 112 210 131 236 157 187 184 220
0041 112 210 130 236 165 165 191 192
0042 111 210 131 236 174 118 201 152
0043 172 058 199 094 112 213 131 239
0044 170 033 196 072 113 213 131 236
0045 167 029 195 066 111 217 135 239
0046 167 035 194 069 114 214 131 237
0047 161 054 191 089 114 214 131 237
0048 167 078 197 116 114 214 131 237
0049 171 110 197 143 110 217 135 239
0050 171 179 193 215 110 214 130 239
0051 169 208 194 239 109 208 130 236
0052 109 210 128 236 172 219 196 239
0053 108 211 128 234 166 214 192 239
0054 169 214 193 238 108 209 126 233
0055 114 214 132 239 171 215 196 239
0056 112 210 131 238 170 214 196 239
0057 113 212 133 238 170 215 196 239
0058 171 215 198 239 113 213 130 239
