0000 135 219 168 239 000 000 000 000
0001 135 219 168 239 000 000 000 000
0002 135 219 168 238 000 000 000 000
0003 136 219 168 239 000 000 000 000
0004 136 216 170 239 000 000 000 000
0005 137 216 171 238 000 000 000 000
0006 138 215 171 237 000 000 000 000
0007 139 214 173 238 000 000 000 000
0008 141 212 179 239 000 000 000 000
0009 147 209 184 238 000 000 000 000
0010 154 207 190 237 000 000 000 000
0011 162 201 203 238 000 000 000 000
0012 170 190 212 235 000 000 000 000
0013 177 180 222 230 000 000 000 000
0014 182 171 228 219 000 000 000 000
0015 189 163 237 208 000 000 000 000
0016 195 152 247 194 000 000 000 000
0017 197 143 248 183 000 000 000 000
0018 197 138 250 178 000 000 000 000
0019 197 137 249 176 000 000 000 000
0020 197 132 249 172 000 000 000 000
0021 198 131 248 170 000 000 000 000
0022 199 126 248 166 000 000 000 000
0023 201 125 247 163 000 000 000 000
0024 199 119 247 157 000 000 000 000
0025 198 118 246 157 000 000 000 000
0026 197 117 249 156 000 000 000 000
0027 198 117 249 156 000 000 000 000
0028 197 117 249 155 000 000 000 000
0029 197 119 249 157 000 000 000 000
0030 197 119 247 158 000 000 000 000
0031 196 117 247 157 000 000 000 000
0032 195 119 248 159 000 000 000 000
0033 194 119 247 158 000 000 000 000
0034 194 119 242 159 000 000 000 000
0035 195 118 242 160 000 000 000 000
0036 194 117 242 158 000 000 000 000
0037 195 117 242 158 000 000 000 000
0038 194 118 242 160 000 000 000 000
0039 193 119 242 160 000 000 000 000
0040 194 118 242 159 000 000 000 000
0041 194 118 247 158 000 000 000 000
0042 196 117 248 159 000 000 000 000
0043 197 116 249 158 000 000 000 000
0044 195 115 246 158 000 000 000 000
0045 195 113 247 156 000 000 000 000
0046 195 113 247 156 000 000 000 000
0047 196 112 247 155 000 000 000 000
0048 196 113 247 155 000 000 000 000
0049 196 113 247 155 000 000 000 000
0050 195 112 246 154 000 000 000 000
0051 195 112 246 154 000 000 000 000
0052 195 113 246 154 000 000 000 000
0053 195 113 248 154 000 000 000 000
0054 195 112 248 154 000 000 000 000
0055 194 112 246 153 000 000 000 000
0056 193 107 241 146 000 000 000 000
0057 192 111 242 151 000 000 000 000
0058 192 111 241 151 000 000 000 000
0059 192 111 241 151 000 000 000 000
0060 194 111 243 152 000 000 000 000
0061 192 109 241 148 000 000 000 000
0062 190 110 241 150 000 000 000 000
0063 190 111 241 150 000 000 000 000
0064 191 111 241 151 000 000 000 000
0065 191 111 241 151 000 000 000 000
0066 194 107 243 146 000 000 000 000
0067 191 111 242 151 000 000 000 000
0068 195 108 244 146 000 000 000 000
0069 192 112 241 152 000 000 000 000
0070 193 111 241 152 000 000 000 000
0071 188 117 242 157 000 000 000 000
0072 182 147 232 189 000 000 000 000
0073 170 173 211 231 000 000 000 000
0074 156 197 194 239 000 000 000 000
0075 145 209 183 239 000 000 000 000
0076 141 216 176 239 000 000 000 000
0077 138 217 172 237 000 000 000 000
0078 140 219 175 239 000 000 000 000
0079 140 219 175 239 000 000 000 000
0080 139 219 175 239 000 000 000 000
0081 139 220 175 239 000 000 000 000
0082 139 218 175 239 000 000 000 000
0083 140 219 175 239 000 000 000 000
0084 140 218 174 239 000 000 000 000
0085 139 218 173 239 000 000 000 000
0086 139 218 173 239 000 000 000 000
0087 139 218 173 239 000 000 000 000
0088 139 218 173 239 000 000 000 000
0089 139 218 173 239 000 000 000 000
0090 139 218 174 238 000 000 000 000
