0000 101 207 132 238 149 208 178 239
0001 101 207 133 238 149 205 177 234
0002 101 207 133 238 149 205 178 238
0003 099 204 135 235 149 205 177 237
0004 101 206 133 237 148 205 177 237
0005 100 205 129 235 148 208 177 239
0006 148 203 178 237 100 202 131 236
0007 151 187 180 223 094 199 126 233
0008 081 193 114 229 157 151 186 183
0009 074 187 101 222 169 108 196 138
0010 177 074 207 106 076 180 099 210
0011 190 053 216 087 091 175 112 202
0012 199 025 232 065 000 000 000 000
0013 216 020 260 057 000 000 000 000
0014 222 026 256 056 000 000 000 000
0015 218 026 257 057 000 000 000 000
0016 217 025 256 057 000 000 000 000
0017 222 024 259 052 000 000 000 000
0018 223 024 254 055 000 000 000 000
0019 224 024 255 055 000 000 000 000
0020 224 024 255 054 000 000 000 000
0021 223 024 255 054 000 000 000 000
0022 219 023 254 055 000 000 000 000
0023 223 024 255 054 000 000 000 000
0024 223 024 255 054 000 000 000 000
0025 217 023 254 055 000 000 000 000
0026 218 023 255 054 000 000 000 000
0027 216 023 255 056 000 000 000 000
0028 222 021 250 050 000 000 000 000
0029 211 019 240 056 000 000 000 000
0030 196 022 230 068 000 000 000 000
0031 188 058 215 092 085 197 109 221
0032 069 198 096 231 182 089 208 123
0033 176 136 205 169 061 200 097 236
0034 068 198 097 237 178 177 204 223
0035 078 196 106 234 175 205 199 239
0036 085 196 116 234 170 213 195 239
0037 095 199 125 233 174 209 195 238
0038 098 201 128 236 175 210 196 238
0039 098 203 129 234 171 211 196 236
0040 098 202 130 235 172 211 196 239
