0002 168 221 210 239 000 000 000 000
0003 161 187 205 229 000 000 000 000
0004 154 139 200 183 000 000 000 000
0005 163 088 198 143 000 000 000 000
0006 159 073 195 134 000 000 000 000
0007 156 071 194 131 000 000 000 000
0008 156 071 194 131 000 000 000 000
0009 156 070 194 131 000 000 000 000
0010 155 070 193 134 000 000 000 000
0011 156 070 190 133 000 000 000 000
0012 159 072 192 136 000 000 000 000
0013 160 071 195 133 000 000 000 000
0014 156 069 192 136 000 000 000 000
0015 156 069 192 136 000 000 000 000
0016 156 069 192 135 000 000 000 000
0017 156 070 192 135 000 000 000 000
0018 156 069 192 135 000 000 000 000
0019 157 070 192 134 000 000 000 000
0020 157 070 193 134 000 000 000 000
0021 159 072 194 135 000 000 000 000
0022 162 077 197 137 000 000 000 000
0023 161 100 200 150 000 000 000 000
0024 157 142 209 191 000 000 000 000
0025 169 167 213 216 000 000 000 000
0026 172 209 217 239 000 000 000 000
