0001 107 216 162 239 000 000 000 000
0002 090 182 165 228 164 210 208 238
0003 098 129 170 178 000 000 000 000
0004 100 109 168 162 000 000 000 000
0005 101 077 181 133 000 000 000 000
0006 097 067 185 130 000 000 000 000
0007 100 064 177 117 000 000 000 000
0008 101 054 182 110 000 000 000 000
0009 099 054 181 105 000 000 000 000
0010 099 053 181 105 000 000 000 000
0011 099 054 181 105 000 000 000 000
0012 102 050 180 104 000 000 000 000
0013 096 049 178 104 000 000 000 000
0014 097 050 178 101 000 000 000 000
0015 097 054 178 105 000 000 000 000
0016 096 050 178 102 000 000 000 000
0017 099 052 174 105 000 000 000 000
0018 114 062 165 115 000 000 000 000
0019 107 088 162 137 000 000 000 000
0020 107 128 164 177 000 000 000 000
0021 103 193 147 235 000 000 000 000
0022 101 218 148 239 000 000 000 000
