0000 116 213 159 239 000 000 000 000
0001 104 206 149 239 000 000 000 000
0002 093 177 132 216 000 000 000 000
0003 074 129 109 185 000 000 000 000
0004 063 103 105 159 000 000 000 000
0005 053 065 093 130 000 000 000 000
0006 053 061 091 119 000 000 000 000
0007 050 059 090 118 000 000 000 000
0008 053 060 089 121 000 000 000 000
0009 052 062 088 118 000 000 000 000
0010 052 063 088 120 000 000 000 000
0011 052 063 088 121 000 000 000 000
0012 052 063 088 121 000 000 000 000
0013 053 062 086 122 000 000 000 000
0014 053 062 087 121 000 000 000 000
0015 053 062 087 121 000 000 000 000
0016 053 062 087 120 000 000 000 000
0017 053 063 090 121 000 000 000 000
0018 053 062 090 121 000 000 000 000
0019 055 063 090 121 000 000 000 000
0020 052 063 090 121 000 000 000 000
0021 053 062 091 120 000 000 000 000
0022 053 063 091 122 000 000 000 000
0023 057 067 094 129 000 000 000 000
0024 070 090 108 148 000 000 000 000
0025 087 156 131 201 000 000 000 000
0026 102 194 147 236 000 000 000 000
0027 113 210 158 239 000 000 000 000
0028 118 213 157 239 000 000 000 000
0029 119 221 157 239 000 000 000 000
0030 117 221 156 239 000 000 000 000
0031 119 222 157 239 000 000 000 000
0032 119 221 156 239 000 000 000 000
