0000 189 215 219 239 125 213 149 239
0001 126 214 154 237 194 215 220 239
0002 191 211 219 239 127 214 155 237
0003 132 214 159 239 190 210 219 239
0004 138 207 165 237 190 210 219 239
0005 189 214 219 239 143 199 172 228
0006 188 213 218 239 148 191 178 223
0007 186 209 215 235 150 176 187 207
0008 172 197 203 229 161 158 201 187
0009 170 143 214 169 153 182 196 212
0010 177 136 219 164 139 169 176 191
0011 131 153 170 178 184 131 224 157
0012 128 145 168 171 182 128 223 155
0013 128 141 163 165 184 125 221 151
0014 130 138 165 163 184 123 221 148
0015 132 135 167 163 187 121 222 145
0016 133 136 168 164 185 126 221 151
0017 135 142 167 169 193 131 223 160
0018 136 149 168 173 196 142 224 172
0019 136 150 175 178 194 143 224 174
0020 136 151 173 174 194 137 224 168
0021 136 144 172 172 187 131 221 159
0022 136 139 169 166 182 125 220 156
0023 187 121 218 147 137 133 172 166
0024 187 119 221 145 137 129 165 159
0025 135 138 169 160 184 129 223 157
0026 136 142 168 167 193 136 224 165
0027 137 141 169 166 187 132 222 162
0028 185 124 220 151 138 132 167 160
0029 184 119 220 143 000 000 000 000
0030 186 116 220 140 143 124 169 153
0031 186 125 220 149 140 131 170 159
0032 192 130 224 155 139 137 167 163
0033 136 142 168 166 191 138 225 165
0034 184 130 221 157 137 137 169 164
0035 182 118 219 145 138 132 170 159
0036 182 118 219 146 142 131 170 161
0037 185 124 217 148 140 133 174 165
0038 139 139 171 169 188 131 222 155
0039 140 148 174 175 186 141 221 166
0040 140 162 172 185 185 149 223 176
0041 145 173 186 199 156 158 222 197
0042 156 170 217 209 154 188 189 210
0043 155 181 208 226 000 000 000 000
0044 165 180 211 229 000 000 000 000
0045 165 182 207 233 177 219 210 239
0046 162 184 195 228 186 219 212 239
0047 156 187 194 229 192 219 220 239
0048 156 190 191 229 192 222 219 239
0049 155 193 190 230 193 220 219 239
0050 155 195 188 232 195 220 222 238
0051 150 197 184 235 194 223 223 239
