0000 199 215 240 239 000 000 000 000
0001 198 215 239 239 000 000 000 000
0002 197 213 240 239 000 000 000 000
0003 199 210 241 238 000 000 000 000
0004 201 207 241 238 111 220 143 239
0005 198 200 240 238 107 210 147 239
0006 193 192 240 236 108 203 145 237
0007 106 193 144 238 189 183 237 231
0008 099 173 139 239 191 173 236 225
0009 101 169 139 234 191 171 237 224
0010 092 157 128 216 195 163 238 216
0011 086 147 128 207 200 158 235 215
0012 194 162 237 220 090 145 126 207
0013 181 161 226 223 095 142 135 208
0014 170 160 215 220 105 142 146 209
0015 115 141 153 210 159 157 209 214
0016 120 139 160 209 156 152 204 208
0017 125 137 161 205 157 149 201 202
0018 122 137 164 199 156 151 200 202
0019 119 136 158 201 152 150 204 203
0020 120 135 158 201 152 150 203 204
0021 119 134 158 203 153 151 203 203
0022 119 135 158 203 152 152 203 204
0023 119 135 157 203 151 152 203 203
0024 124 137 159 206 156 149 203 200
0025 153 153 204 204 118 135 157 206
0026 117 137 160 200 160 153 207 204
0027 173 155 216 206 111 138 150 200
0028 180 154 221 209 103 140 139 200
0029 183 153 225 210 096 141 137 204
0030 183 153 225 212 095 142 136 202
0031 175 154 220 212 100 137 139 203
0032 108 142 146 206 163 153 210 208
0033 110 141 155 208 160 153 210 206
0034 152 153 202 203 119 139 158 206
0035 151 152 201 202 121 138 157 203
0036 125 139 159 204 151 153 201 202
0037 125 138 159 206 151 153 201 202
0038 121 138 157 205 151 154 202 202
0039 120 138 158 202 155 157 201 208
0040 112 157 164 208 165 171 210 219
0041 109 183 154 228 180 193 231 234
0042 106 197 145 236 194 208 239 239
0043 098 214 139 239 000 000 000 000
0044 100 220 133 237 000 000 000 000
