0000 066 197 097 232 000 000 000 000
0001 066 197 097 233 000 000 000 000
0002 067 198 097 233 000 000 000 000
0003 067 198 097 234 000 000 000 000
0004 066 197 097 233 000 000 000 000
0005 066 197 098 233 000 000 000 000
0006 067 197 098 233 000 000 000 000
0007 063 195 098 230 000 000 000 000
0008 067 197 097 232 000 000 000 000
0009 067 197 097 232 000 000 000 000
0010 067 197 097 232 000 000 000 000
0011 062 196 098 230 000 000 000 000
0012 066 198 100 232 000 000 000 000
0013 066 198 100 232 000 000 000 000
0014 066 198 100 231 000 000 000 000
0015 067 196 096 230 000 000 000 000
0016 066 197 101 233 000 000 000 000
0017 065 197 101 233 000 000 000 000
0018 062 197 101 233 130 222 168 239
0019 061 198 101 235 132 163 182 211
0020 144 099 205 165 061 197 101 234
0021 140 061 199 129 061 197 100 234
0022 139 054 199 120 061 197 100 234
0023 138 053 197 114 064 197 096 233
0024 140 053 197 113 063 198 094 232
0025 139 053 197 113 064 199 093 233
0026 139 052 198 114 065 195 094 229
0027 139 052 197 114 064 195 094 230
0028 140 050 198 114 064 198 095 232
0029 139 052 198 120 064 197 094 232
0030 142 080 186 134 064 197 094 231
0031 131 136 179 184 064 195 096 231
0032 123 193 169 238 061 196 099 231
0033 065 195 095 231 126 215 166 239
0034 066 198 099 234 000 000 000 000
0035 068 195 100 234 000 000 000 000
0036 069 196 099 231 000 000 000 000
0037 068 197 100 231 000 000 000 000
0038 069 195 101 232 000 000 000 000
