0005 171 214 196 239 000 000 000 000
0006 176 186 204 221 000 000 000 000
0007 176 166 206 193 000 000 000 000
0008 176 132 204 164 000 000 000 000
0009 176 103 202 145 000 000 000 000
0010 175 088 202 133 000 000 000 000
0011 173 080 199 125 000 000 000 000
0012 171 077 195 118 000 000 000 000
0013 167 077 191 117 000 000 000 000
0014 165 076 189 115 000 000 000 000
0015 164 077 189 115 000 000 000 000
0016 165 079 190 115 000 000 000 000
0017 171 081 195 115 000 000 000 000
0018 178 080 201 115 000 000 000 000
0019 184 079 209 116 000 000 000 000
0020 183 075 210 115 000 000 000 000
0021 180 074 205 115 000 000 000 000
0022 172 076 197 110 000 000 000 000
0023 168 077 192 109 000 000 000 000
0024 162 076 185 113 000 000 000 000
0025 158 079 183 115 000 000 000 000
0026 161 080 186 116 000 000 000 000
0027 169 082 192 117 000 000 000 000
0028 177 079 199 115 000 000 000 000
0029 181 075 205 114 000 000 000 000
0030 182 073 207 115 000 000 000 000
0031 179 073 205 115 000 000 000 000
0032 173 072 198 116 000 000 000 000
0033 163 074 187 115 000 000 000 000
0034 158 077 183 116 000 000 000 000
0035 158 077 184 117 000 000 000 000
0036 163 079 186 117 000 000 000 000
0037 168 077 191 119 000 000 000 000
0038 173 079 197 119 000 000 000 000
0039 175 085 199 126 000 000 000 000
0040 176 095 200 133 000 000 000 000
0041 183 132 211 172 000 000 000 000
0042 186 184 214 213 000 000 000 000
0043 180 220 208 239 000 000 000 000
