0014 141 193 200 232 000 000 000 000
0015 155 127 213 202 000 000 000 000
0016 161 096 227 175 000 000 000 000
0017 173 072 228 153 000 000 000 000
0018 173 061 227 150 000 000 000 000
0019 175 061 228 144 000 000 000 000
0020 179 060 231 143 000 000 000 000
0021 182 063 230 145 000 000 000 000
0022 180 064 230 144 000 000 000 000
0023 178 064 229 146 000 000 000 000
0024 181 064 228 148 000 000 000 000
0025 180 065 229 148 000 000 000 000
0026 181 066 229 147 000 000 000 000
0027 177 064 229 149 000 000 000 000
0028 180 069 232 153 000 000 000 000
0029 181 069 231 153 000 000 000 000
0030 180 071 231 155 000 000 000 000
0031 180 070 231 154 000 000 000 000
0032 180 068 232 150 000 000 000 000
0033 180 070 230 153 000 000 000 000
0034 179 071 230 153 000 000 000 000
0035 179 070 230 155 000 000 000 000
0036 178 074 229 153 000 000 000 000
0037 175 076 234 151 000 000 000 000
0038 172 080 226 158 000 000 000 000
0039 162 118 221 178 000 000 000 000
0040 151 175 209 221 000 000 000 000
0041 153 215 186 238 000 000 000 000
