0000 119 208 155 237 067 214 098 239
0001 125 201 155 233 068 216 099 239
0002 131 178 157 217 067 213 100 236
0003 130 148 160 200 067 214 099 237
0004 133 123 170 176 067 214 099 236
0005 137 112 171 169 067 214 099 236
0006 140 108 182 167 064 217 097 239
0007 139 106 188 165 062 214 101 239
0008 140 108 187 167 062 214 101 239
0009 141 110 188 169 061 214 101 239
0010 142 111 188 169 061 215 101 239
0011 141 111 189 169 061 214 100 239
0012 142 111 189 170 066 214 097 239
0013 141 110 188 169 064 217 096 239
0014 140 108 185 167 067 214 099 235
0015 140 107 180 166 067 215 097 239
0016 138 108 171 164 067 215 097 239
0017 129 125 161 176 066 215 097 239
0018 126 144 163 183 067 215 097 239
0019 129 169 157 203 061 214 100 239
0020 123 198 155 224 067 215 100 239
0021 123 207 157 237 067 213 099 236
0022 124 208 158 236 065 217 097 239
0023 122 208 158 236 068 215 099 236
0024 123 209 158 236 065 217 097 239
0025 123 209 157 236 068 213 099 235
0026 123 209 158 236 070 214 100 236
0027 123 209 158 236 067 215 099 235
