0004 191 213 232 238 000 000 000 000
0005 213 187 257 238 000 000 000 000
0006 224 162 269 236 000 000 000 000
0007 232 139 283 209 000 000 000 000
0008 240 117 291 185 000 000 000 000
0009 237 106 293 178 000 000 000 000
0010 242 099 293 169 000 000 000 000
0011 246 094 294 162 000 000 000 000
0012 247 102 296 168 000 000 000 000
0013 248 104 299 174 000 000 000 000
0014 247 106 299 175 000 000 000 000
0015 247 106 299 175 000 000 000 000
0016 247 103 297 175 000 000 000 000
0017 247 108 299 178 000 000 000 000
0018 248 108 297 175 000 000 000 000
0019 245 109 298 175 000 000 000 000
0020 244 108 297 177 000 000 000 000
0021 246 114 296 181 000 000 000 000
0022 244 114 293 185 000 000 000 000
0023 234 126 286 194 000 000 000 000
0024 228 143 279 209 000 000 000 000
0025 210 181 256 237 000 000 000 000
0026 180 209 242 237 000 000 000 000
