0000 145 210 183 238 000 000 000 000
0001 146 200 185 235 080 214 119 239
0002 092 205 131 237 149 177 188 228
0003 105 188 142 234 150 143 189 184
0004 145 109 183 145 114 177 170 223
0005 146 073 181 116 125 171 177 208
0006 145 068 180 112 123 166 182 202
0007 137 094 177 132 124 160 178 195
0008 133 112 179 152 123 162 176 195
0009 133 113 180 152 124 162 177 194
0010 134 112 179 147 119 164 172 197
0011 134 110 180 146 117 161 168 197
0012 108 166 153 216 138 111 183 148
0013 094 169 136 227 147 132 188 171
0014 091 176 132 233 152 150 189 192
0015 092 186 132 236 152 170 192 218
0016 095 189 136 235 147 186 185 233
0017 144 196 181 236 100 195 137 236
0018 141 192 179 235 099 196 136 236
0019 134 197 171 239 101 196 134 238
0020 135 212 170 239 101 199 131 238
0021 093 196 131 235 132 211 170 238
0022 091 196 128 235 132 211 171 239
0023 086 197 128 238 142 219 174 239
0024 082 198 125 235 145 223 176 239
0025 080 194 119 234 000 000 000 000
0026 080 196 121 235 000 000 000 000
0027 079 195 122 235 000 000 000 000
0028 081 200 120 236 000 000 000 000
0029 080 208 117 238 000 000 000 000
0030 080 210 116 238 000 000 000 000
0031 077 209 113 238 000 000 000 000
0032 076 209 112 238 000 000 000 000
0033 075 207 113 236 000 000 000 000
0034 078 208 114 236 000 000 000 000
0035 076 213 111 239 000 000 000 000
0036 077 210 115 239 000 000 000 000
0037 078 211 114 237 000 000 000 000
0038 077 210 115 238 000 000 000 000
0039 075 212 111 237 000 000 000 000
0040 075 212 110 237 000 000 000 000
0041 075 212 111 237 000 000 000 000
0042 075 212 110 237 000 000 000 000
0043 074 212 111 238 000 000 000 000
0044 074 212 111 237 000 000 000 000
0045 073 212 111 238 000 000 000 000
0046 075 208 116 239 000 000 000 000
0047 075 210 112 238 000 000 000 000
0048 073 208 114 239 000 000 000 000
0049 073 208 114 239 000 000 000 000
