0005 120 197 170 236 000 000 000 000
0006 121 164 177 206 000 000 000 000
0007 131 146 179 188 000 000 000 000
0008 136 122 184 166 000 000 000 000
0009 143 103 191 149 000 000 000 000
0010 147 088 196 136 000 000 000 000
0011 151 074 203 120 000 000 000 000
0012 159 060 206 108 000 000 000 000
0013 164 059 207 106 000 000 000 000
0014 172 055 205 107 000 000 000 000
0015 174 054 205 103 000 000 000 000
0016 176 054 205 102 000 000 000 000
0017 179 051 208 100 000 000 000 000
0018 181 051 210 100 000 000 000 000
0019 182 053 213 106 000 000 000 000
0020 181 052 223 103 000 000 000 000
0021 181 052 225 104 000 000 000 000
0022 181 051 225 104 000 000 000 000
0023 181 051 224 104 000 000 000 000
0024 182 051 221 101 000 000 000 000
0025 184 050 215 102 000 000 000 000
0026 185 050 215 102 000 000 000 000
0027 185 049 216 103 000 000 000 000
0028 184 049 219 104 000 000 000 000
0029 176 047 224 099 000 000 000 000
0030 175 049 228 101 000 000 000 000
0031 174 051 226 101 000 000 000 000
0032 174 052 229 102 000 000 000 000
0033 174 053 228 101 000 000 000 000
0034 180 051 223 104 000 000 000 000
0035 178 054 228 105 000 000 000 000
0036 177 053 226 103 000 000 000 000
0037 177 052 225 104 000 000 000 000
0038 175 053 226 103 000 000 000 000
0039 174 052 227 103 000 000 000 000
0040 175 052 231 106 000 000 000 000
0041 176 048 229 104 000 000 000 000
0042 177 049 228 103 000 000 000 000
0043 180 048 222 100 000 000 000 000
0044 185 047 218 102 000 000 000 000
0045 189 047 218 099 000 000 000 000
0046 188 048 218 103 000 000 000 000
0047 189 048 219 099 000 000 000 000
0048 190 048 220 100 000 000 000 000
0049 186 048 225 096 000 000 000 000
0050 183 049 226 101 000 000 000 000
0051 185 050 226 098 000 000 000 000
0052 184 046 226 097 000 000 000 000
0053 183 049 226 098 000 000 000 000
0054 183 049 224 099 000 000 000 000
0055 187 048 218 099 000 000 000 000
0056 189 048 215 097 000 000 000 000
0057 189 047 217 098 000 000 000 000
0058 188 047 217 101 000 000 000 000
0059 187 047 219 101 000 000 000 000
0060 180 047 222 101 000 000 000 000
0061 179 048 224 099 000 000 000 000
0062 175 047 221 098 000 000 000 000
0063 173 049 225 102 000 000 000 000
0064 173 049 224 102 000 000 000 000
0065 178 050 223 103 000 000 000 000
0066 185 053 222 103 000 000 000 000
0067 184 052 223 102 000 000 000 000
0068 184 053 225 103 000 000 000 000
0069 184 055 225 107 000 000 000 000
0070 181 057 224 109 000 000 000 000
0071 177 065 220 116 000 000 000 000
0072 175 075 207 131 000 000 000 000
0073 168 098 207 150 000 000 000 000
0074 159 125 193 174 000 000 000 000
0075 141 175 176 216 000 000 000 000
0076 130 197 171 235 000 000 000 000
