0000 243 196 279 234 000 000 000 000
0001 239 191 269 230 156 187 176 221
0002 241 198 277 236 139 145 164 170
0003 240 198 277 236 141 139 167 165
0004 240 198 276 236 141 137 165 160
0005 240 198 276 236 144 132 168 158
0006 240 198 276 235 144 127 170 153
0007 240 198 276 235 144 116 170 147
0008 240 198 276 235 142 098 169 134
0009 240 198 276 235 139 073 165 107
0010 240 198 276 235 144 047 171 090
0011 238 198 276 236 150 039 178 081
0012 237 198 275 236 157 036 189 075
0013 235 198 273 236 167 039 197 072
0014 233 198 274 236 172 040 210 073
0015 234 198 273 236 178 042 215 074
0016 234 198 273 236 179 054 214 075
0017 233 197 272 235 178 053 211 075
0018 236 198 274 236 169 042 205 068
0019 236 197 275 236 139 027 176 056
0020 237 199 276 237 077 022 121 066
0021 238 199 276 236 060 087 103 120
0022 242 198 278 235 070 121 112 156
0023 243 196 281 235 080 144 119 182
0024 246 194 284 234 087 161 120 196
0025 246 194 284 234 094 163 127 202
0026 245 195 283 235 102 169 133 208
0027 244 196 282 235 113 171 144 208
0028 244 197 281 235 125 169 153 203
0029 244 199 282 236 134 163 164 201
0030 245 200 283 236 141 159 170 194
0031 248 200 284 235 149 161 176 197
0032 246 202 286 237 157 163 182 199
0033 246 202 287 237 162 168 186 203
0034 247 201 287 236 169 175 188 205
0035 247 201 287 236 171 176 193 209
