0000 205 183 223 209 136 188 158 217
0001 208 183 227 207 136 187 158 214
0002 141 187 163 209 207 182 227 208
0003 205 178 224 205 141 187 164 209
0004 207 172 227 197 140 173 163 201
0005 139 167 163 194 210 164 228 191
0006 139 154 162 178 212 160 230 183
0007 137 152 164 177 211 154 229 180
0008 137 145 161 167 211 152 231 176
0009 212 144 234 170 137 138 163 163
0010 210 137 236 163 133 132 156 156
0011 214 129 242 155 125 123 151 150
0012 220 122 247 149 120 113 145 141
0013 118 107 141 135 218 118 248 147
0014 113 108 136 136 223 115 250 142
0015 222 113 249 144 109 111 134 136
0016 225 116 251 142 108 111 134 136
0017 110 109 137 140 221 115 249 146
0018 110 109 138 140 221 115 249 147
0019 110 109 138 140 222 114 249 146
0020 110 111 138 141 222 114 249 147
0021 112 112 139 143 221 114 247 145
0022 123 131 148 154 217 129 243 156
0023 215 136 240 163 128 143 150 168
0024 136 162 157 193 215 151 235 176
0025 138 176 160 210 209 165 230 192
0026 140 186 160 218 205 175 226 202
0027 138 193 157 215 206 183 227 208
0028 204 187 221 213 138 188 159 219
0029 136 189 156 220 200 185 221 212
0030 137 187 157 220 200 186 220 213
