0000 182 216 208 239 119 213 136 238
0001 181 215 204 234 118 212 136 238
0002 179 215 204 239 117 211 135 238
0003 116 210 134 238 178 215 201 238
0004 116 214 135 239 179 217 202 239
0005 177 219 202 237 115 214 135 239
0006 177 216 202 239 114 211 133 237
0007 111 213 136 239 177 217 201 239
0008 107 209 126 235 178 216 201 237
0009 099 210 124 239 180 214 200 239
0010 082 205 108 232 185 217 209 239
0011 048 189 079 212 205 204 238 235
0012 222 197 253 224 034 169 071 196
0013 019 127 058 153 244 150 276 179
0014 021 102 059 132 249 124 281 158
0015 032 062 070 096 245 067 271 107
0016 051 043 082 085 229 040 254 075
0017 063 031 088 067 218 028 242 063
0018 199 020 227 054 080 023 103 059
0019 181 019 209 049 096 014 120 053
0020 167 021 196 047 111 015 132 052
0021 119 016 144 053 157 026 186 046
0022 127 016 150 050 149 028 176 051
0023 134 019 170 054 000 000 000 000
0024 132 017 170 054 000 000 000 000
0025 132 018 170 054 000 000 000 000
0026 133 019 170 055 000 000 000 000
0027 133 019 171 055 000 000 000 000
0028 137 029 175 054 000 000 000 000
0029 135 019 172 057 000 000 000 000
0030 142 031 171 055 133 016 156 052
0031 142 032 171 055 133 016 157 052
0032 143 033 171 055 133 014 157 051
0033 145 029 175 054 133 017 157 053
0034 145 032 176 057 133 014 156 056
0035 158 029 185 054 116 019 137 056
0036 094 027 116 067 175 028 203 057
0037 067 048 095 087 204 038 232 071
0038 045 077 078 108 222 055 247 090
0039 029 144 067 171 246 123 275 159
0040 050 183 083 213 233 181 262 204
0041 071 200 096 229 217 202 247 233
0042 192 214 220 236 100 206 119 233
0043 183 215 201 237 113 207 129 234
0044 176 211 197 237 113 207 131 234
0045 177 212 198 238 113 207 131 231
0046 176 213 198 239 117 207 135 232
0047 174 211 201 238 116 210 133 238
0048 116 210 133 237 176 215 198 238
0049 115 209 133 236 175 216 201 239
0050 115 210 133 236 178 216 198 239
0051 116 208 133 236 178 216 201 239
0052 115 209 133 236 178 214 202 239
0053 115 209 133 236 177 214 201 239
0054 115 209 133 236 175 214 199 234
0055 115 209 133 236 172 215 198 239
0056 116 210 133 237 171 215 197 239
