0000 184 214 205 239 114 213 138 237
0001 187 216 214 239 116 213 139 237
0002 180 210 215 236 117 215 139 238
0003 115 211 141 239 172 179 197 203
0004 119 219 136 239 169 137 193 163
0005 165 099 194 137 117 212 140 237
0006 163 097 190 126 117 212 140 237
0007 163 098 189 125 117 213 140 237
0008 168 097 192 130 119 213 138 237
0009 167 095 194 128 116 210 139 237
0010 165 093 191 125 118 212 136 234
0011 169 108 197 141 115 211 138 237
0012 200 185 221 218 119 214 138 237
0013 201 211 221 236 118 215 139 237
0014 118 215 137 235 196 220 216 239
0015 116 213 135 235 191 222 211 239
0016 115 214 135 239 183 216 207 239
0017 116 207 136 235 178 219 204 239
0018 116 208 136 236 180 217 205 239
0019 115 208 134 235 178 218 204 239
