0000 119 216 161 237 000 000 000 000
0001 106 175 159 218 000 000 000 000
0002 085 146 144 176 000 000 000 000
0003 069 133 133 160 000 000 000 000
0004 057 133 126 163 000 000 000 000
0005 051 140 119 172 000 000 000 000
0006 048 146 117 177 000 000 000 000
0007 046 145 115 177 000 000 000 000
0008 051 131 119 161 000 000 000 000
0009 061 122 125 148 000 000 000 000
0010 073 109 134 139 000 000 000 000
0011 087 103 139 134 000 000 000 000
0012 095 109 147 140 000 000 000 000
0013 101 119 152 147 000 000 000 000
0014 109 127 160 155 000 000 000 000
0015 117 137 169 167 000 000 000 000
0016 129 137 178 170 000 000 000 000
0017 139 135 187 168 000 000 000 000
0018 150 130 188 157 000 000 000 000
0019 157 114 205 145 000 000 000 000
0020 170 106 214 138 000 000 000 000
0021 176 105 223 131 000 000 000 000
0022 185 100 223 126 000 000 000 000
0023 191 101 237 131 000 000 000 000
0024 200 104 239 149 000 000 000 000
0025 197 097 234 148 000 000 000 000
0026 195 091 231 148 000 000 000 000
0027 195 097 231 157 000 000 000 000
0028 194 107 231 167 000 000 000 000
0029 192 109 236 168 000 000 000 000
0030 195 113 233 174 000 000 000 000
0031 192 109 237 168 000 000 000 000
0032 192 109 237 168 000 000 000 000
0033 194 112 233 175 000 000 000 000
0034 192 109 237 169 000 000 000 000
0035 192 109 237 169 000 000 000 000
0036 195 113 234 171 000 000 000 000
0037 194 124 235 177 000 000 000 000
0038 186 137 231 181 000 000 000 000
0039 170 163 213 216 000 000 000 000
0040 154 205 189 238 000 000 000 000
