0000 074 192 097 227 131 180 158 216
0001 140 161 172 197 051 172 084 214
0002 023 157 061 188 168 143 198 168
0003 012 154 043 175 182 136 214 159
0004 199 133 230 157 011 141 034 162
0005 024 158 051 182 194 141 221 163
0006 137 173 176 201 000 000 000 000
0007 122 181 158 203 073 174 101 203
0008 118 176 156 207 073 175 101 203
0009 123 173 164 203 072 175 100 203
0010 068 178 096 206 147 170 176 198
0011 068 181 095 213 166 169 193 197
0012 067 188 093 225 178 167 215 196
0013 067 194 092 231 185 168 211 199
0014 070 196 093 229 181 169 209 203
0015 071 197 094 229 176 169 204 204
0016 072 198 094 230 175 172 203 207
0017 071 198 094 232 175 172 203 205
0018 071 199 095 233 174 174 201 206
