0007 138 184 186 226 000 000 000 000
0008 152 127 197 191 000 000 000 000
0009 158 078 207 149 000 000 000 000
0010 162 060 205 135 000 000 000 000
0011 163 042 204 118 000 000 000 000
0012 163 038 205 113 000 000 000 000
0013 163 034 203 110 000 000 000 000
0014 163 036 203 111 000 000 000 000
0015 161 038 203 114 000 000 000 000
0016 162 039 202 112 000 000 000 000
0017 161 041 203 115 000 000 000 000
0018 160 042 202 116 000 000 000 000
0019 160 043 202 117 000 000 000 000
0020 160 043 203 117 000 000 000 000
0021 160 042 202 116 000 000 000 000
0022 161 042 203 115 000 000 000 000
0023 158 042 206 118 000 000 000 000
0024 160 043 203 118 000 000 000 000
0025 156 049 196 121 000 000 000 000
0026 146 083 181 143 000 000 000 000
0027 120 130 162 180 000 000 000 000
0028 110 159 150 212 000 000 000 000
0029 103 215 136 239 000 000 000 000
