0000 065 207 088 234 171 181 198 204
0001 065 204 088 231 173 176 198 201
0002 176 170 206 194 063 201 090 234
0003 068 197 088 224 169 155 195 180
0004 070 182 093 212 152 152 177 178
0005 074 173 103 203 126 158 158 185
0006 114 166 147 191 081 166 107 193
0007 110 169 142 194 080 161 111 189
0008 109 164 147 194 085 168 114 189
0009 116 166 148 190 081 162 109 184
0010 053 155 096 177 145 155 178 181
0011 027 155 069 177 173 156 208 181
0012 024 158 062 180 181 152 216 179
0013 023 163 061 184 186 157 214 182
0014 031 172 068 197 186 170 209 195
0015 178 173 202 196 047 186 073 216
0016 060 204 085 234 164 168 186 194
0017 153 168 174 196 067 208 089 237
