0000 096 206 128 235 164 207 189 237
0001 093 206 130 237 164 206 191 237
0002 093 206 130 237 164 206 191 237
0003 093 206 130 238 164 206 190 237
0004 093 206 130 238 164 206 190 237
0005 093 206 130 238 163 207 189 237
0006 096 206 128 235 163 206 189 237
0007 096 208 128 239 163 206 189 236
0008 096 208 128 239 163 207 189 237
0009 094 206 130 237 161 206 193 238
0010 164 206 190 236 092 205 123 235
0011 086 204 116 235 171 204 198 236
0012 186 193 212 229 078 200 109 234
0013 063 174 096 210 202 170 229 206
0014 055 131 086 168 210 123 242 163
0015 058 073 088 116 208 073 237 120
0016 070 036 096 069 201 041 227 075
0017 080 023 105 060 190 034 213 063
0018 087 022 109 055 177 034 200 059
0019 089 029 115 051 174 035 196 060
0020 095 033 120 058 169 037 193 062
0021 095 032 122 059 166 039 191 063
0022 094 029 115 055 169 036 195 060
0023 093 026 118 054 170 036 196 062
0024 094 027 116 056 169 036 195 061
0025 094 025 117 055 168 036 195 061
0026 096 028 118 059 172 032 196 058
0027 097 028 118 058 167 033 195 057
0028 096 029 118 058 169 036 197 061
0029 093 026 116 056 172 033 196 059
0030 172 033 196 059 093 027 118 057
0031 172 032 196 059 097 028 119 058
0032 172 033 196 059 094 027 116 056
0033 092 025 116 055 170 033 196 060
0034 174 032 196 059 093 025 115 057
0035 174 039 197 068 091 035 115 065
0036 172 053 198 088 091 051 117 084
0037 093 081 119 122 169 079 196 115
0038 168 126 195 162 092 126 121 169
0039 102 170 131 208 163 167 192 204
0040 161 193 190 229 103 195 133 227
0041 099 204 130 238 157 202 186 236
0042 157 205 183 236 097 206 129 239
0043 099 204 130 236 157 208 184 239
