0000 116 212 157 239 000 000 000 000
0001 115 207 159 236 000 000 000 000
0002 121 192 169 234 000 000 000 000
0003 137 156 183 200 000 000 000 000
0004 146 112 193 153 000 000 000 000
0005 151 075 204 120 000 000 000 000
0006 150 050 203 099 000 000 000 000
0007 144 041 201 088 000 000 000 000
0008 145 036 198 085 000 000 000 000
0009 143 032 198 082 000 000 000 000
0010 144 031 199 080 000 000 000 000
0011 144 035 199 084 000 000 000 000
0012 142 035 198 084 000 000 000 000
0013 144 035 198 085 000 000 000 000
0014 142 038 197 087 000 000 000 000
0015 140 052 197 098 000 000 000 000
0016 139 068 193 111 000 000 000 000
0017 130 092 185 141 000 000 000 000
0018 126 128 184 176 000 000 000 000
0019 125 163 174 214 000 000 000 000
0020 117 198 164 236 000 000 000 000
0021 128 214 159 236 000 000 000 000
0022 121 217 159 239 000 000 000 000
0023 118 216 160 239 000 000 000 000
