0004 099 222 128 239 000 000 000 000
0005 095 201 130 239 000 000 000 000
0006 091 176 137 229 208 209 247 237
0007 085 151 137 202 210 173 250 217
0008 091 127 149 177 210 138 254 182
0009 103 102 161 154 203 107 252 156
0010 109 087 168 143 197 085 243 133
0011 113 078 176 136 202 075 247 126
0012 122 070 183 143 195 070 246 127
0013 191 074 246 135 129 074 188 149
0014 131 079 188 156 188 079 245 145
0015 128 086 188 166 184 079 248 158
0016 126 087 188 175 182 091 247 176
0017 125 095 188 177 183 093 247 187
0018 131 103 190 176 184 099 244 194
0019 186 104 241 191 130 111 187 178
0020 181 103 240 199 128 111 186 180
0021 180 110 237 183 123 109 187 184
0022 178 105 240 189 124 111 187 185
0023 124 113 184 182 180 113 239 188
0024 124 115 182 181 178 107 239 189
0025 122 111 182 181 177 106 238 192
0026 123 112 182 181 177 107 238 192
0027 123 110 181 182 177 107 238 190
0028 123 110 181 183 178 108 238 193
0029 121 107 184 181 178 107 237 193
0030 122 106 185 182 179 110 233 188
0031 122 107 184 179 178 104 239 197
0032 178 103 238 189 122 103 185 176
0033 121 100 185 173 177 107 235 177
0034 119 103 180 168 179 104 242 173
0035 110 105 177 172 184 105 247 166
0036 096 118 154 180 198 120 265 170
0037 211 146 268 197 087 140 136 204
0038 222 172 267 231 077 172 130 234
0039 229 215 261 238 091 213 128 236
0040 087 223 121 239 000 000 000 000
