0006 153 222 190 239 000 000 000 000
0007 149 170 192 223 000 000 000 000
0008 156 076 195 148 000 000 000 000
0009 159 045 198 117 000 000 000 000
0010 172 045 204 091 000 000 000 000
0011 181 031 215 102 000 000 000 000
0012 163 045 207 105 000 000 000 000
0013 155 039 195 105 000 000 000 000
0014 164 043 197 090 000 000 000 000
0015 175 050 208 087 000 000 000 000
0016 176 036 213 103 000 000 000 000
0017 158 043 202 104 000 000 000 000
0018 164 045 200 095 000 000 000 000
0019 177 037 210 097 000 000 000 000
0020 179 039 215 107 000 000 000 000
0021 169 044 206 110 000 000 000 000
0022 166 041 204 104 000 000 000 000
0023 172 038 208 100 000 000 000 000
0024 181 039 223 103 000 000 000 000
0025 183 039 216 110 000 000 000 000
0026 180 037 215 108 000 000 000 000
0027 181 038 217 111 000 000 000 000
0028 181 040 215 111 000 000 000 000
0029 181 039 214 109 000 000 000 000
0030 182 040 215 112 000 000 000 000
0031 181 042 214 117 000 000 000 000
0032 174 073 211 147 000 000 000 000
0033 168 155 204 219 000 000 000 000
