0000 207 213 234 238 114 211 133 237
0001 207 213 234 238 113 210 138 237
0002 208 212 234 238 114 211 134 234
0003 207 211 239 238 112 213 135 239
0004 103 204 130 239 214 206 247 237
0005 221 193 258 233 092 189 121 222
0006 087 162 124 190 229 170 266 208
0007 082 126 116 159 231 135 268 170
0008 227 102 267 139 082 093 120 138
0009 089 067 122 115 220 076 258 117
0010 215 067 255 108 093 058 125 106
0011 213 057 250 100 097 053 127 100
0012 209 054 245 095 099 049 129 095
0013 098 049 128 096 210 053 246 095
0014 211 052 247 095 096 048 127 096
0015 212 053 248 095 097 049 128 095
0016 210 054 247 095 097 049 128 096
0017 209 054 249 096 097 049 128 095
0018 212 053 250 097 097 049 128 095
0019 212 053 251 097 096 049 127 096
0020 212 053 251 098 096 049 127 097
0021 212 053 251 098 095 050 127 098
0022 213 055 252 099 093 051 125 100
0023 216 062 251 101 091 055 123 103
0024 084 069 119 119 221 073 257 114
0025 076 108 110 150 227 099 265 140
0026 079 159 114 189 227 140 263 172
0027 225 171 258 211 092 191 119 230
0028 221 194 250 231 105 206 131 238
0029 212 202 245 236 112 214 136 239
0030 212 212 238 238 117 211 138 237
0031 210 212 235 238 115 214 137 239
0032 211 213 236 239 118 212 138 238
0033 211 213 236 239 118 212 138 238
0034 211 212 235 239 118 212 139 238
0035 210 213 235 238 118 212 139 239
0036 210 213 235 239 114 211 137 236
0037 210 213 235 239 114 211 137 236
0038 209 209 231 237 114 211 137 236
0039 209 212 234 239 114 209 135 237
0040 209 213 234 239 115 214 137 239
0041 209 213 234 239 115 214 137 239
0042 209 213 234 239 115 214 137 239
