0000 201 214 228 239 113 208 133 237
0001 201 214 228 239 114 213 134 239
0002 202 215 227 239 112 204 133 235
0003 201 215 228 239 106 190 126 232
0004 198 210 231 239 093 146 115 189
0005 085 109 114 146 198 211 230 239
0006 081 064 112 111 197 215 226 239
0007 073 047 108 101 201 215 229 236
0008 049 062 095 116 198 214 226 239
0009 034 099 084 143 198 214 226 239
0010 031 126 081 166 198 214 226 238
0011 027 143 078 185 199 214 226 238
0012 029 149 076 194 198 214 226 238
0013 027 149 078 195 199 214 226 238
0014 027 148 078 196 201 214 228 236
0015 025 153 079 196 200 217 227 238
0016 025 153 080 197 200 217 228 238
0017 030 152 081 196 200 217 228 238
0018 030 152 081 197 201 213 228 236
0019 030 151 081 196 201 213 228 236
0020 029 152 081 198 199 216 227 238
0021 029 153 081 197 199 216 228 238
0022 030 153 080 198 200 217 228 239
0023 035 156 082 200 201 215 228 237
0024 051 168 086 213 198 212 231 239
0025 072 181 101 229 200 212 231 238
0026 089 199 112 236 200 211 232 239
0027 200 211 232 239 098 206 119 237
0028 200 211 232 239 102 206 124 235
0029 201 211 232 239 108 210 129 239
0030 202 215 229 238 108 208 131 237
0031 199 211 231 239 114 211 132 238
0032 201 214 228 238 112 210 129 234
