0001 168 212 207 235 000 000 000 000
0002 205 142 241 192 000 000 000 000
0003 217 089 259 140 000 000 000 000
0004 223 057 269 117 000 000 000 000
0005 228 044 274 101 000 000 000 000
0006 229 039 276 096 000 000 000 000
0007 231 038 277 094 000 000 000 000
0008 230 037 277 093 000 000 000 000
0009 231 037 277 093 000 000 000 000
0010 231 037 279 093 000 000 000 000
0011 231 039 278 093 000 000 000 000
0012 231 039 277 093 000 000 000 000
0013 231 038 278 093 000 000 000 000
0014 231 038 278 094 000 000 000 000
0015 231 038 278 095 000 000 000 000
0016 231 038 277 094 000 000 000 000
0017 230 038 278 095 000 000 000 000
0018 229 038 278 096 000 000 000 000
0019 230 038 277 096 000 000 000 000
0020 229 038 277 097 000 000 000 000
0021 231 045 275 096 000 000 000 000
0022 231 057 278 114 000 000 000 000
0023 224 093 268 147 000 000 000 000
0024 213 149 250 199 000 000 000 000
0025 176 202 218 236 000 000 000 000
