0000 106 211 126 234 188 215 207 238
0001 099 212 123 238 189 216 208 239
0002 083 207 113 234 197 216 220 239
0003 048 186 082 218 228 202 256 228
0004 031 138 064 165 256 165 294 196
0005 034 094 063 130 000 000 000 000
0006 240 059 267 093 060 046 085 076
0007 210 047 241 081 083 032 113 064
0008 194 047 224 079 096 034 125 062
0009 106 042 135 064 177 057 211 084
0010 175 066 203 091 116 049 145 075
0011 124 057 150 083 173 067 198 094
0012 126 061 151 085 175 067 198 092
0013 172 067 197 093 125 061 152 085
0014 174 066 198 091 122 061 149 083
0015 174 066 198 091 117 060 154 093
0016 173 067 197 092 122 062 148 085
0017 174 067 201 093 122 061 148 084
0018 174 067 201 093 124 061 152 087
0019 174 067 201 093 123 061 149 083
0020 175 067 200 093 124 061 150 087
0021 174 067 201 093 128 061 152 088
0022 174 067 201 093 125 061 151 086
0023 174 067 201 093 124 063 151 085
0024 174 067 201 092 127 063 151 087
0025 174 067 201 092 127 061 152 086
0026 175 068 201 093 128 062 153 083
0027 174 068 201 092 125 061 152 081
0028 174 067 202 093 124 062 151 084
0029 172 066 208 094 119 062 152 091
0030 116 067 150 092 182 069 217 100
0031 204 076 231 113 106 073 136 103
0032 221 103 248 136 094 085 124 121
0033 074 130 101 163 234 148 262 178
0034 076 179 102 201 237 191 260 217
0035 092 204 117 232 211 210 234 239
0036 204 213 228 239 099 207 121 237
0037 199 212 220 237 104 212 126 238
0038 195 213 216 235 107 208 129 236
0039 108 208 129 237 195 213 216 235
0040 107 208 129 237 195 213 216 235
0041 107 210 129 239 197 214 220 239
0042 106 209 127 237 196 210 223 238
0043 101 208 128 238 198 211 225 238
