0000 113 178 132 215 182 175 203 213
0001 112 180 131 214 183 177 202 212
0002 186 175 206 209 112 181 132 217
0003 104 180 126 213 200 166 221 196
0004 095 171 117 200 209 157 229 184
0005 085 156 108 177 214 133 239 157
0006 081 135 106 154 218 113 240 140
0007 211 071 231 103 087 087 113 111
0008 196 052 224 082 094 052 119 084
0009 107 032 133 062 183 039 216 066
0010 174 031 207 060 108 031 137 056
0011 116 027 147 055 171 032 203 058
0012 119 028 151 053 162 029 196 053
0013 122 028 154 051 161 030 193 052
0014 123 026 156 052 160 029 191 053
0015 125 027 159 051 159 028 193 052
0016 125 026 155 053 155 028 188 052
0017 126 028 156 053 155 029 188 052
0018 125 030 156 051 156 034 189 053
0019 125 029 155 054 156 034 189 053
0020 127 032 154 053 156 034 189 053
0021 154 027 189 052 124 028 158 051
0022 125 028 155 053 156 029 190 055
0023 126 028 156 054 157 030 191 056
0024 120 028 152 054 164 028 198 056
0025 112 027 141 059 172 033 207 063
0026 103 034 131 066 185 043 216 081
0027 094 049 115 079 196 062 223 097
0028 205 074 228 109 086 066 110 098
0029 081 080 105 110 210 091 230 126
0030 080 119 107 144 212 130 238 156
0031 081 146 105 169 207 147 230 172
0032 204 161 228 191 088 165 112 190
0033 098 178 120 207 197 171 221 202
0034 107 181 129 217 192 176 210 210
0035 113 180 132 213 185 175 204 207
0036 180 173 202 209 113 180 131 211
0037 112 180 130 212 181 175 202 210
0038 112 179 132 214 183 173 202 211
