0000 114 201 150 236 185 218 203 239
0001 115 205 149 239 186 218 204 239
0002 102 204 137 239 186 219 204 239
0003 094 206 128 239 187 219 208 239
0004 082 206 113 235 184 213 210 238
0005 194 196 226 230 072 208 101 239
0006 205 146 245 191 057 213 085 239
0007 046 212 079 239 202 087 239 141
0008 043 212 077 238 202 059 236 117
0009 203 038 236 099 039 209 076 239
0010 204 033 237 089 037 209 074 238
0011 202 027 240 084 042 209 078 238
0012 205 028 239 085 042 208 077 238
0013 206 025 241 083 041 208 079 239
0014 208 027 243 085 038 207 075 239
0015 039 208 077 236 210 047 245 105
0016 207 084 241 133 042 210 073 238
0017 041 212 075 239 200 151 228 192
0018 187 187 215 233 043 214 076 239
0019 045 211 073 236 182 203 205 237
0020 045 218 074 239 183 202 208 238
0021 044 220 074 239 183 200 208 238
