0000 171 198 209 236 119 217 161 239
0001 170 199 208 236 115 218 158 239
0002 170 198 208 236 117 217 161 239
0003 173 190 210 233 117 217 162 239
0004 181 173 214 214 117 217 166 239
0005 190 140 227 176 119 215 171 239
0006 192 079 238 140 120 215 171 239
0007 190 063 236 127 120 216 170 239
0008 187 052 232 112 118 218 167 239
0009 186 048 229 106 117 219 166 239
0010 185 047 229 106 117 220 165 239
0011 186 048 231 106 114 217 165 239
0012 188 047 230 104 116 221 163 239
0013 188 048 230 106 117 221 163 239
0014 187 048 231 108 117 221 163 239
0015 187 049 231 108 117 221 163 239
0016 188 049 232 110 117 221 163 239
0017 188 050 232 111 117 221 162 239
0018 187 056 233 118 116 216 161 234
0019 190 070 229 132 117 221 162 239
0020 189 111 231 162 117 221 162 239
0021 190 160 227 195 117 221 161 239
0022 189 194 225 237 115 221 162 239
0023 190 206 221 236 116 221 162 239
0024 185 213 220 237 116 221 162 239
