0000 130 184 151 215 207 189 228 215
0001 134 184 158 213 206 191 225 212
0002 139 180 163 209 202 185 221 211
0003 149 173 175 203 195 173 215 199
0004 156 162 182 194 190 155 208 186
0005 189 142 208 174 155 150 181 180
0006 188 132 207 161 157 137 181 166
0007 159 123 185 149 185 119 210 147
0008 183 112 209 134 160 117 186 139
0009 157 107 183 128 185 105 210 128
0010 188 099 216 121 151 100 180 118
0011 196 089 224 114 136 089 165 110
0012 121 080 145 104 216 081 241 102
0013 099 073 122 100 237 072 261 096
0014 078 074 106 099 254 072 291 095
0015 272 078 313 098 057 077 085 098
0016 281 076 318 095 048 080 079 101
0017 046 076 077 097 285 077 313 098
0018 046 074 075 093 285 071 319 094
0019 046 074 075 095 286 073 317 092
0020 045 076 073 097 285 076 319 098
0021 283 090 318 111 043 086 078 107
0022 046 102 074 123 285 105 317 125
0023 046 119 079 138 281 117 318 138
0024 050 132 082 152 280 129 313 151
0025 061 148 085 169 264 147 303 175
0026 071 163 099 184 259 156 293 187
0027 087 174 113 201 242 168 271 205
0028 234 180 257 210 104 182 127 211
0029 119 184 139 211 224 183 244 215
0030 128 187 149 216 215 183 235 217
0031 134 186 155 216 208 185 228 216
0032 134 186 156 217 208 186 227 216
0033 133 186 155 216 209 185 228 216
0034 133 186 156 215 209 186 228 215
0035 133 186 155 215 208 187 228 216
0036 133 186 156 216 208 186 227 217
0037 135 188 156 213 208 187 227 217
0038 132 187 153 211 208 187 228 217
0039 132 187 154 211 208 187 227 217
0040 136 188 158 212 205 185 226 217
0041 137 183 161 213 204 183 225 218
0042 140 182 164 212 202 182 224 214
0043 144 180 168 209 201 180 223 209
