0000 117 211 142 239 199 220 222 238
0001 115 215 138 239 199 220 222 238
0002 117 211 142 239 199 220 222 238
0003 115 215 138 239 199 220 222 238
0004 115 212 139 239 198 218 222 235
0005 115 208 138 239 199 221 222 239
0006 112 201 138 238 198 218 222 236
0007 108 189 134 227 199 221 222 238
0008 106 169 133 199 199 221 222 239
0009 104 157 132 180 201 218 225 239
0010 109 134 137 164 197 219 222 236
0011 112 116 140 151 197 219 222 236
0012 112 105 141 141 199 221 222 239
0013 116 100 145 138 199 220 222 238
0014 116 097 146 138 199 220 222 238
0015 116 096 145 135 199 220 222 238
0016 116 093 146 136 199 220 223 238
0017 117 092 147 135 199 219 223 238
0018 118 091 148 134 200 220 224 238
0019 118 090 148 132 200 218 224 237
0020 118 090 148 134 199 216 223 235
0021 117 087 149 132 199 218 228 239
0022 119 087 149 128 201 217 225 237
0023 120 086 152 128 201 218 225 237
0024 120 083 155 125 200 216 223 235
0025 120 082 155 124 199 217 223 236
0026 118 080 151 121 198 217 222 236
0027 122 080 152 120 202 216 225 239
0028 120 089 155 121 198 217 222 236
0029 115 093 152 123 198 217 222 236
0030 116 092 152 123 200 220 223 239
0031 120 088 155 121 198 217 222 236
0032 123 080 153 118 198 217 222 236
0033 122 078 153 116 198 217 222 236
0034 123 081 153 118 198 216 222 235
0035 122 089 154 119 198 216 222 235
0036 116 087 151 117 198 217 222 235
0037 121 090 152 118 198 216 222 235
0038 120 085 148 116 198 217 223 236
0039 123 080 153 119 198 217 223 236
0040 122 079 152 115 198 217 223 236
0041 123 085 153 115 198 217 223 236
0042 122 089 152 117 198 218 223 236
0043 122 088 152 116 198 218 223 237
0044 120 086 150 115 200 220 224 238
0045 123 081 152 116 198 214 224 238
0046 123 080 151 114 200 220 223 239
0047 120 084 150 115 200 219 223 238
0048 120 087 155 118 199 217 223 236
0049 120 087 156 118 199 217 223 235
0050 122 086 153 114 201 219 224 239
0051 123 083 153 114 199 215 223 235
0052 123 082 151 113 200 216 223 235
0053 123 086 152 114 200 217 223 235
0054 123 086 152 115 199 216 223 235
0055 123 085 151 115 199 216 223 235
0056 123 083 152 113 199 216 223 235
0057 122 082 151 113 199 216 223 235
0058 122 081 152 114 199 217 223 235
0059 122 083 150 113 198 217 223 235
0060 122 083 151 112 198 217 222 236
0061 122 083 151 113 198 216 222 235
0062 123 081 153 113 198 217 222 235
0063 122 080 151 113 200 220 223 238
0064 122 083 151 113 199 219 222 237
0065 122 084 152 115 198 216 222 235
0066 122 084 153 114 198 217 222 235
0067 118 082 153 114 198 216 222 235
0068 120 080 153 114 201 217 225 239
0069 120 081 154 113 198 216 222 235
0070 120 085 153 114 201 217 224 239
0071 122 084 152 113 198 219 221 236
0072 122 082 152 113 197 218 221 236
0073 124 079 151 110 198 219 221 236
0074 122 083 152 113 201 218 224 239
0075 123 085 154 114 199 220 222 239
0076 120 085 155 115 198 219 221 236
0077 118 084 156 115 198 219 222 236
0078 118 086 156 117 198 219 222 236
0079 118 088 147 120 197 219 221 235
0080 118 106 145 137 199 220 223 239
0081 115 120 146 153 197 220 222 237
0082 116 152 143 180 196 218 220 236
0083 122 174 152 204 196 218 220 236
0084 119 173 146 211 201 219 224 239
0085 112 170 138 208 198 218 222 235
0086 109 166 133 204 198 219 222 236
0087 110 163 136 200 197 219 222 236
0088 114 165 140 202 200 220 223 239
0089 117 170 144 206 197 220 222 238
0090 123 182 148 214 197 219 222 237
0091 126 190 153 228 197 217 223 236
0092 127 203 153 237 197 219 221 236
0093 125 207 152 238 200 218 222 237
0094 120 208 149 236 200 217 222 237
0095 118 211 144 238 197 218 223 235
0096 114 214 138 239 197 218 222 235
0097 115 211 137 238 197 217 222 235
