0003 112 205 167 238 000 000 000 000
0004 116 175 165 225 000 000 000 000
0005 123 108 166 159 000 000 000 000
0006 125 073 174 133 000 000 000 000
0007 120 047 172 102 000 000 000 000
0008 119 032 168 082 000 000 000 000
0009 118 022 165 073 000 000 000 000
0010 115 020 162 067 000 000 000 000
0011 118 020 163 070 000 000 000 000
0012 116 021 161 069 000 000 000 000
0013 115 021 161 070 000 000 000 000
0014 114 022 159 071 000 000 000 000
0015 114 024 160 072 000 000 000 000
0016 114 024 160 074 000 000 000 000
0017 113 024 160 074 000 000 000 000
0018 113 025 160 074 000 000 000 000
0019 113 026 160 076 000 000 000 000
0020 113 029 160 080 000 000 000 000
0021 110 058 156 111 000 000 000 000
0022 110 096 150 149 000 000 000 000
0023 105 143 154 197 000 000 000 000
0024 102 197 148 236 000 000 000 000
