0003 128 223 162 239 000 000 000 000
0004 134 161 169 209 000 000 000 000
0005 141 098 181 163 000 000 000 000
0006 144 041 187 123 000 000 000 000
0007 146 030 188 113 000 000 000 000
0008 144 020 187 102 000 000 000 000
0009 140 021 189 103 000 000 000 000
0010 144 019 187 102 000 000 000 000
0011 145 020 187 102 000 000 000 000
0012 145 021 187 102 000 000 000 000
0013 144 019 187 100 000 000 000 000
0014 143 020 187 102 000 000 000 000
0015 142 020 186 100 000 000 000 000
0016 142 019 186 099 000 000 000 000
0017 141 019 184 099 000 000 000 000
0018 142 032 182 106 000 000 000 000
0019 134 087 178 138 000 000 000 000
0020 119 156 159 211 000 000 000 000
0021 110 202 154 239 000 000 000 000
0022 118 218 157 239 000 000 000 000
