0005 152 221 186 239 000 000 000 000
0006 152 187 192 235 000 000 000 000
0007 155 121 193 182 000 000 000 000
0008 151 088 190 148 000 000 000 000
0009 151 075 191 132 000 000 000 000
0010 153 059 194 111 000 000 000 000
0011 154 052 194 099 000 000 000 000
0012 153 045 189 094 000 000 000 000
0013 150 044 187 089 000 000 000 000
0014 149 047 186 095 000 000 000 000
0015 149 046 185 095 000 000 000 000
0016 148 047 185 097 000 000 000 000
0017 148 047 186 097 000 000 000 000
0018 144 047 182 094 000 000 000 000
0019 141 047 182 092 000 000 000 000
0020 136 049 178 092 000 000 000 000
0021 134 050 177 093 000 000 000 000
0022 133 054 172 093 000 000 000 000
0023 131 052 172 093 000 000 000 000
0024 131 052 171 094 000 000 000 000
0025 131 052 171 094 000 000 000 000
0026 131 052 171 093 000 000 000 000
0027 132 055 171 094 000 000 000 000
0028 131 054 171 093 000 000 000 000
0029 130 051 172 094 000 000 000 000
0030 131 054 172 094 000 000 000 000
0031 132 055 176 101 000 000 000 000
0032 134 063 177 112 000 000 000 000
0033 138 072 178 121 000 000 000 000
0034 139 092 184 146 000 000 000 000
0035 141 124 182 180 000 000 000 000
0036 135 168 178 220 000 000 000 000
0037 134 213 179 239 000 000 000 000
