0000 085 189 108 222 177 189 203 228
0001 086 189 109 222 175 188 201 229
0002 086 189 109 222 170 188 197 224
0003 086 189 109 223 171 188 197 226
0004 085 190 109 223 177 193 204 229
0005 085 190 109 223 183 183 211 224
0006 189 167 220 207 081 189 108 226
0007 080 192 103 222 000 000 000 000
0008 167 056 197 103 080 193 104 223
0009 081 188 108 225 173 072 199 096
0010 082 190 108 226 166 068 201 105
0011 174 068 204 119 080 188 107 225
0012 180 100 210 135 081 191 104 223
0013 080 191 104 222 181 123 209 151
0014 177 127 206 160 081 192 105 223
0015 178 124 208 156 080 192 104 224
0016 179 115 208 152 079 189 106 225
0017 079 189 107 225 176 097 210 146
0018 079 194 103 224 169 061 195 093
0019 079 191 103 224 168 066 198 095
0020 079 191 103 224 171 070 201 100
0021 172 071 200 108 079 190 103 225
0022 165 073 201 120 079 188 104 225
0023 160 114 191 153 079 193 103 225
0024 164 180 191 223 079 194 103 225
0025 169 191 195 230 080 194 107 223
0026 172 189 196 228 080 191 104 224
