0004 152 194 212 234 000 000 000 000
0005 160 149 216 198 000 000 000 000
0006 166 096 217 164 000 000 000 000
0007 169 075 226 146 000 000 000 000
0008 172 065 227 139 000 000 000 000
0009 171 061 224 132 000 000 000 000
0010 175 061 230 130 000 000 000 000
0011 181 059 234 127 000 000 000 000
0012 182 056 236 124 000 000 000 000
0013 182 053 234 125 000 000 000 000
0014 181 057 235 125 000 000 000 000
0015 181 057 235 125 000 000 000 000
0016 180 057 235 125 000 000 000 000
0017 180 059 235 126 000 000 000 000
0018 184 074 233 141 000 000 000 000
0019 188 111 233 187 000 000 000 000
0020 181 194 228 236 000 000 000 000
0021 196 215 228 238 000 000 000 000
