0007 228 204 293 235 000 000 000 000
0008 223 129 277 192 000 000 000 000
0009 213 075 255 149 000 000 000 000
0010 201 049 240 127 000 000 000 000
0011 195 044 236 121 000 000 000 000
0012 196 044 235 117 000 000 000 000
0013 191 045 239 113 000 000 000 000
0014 196 042 236 119 000 000 000 000
0015 196 043 234 117 000 000 000 000
0016 197 044 234 117 000 000 000 000
0017 197 044 234 116 000 000 000 000
0018 197 044 238 118 000 000 000 000
0019 197 044 237 115 000 000 000 000
0020 195 042 234 116 000 000 000 000
0021 195 043 234 116 000 000 000 000
0022 198 044 237 117 000 000 000 000
0023 208 043 246 118 000 000 000 000
0024 229 065 277 156 000 000 000 000
0025 253 158 309 216 279 142 319 193
