0000 071 203 104 235 124 210 157 239
0001 071 201 105 235 124 210 157 239
0002 067 199 106 233 124 209 157 239
0003 070 202 103 234 124 210 157 239
0004 070 202 103 235 126 212 157 238
0005 067 202 106 236 126 211 157 239
0006 068 200 105 235 123 213 156 239
0007 066 201 102 237 125 202 155 239
0008 068 201 104 237 122 189 152 229
0009 067 200 105 237 113 171 148 205
0010 068 201 104 236 099 157 136 187
0011 068 201 105 236 079 149 120 176
0012 069 202 105 236 059 138 101 162
0013 069 201 105 236 039 132 086 153
0014 068 202 102 235 034 125 078 147
0015 068 203 102 236 032 126 074 145
0016 068 203 102 236 029 125 073 146
0017 068 203 102 236 031 125 078 150
0018 069 202 104 238 031 126 077 149
0019 069 202 104 238 034 129 084 153
0020 069 203 104 238 047 131 098 153
0021 069 203 104 236 078 127 122 153
0022 069 203 104 236 104 132 147 155
0023 068 201 101 235 137 133 178 157
0024 069 202 106 236 174 126 213 153
0025 069 203 106 236 196 127 240 153
0026 069 203 106 237 212 125 251 146
0027 069 202 106 238 221 125 262 146
0028 069 203 106 237 221 122 274 145
0029 069 203 106 236 222 124 272 147
0030 222 125 269 145 069 202 106 236
0031 069 202 107 236 217 126 265 145
0032 069 202 106 236 199 124 248 147
0033 069 202 107 236 182 127 224 154
0034 069 202 107 236 150 128 190 157
0035 069 202 107 236 114 127 155 159
0036 069 203 106 236 086 125 127 155
0037 069 203 106 237 060 124 107 152
0038 069 203 106 236 040 116 089 145
0039 068 203 106 238 032 117 081 139
0040 068 203 106 237 028 113 076 138
0041 068 204 106 237 031 115 077 139
0042 069 203 106 237 039 119 086 141
0043 069 203 106 237 039 119 092 145
0044 069 204 106 237 050 131 098 155
0045 069 204 106 237 066 145 108 171
0046 078 166 119 192 069 202 106 237
0047 092 186 129 223 070 209 099 237
0048 068 202 102 236 104 200 136 235
0049 069 202 105 236 112 210 143 239
0050 066 202 105 236 119 212 147 237
0051 068 203 104 236 117 215 147 239
0052 068 203 104 236 117 215 147 239
0053 068 202 104 236 118 215 148 238
0054 068 202 104 236 118 215 148 239
0055 068 202 104 236 118 215 148 238
0056 068 202 104 236 118 215 148 238
0057 068 203 103 235 118 215 148 238
0058 068 203 103 236 118 214 148 238
0059 068 203 104 236 118 214 147 238
0060 069 203 103 236 118 215 148 238
