0000 137 196 159 229 208 207 228 236
0001 134 197 158 231 208 205 233 236
0002 132 197 153 230 206 206 225 235
0003 127 198 151 233 202 207 225 237
0004 119 200 144 226 201 201 220 236
0005 116 194 141 226 202 192 222 228
0006 114 194 139 225 212 145 249 194
0007 115 194 136 224 233 124 275 156
0008 251 089 281 122 118 195 135 226
0009 258 060 290 099 000 000 000 000
0010 260 036 299 074 000 000 000 000
0011 258 020 295 060 000 000 000 000
0012 259 013 296 047 000 000 000 000
0013 254 010 289 044 000 000 000 000
0014 252 007 280 043 000 000 000 000
0015 250 009 282 048 000 000 000 000
0016 244 029 277 067 000 000 000 000
0017 243 050 274 084 000 000 000 000
0018 102 199 119 228 229 099 257 131
0019 100 200 118 228 201 140 244 183
0020 100 199 118 228 193 184 218 221
0021 101 197 120 229 183 201 202 236
0022 104 198 123 230 000 000 000 000
0023 105 196 125 228 185 203 205 233
