0006 250 163 289 215 000 000 000 000
0007 234 109 271 160 000 000 000 000
0008 222 087 258 129 000 000 000 000
0009 215 080 250 120 000 000 000 000
0010 212 078 247 119 000 000 000 000
0011 213 080 250 120 000 000 000 000
0012 215 079 251 120 000 000 000 000
0013 213 079 253 122 000 000 000 000
0014 213 079 254 122 000 000 000 000
0015 214 079 254 122 000 000 000 000
0016 215 080 252 122 000 000 000 000
0017 216 078 259 123 000 000 000 000
0018 229 093 266 141 000 000 000 000
0019 252 127 291 182 000 000 000 000
0020 275 186 315 239 000 000 000 000
