0000 178 214 203 239 115 207 142 235
0001 176 210 199 238 115 207 142 235
0002 179 214 203 239 115 206 142 235
0003 115 206 142 235 179 214 203 239
0004 118 210 138 236 180 215 203 239
0005 119 211 139 236 180 214 202 239
0006 119 207 137 236 178 212 199 238
0007 118 208 139 237 180 213 199 239
0008 180 213 199 239 113 211 138 237
0009 102 207 125 237 174 210 202 237
0010 085 191 114 221 176 205 201 235
0011 069 169 102 195 183 187 209 213
0012 058 141 091 163 187 155 210 182
0013 191 117 221 148 057 100 090 125
0014 195 086 222 120 074 073 100 107
0015 193 076 221 112 089 064 110 097
0016 189 077 216 112 100 070 121 104
0017 189 082 215 115 107 075 128 110
0018 189 087 213 119 108 078 130 113
0019 189 091 216 124 106 083 127 116
0020 091 099 118 128 195 108 221 137
0021 202 135 230 163 072 131 108 151
0022 055 139 091 159 208 140 247 167
0023 216 123 250 148 046 120 086 143
0024 218 090 249 122 050 093 085 119
0025 214 066 241 101 060 066 089 095
0026 201 054 229 089 081 055 102 083
0027 196 054 223 088 094 053 114 084
0028 190 066 214 094 107 064 126 096
0029 110 072 131 095 187 073 210 102
0030 108 073 130 098 186 074 209 100
0031 186 072 210 100 106 070 129 096
0032 187 071 210 099 106 067 127 102
0033 187 072 211 102 106 068 128 102
0034 188 075 212 105 108 074 129 102
0035 192 079 216 110 102 075 122 109
0036 196 085 222 115 100 080 120 116
0037 098 103 119 130 204 116 229 147
0038 092 143 116 168 198 157 223 183
0039 190 191 211 222 101 183 119 212
0040 112 199 129 233 183 210 203 237
0041 115 207 135 236 182 214 202 237
0042 114 206 140 237 180 216 201 239
0043 119 207 139 234 179 215 201 239
0044 120 206 139 234 177 213 202 239
0045 119 208 138 236 176 215 202 239
0046 119 208 137 236 177 214 201 239
0047 176 214 200 238 119 205 139 235
0048 179 212 200 237 116 207 142 236
0049 115 208 141 236 176 214 200 239
0050 113 209 139 236 175 214 201 239
0051 116 212 138 237 175 215 201 239
0052 116 213 138 237 176 215 201 239
0053 116 212 138 237 177 215 201 239
0054 117 212 138 237 177 215 201 239
0055 117 212 138 236 177 215 200 239
0056 117 211 138 236 177 213 200 239
0057 117 212 138 236 176 215 200 239
0058 116 211 138 237 176 215 200 239
0059 116 212 137 237 176 215 200 239
0060 118 209 136 235 177 213 200 239
0061 118 209 136 235 177 213 200 239
0062 117 208 136 235 177 213 200 239
0063 118 210 136 236 177 213 200 239
0064 118 209 136 235 176 215 200 239
0065 177 214 200 239 118 209 137 236
