0000 186 202 209 236 112 207 135 238
0001 185 202 209 236 112 208 134 239
0002 183 198 208 233 111 199 136 238
0003 112 196 138 236 178 188 204 225
0004 160 167 200 194 118 186 145 223
0005 129 166 160 192 148 138 180 159
0006 138 138 174 164 135 114 174 143
0007 134 101 176 138 000 000 000 000
0008 121 095 163 123 149 093 177 129
0009 125 097 164 126 150 093 183 127
0010 120 097 160 127 150 093 184 129
0011 124 096 164 127 150 093 182 127
0012 124 097 162 128 149 094 186 130
0013 149 093 189 129 123 095 161 127
0014 150 093 189 129 126 100 158 131
0015 149 094 186 130 124 097 158 128
0016 148 094 188 130 127 100 158 132
0017 147 094 185 130 127 100 158 131
0018 146 094 187 130 128 100 158 132
0019 146 094 186 130 128 099 158 131
0020 148 094 186 130 128 098 162 127
0021 150 094 191 131 124 098 158 129
0022 124 107 162 139 147 127 184 157
0023 138 163 172 194 133 136 168 164
0024 119 194 156 236 150 165 193 195
0025 116 199 144 238 166 189 200 229
0026 177 201 201 235 116 205 141 236
0027 112 203 137 239 181 205 206 238
0028 188 205 211 238 113 202 135 236
0029 190 205 213 239 113 202 134 236
0030 189 205 212 238 113 203 134 237
0031 114 205 134 237 189 205 212 238
0032 114 207 134 238 189 204 212 238
