0003 140 217 184 239 000 000 000 000
0004 144 162 189 193 000 000 000 000
0005 154 125 190 170 000 000 000 000
0006 153 076 196 139 000 000 000 000
0007 151 061 200 125 000 000 000 000
0008 143 057 192 118 000 000 000 000
0009 138 059 187 118 000 000 000 000
0010 137 065 178 119 000 000 000 000
0011 131 080 173 126 000 000 000 000
0012 136 095 173 141 000 000 000 000
0013 132 106 168 154 000 000 000 000
0014 129 137 169 178 000 000 000 000
0015 129 159 171 200 000 000 000 000
0016 129 188 168 225 000 000 000 000
0017 129 208 175 239 000 000 000 000
