0003 144 222 182 238 000 000 000 000
0004 152 188 192 239 000 000 000 000
0005 163 145 214 212 000 000 000 000
0006 170 117 214 194 000 000 000 000
0007 170 104 213 185 000 000 000 000
0008 168 092 212 176 000 000 000 000
0009 171 086 213 167 000 000 000 000
0010 171 081 216 165 000 000 000 000
0011 175 080 216 163 000 000 000 000
0012 175 085 216 166 000 000 000 000
0013 175 085 217 167 000 000 000 000
0014 176 084 217 167 000 000 000 000
0015 176 085 217 167 000 000 000 000
0016 176 086 218 169 000 000 000 000
0017 179 084 226 168 000 000 000 000
0018 173 087 224 167 000 000 000 000
0019 174 087 225 167 000 000 000 000
0020 174 086 225 167 000 000 000 000
0021 177 085 223 168 000 000 000 000
0022 177 086 222 169 000 000 000 000
0023 177 087 223 169 000 000 000 000
0024 178 087 220 167 000 000 000 000
0025 178 087 220 169 000 000 000 000
0026 176 096 218 176 000 000 000 000
0027 168 141 210 192 000 000 000 000
0028 156 182 200 236 000 000 000 000
