0003 063 201 108 239 138 202 177 236
0004 072 183 119 230 148 189 190 235
0005 079 168 126 212 158 170 196 218
0006 085 153 136 199 168 156 204 202
0007 086 144 141 192 171 143 208 195
0008 094 134 149 184 176 128 213 182
0009 099 123 153 170 182 120 222 168
0010 104 111 158 158 183 104 224 150
0011 106 106 161 151 188 097 225 145
0012 110 096 165 145 188 086 224 134
0013 111 090 166 139 189 082 226 128
0014 111 086 165 133 190 079 226 124
0015 113 084 165 134 190 076 227 122
0016 113 081 166 133 190 073 224 119
0017 113 079 166 132 191 072 224 118
0018 113 081 166 133 192 074 224 117
0019 114 082 165 134 191 073 226 123
0020 190 075 226 122 113 081 165 130
0021 113 081 165 131 190 073 226 122
0022 113 081 165 131 191 072 226 123
0023 113 081 165 131 189 072 226 121
0024 111 081 164 130 191 073 225 122
0025 111 082 164 130 191 074 225 123
0026 113 082 165 131 190 073 225 125
0027 113 082 165 131 191 074 226 123
0028 112 081 165 131 191 074 226 123
0029 111 079 165 131 190 074 226 124
0030 113 079 165 132 191 074 226 124
0031 113 079 165 132 191 075 226 124
0032 113 079 165 132 191 075 226 124
0033 113 079 165 133 190 075 226 125
0034 113 080 165 133 190 075 226 124
0035 113 080 165 133 190 075 226 124
0036 113 081 164 133 190 074 226 124
0037 113 082 164 133 190 074 226 125
0038 113 081 164 134 190 075 226 125
0039 111 081 164 135 190 075 226 126
0040 110 086 165 138 190 078 225 127
0041 104 095 162 143 187 087 226 132
0042 092 109 149 160 182 100 222 145
0043 079 129 130 185 173 118 213 167
0044 060 156 107 212 160 139 205 193
0045 045 180 091 239 142 164 194 219
0046 126 184 178 236 034 211 073 239
0047 117 202 170 238 035 221 066 239
0048 117 219 158 239 000 000 000 000
