0000 074 206 093 235 134 199 155 232
0001 074 204 093 234 137 197 159 233
0002 135 198 158 234 075 207 093 236
0003 137 197 158 237 072 203 093 233
0004 072 206 093 236 137 202 156 235
0005 125 197 151 237 072 207 091 239
0006 071 179 095 224 107 169 137 217
0007 082 142 130 181 000 000 000 000
0008 071 055 100 095 117 055 149 098
0009 069 055 093 089 139 059 163 093
0010 067 074 096 093 142 076 167 097
0011 137 072 165 099 064 075 099 104
0012 137 071 165 110 066 072 096 105
0013 067 086 103 126 124 095 154 133
0014 117 149 155 177 070 150 094 177
0015 074 193 093 229 129 181 154 224
0016 075 205 097 236 132 197 156 234
