0003 094 221 138 238 000 000 000 000
0004 095 118 166 224 000 000 000 000
0005 100 074 171 205 000 000 000 000
0006 098 062 171 193 000 000 000 000
0007 098 059 171 196 000 000 000 000
0008 098 057 170 186 000 000 000 000
0009 093 056 165 191 000 000 000 000
0010 098 057 174 195 000 000 000 000
0011 099 059 174 197 000 000 000 000
0012 099 060 175 196 000 000 000 000
0013 100 058 177 188 000 000 000 000
0014 100 060 176 194 000 000 000 000
0015 099 060 172 185 000 000 000 000
0016 097 076 166 189 000 000 000 000
0017 089 156 158 235 000 000 000 000
