0002 130 220 161 239 000 000 000 000
0003 108 194 144 237 000 000 000 000
0004 096 153 133 182 000 000 000 000
0005 103 105 139 161 000 000 000 000
0006 112 121 152 165 000 000 000 000
0007 084 130 138 176 000 000 000 000
0008 085 117 136 152 000 000 000 000
0009 098 095 143 147 000 000 000 000
0010 114 113 157 160 000 000 000 000
0011 103 133 148 178 000 000 000 000
0012 080 130 136 171 000 000 000 000
0013 090 100 136 135 000 000 000 000
0014 119 081 151 144 000 000 000 000
0015 123 114 155 155 000 000 000 000
0016 083 127 142 166 000 000 000 000
0017 080 107 133 142 000 000 000 000
0018 091 092 137 136 000 000 000 000
0019 116 105 152 161 000 000 000 000
0020 115 123 153 156 000 000 000 000
0021 090 119 149 151 000 000 000 000
0022 103 085 151 136 000 000 000 000
0023 113 091 159 147 000 000 000 000
0024 124 136 167 181 000 000 000 000
0025 132 190 170 235 000 000 000 000
0026 136 208 174 237 000 000 000 000
