0002 138 221 172 239 000 000 000 000
0003 142 186 187 237 000 000 000 000
0004 156 154 203 194 000 000 000 000
0005 162 136 204 171 000 000 000 000
0006 163 127 205 165 000 000 000 000
0007 155 129 202 160 000 000 000 000
0008 145 130 195 168 000 000 000 000
0009 137 132 189 161 000 000 000 000
0010 129 131 181 167 000 000 000 000
0011 126 131 177 163 000 000 000 000
0012 120 129 169 165 000 000 000 000
0013 110 130 162 177 000 000 000 000
0014 100 130 153 167 000 000 000 000
0015 092 129 147 165 000 000 000 000
0016 078 131 136 166 000 000 000 000
0017 069 128 127 170 000 000 000 000
0018 057 130 120 167 000 000 000 000
0019 047 131 107 167 000 000 000 000
0020 040 134 099 167 000 000 000 000
0021 035 132 105 167 000 000 000 000
0022 045 142 112 181 000 000 000 000
0023 067 168 133 219 000 000 000 000
0024 095 202 150 239 000 000 000 000
