0000 180 201 203 235 112 202 132 233
0001 180 201 204 236 113 206 136 239
0002 100 192 124 230 182 200 208 238
0003 186 185 214 228 087 173 113 210
0004 080 125 114 157 188 151 211 178
0005 090 067 120 113 176 079 204 120
0006 171 058 198 099 096 054 125 101
0007 100 051 126 098 169 054 195 093
0008 099 053 126 102 170 055 196 094
0009 099 053 126 099 169 055 195 094
0010 099 052 126 098 170 054 196 094
0011 172 054 197 092 098 052 126 099
0012 099 052 126 098 172 054 197 092
0013 168 062 197 106 100 060 126 106
0014 099 091 125 129 166 091 196 132
0015 103 167 126 203 168 157 197 188
0016 110 189 132 231 171 184 196 222
0017 114 200 137 237 176 197 200 233
0018 115 201 135 235 180 201 203 235
0019 180 201 204 234 114 203 136 236
0020 180 199 206 231 114 204 136 237
0021 115 204 136 238 180 198 205 231
0022 180 198 205 231 113 202 136 236
0023 180 198 205 231 113 202 135 236
0024 113 202 136 236 180 199 204 230
