0000 133 216 169 239 000 000 000 000
0001 134 216 170 239 000 000 000 000
0002 131 214 169 237 000 000 000 000
0003 137 213 169 238 000 000 000 000
0004 150 175 188 224 000 000 000 000
0005 163 141 194 193 000 000 000 000
0006 172 081 212 152 000 000 000 000
0007 174 054 220 120 000 000 000 000
0008 171 039 221 101 000 000 000 000
0009 168 038 219 101 000 000 000 000
0010 168 037 223 100 000 000 000 000
0011 168 037 219 099 000 000 000 000
0012 170 045 220 110 000 000 000 000
0013 174 053 215 122 000 000 000 000
0014 169 105 207 150 000 000 000 000
0015 157 150 190 194 000 000 000 000
0016 154 174 188 234 000 000 000 000
0017 140 212 172 239 000 000 000 000
0018 137 207 168 237 000 000 000 000
