0000 068 217 116 235 000 000 000 000
0001 066 216 115 235 000 000 000 000
0002 067 215 116 235 000 000 000 000
0003 070 219 112 239 000 000 000 000
0004 071 219 115 239 000 000 000 000
0005 072 218 113 239 000 000 000 000
0006 075 207 122 237 034 218 072 239
0007 038 203 086 238 080 183 127 227
0008 076 156 125 197 056 182 105 221
0009 065 154 126 208 000 000 000 000
0010 065 146 131 194 000 000 000 000
0011 068 126 142 172 000 000 000 000
0012 071 109 144 154 000 000 000 000
0013 080 095 143 143 000 000 000 000
0014 095 078 148 130 000 000 000 000
0015 106 074 148 130 000 000 000 000
0016 099 068 144 126 000 000 000 000
0017 096 069 143 132 000 000 000 000
0018 087 072 140 135 000 000 000 000
0019 088 092 139 140 000 000 000 000
0020 085 094 137 145 000 000 000 000
0021 087 096 140 143 000 000 000 000
0022 073 091 142 134 000 000 000 000
0023 078 087 138 133 000 000 000 000
0024 077 077 138 124 000 000 000 000
0025 090 066 142 124 000 000 000 000
0026 086 070 133 123 000 000 000 000
0027 084 070 132 126 000 000 000 000
0028 083 082 132 144 000 000 000 000
0029 081 097 131 153 000 000 000 000
0030 079 104 131 167 000 000 000 000
0031 076 114 132 168 000 000 000 000
0032 071 117 129 168 000 000 000 000
0033 063 121 117 169 111 135 144 188
0034 050 133 099 174 110 150 144 202
0035 104 177 140 218 035 157 080 199
0036 084 203 127 237 027 202 060 234
0037 074 213 119 238 026 213 069 239
0038 072 213 116 239 028 216 068 239
0039 068 217 115 239 027 218 067 239
0040 069 214 114 238 030 219 068 239
0041 069 217 115 239 030 218 069 239
0042 070 214 114 238 031 218 070 239
0043 070 214 114 238 030 219 070 239
