0000 133 189 156 219 196 203 220 239
0001 205 194 229 236 133 188 157 219
0002 134 189 158 219 217 155 248 205
0003 223 126 259 157 133 188 158 220
0004 136 192 156 221 234 080 259 118
0005 233 054 256 087 132 189 158 219
0006 131 188 157 219 231 041 255 069
0007 131 188 157 219 232 031 256 061
0008 132 189 157 219 232 027 258 057
0009 132 189 157 219 232 027 257 051
0010 132 188 158 220 234 027 259 057
0011 132 188 157 219 234 027 259 056
0012 131 188 156 219 234 027 259 057
0013 131 187 156 218 234 031 260 062
0014 131 188 156 218 235 048 256 076
0015 131 187 156 218 235 066 260 103
0016 218 132 250 162 131 188 156 218
0017 132 188 156 219 213 176 235 208
0018 132 188 156 219 201 204 221 236
0019 131 189 156 220 200 208 217 234
0020 132 190 157 221 201 204 222 237
0021 132 190 158 222 202 206 222 236
