0000 101 203 137 238 153 207 184 239
0001 103 208 132 238 153 206 183 238
0002 100 205 136 237 153 206 183 238
0003 103 208 133 239 152 204 179 239
0004 103 208 133 239 152 204 179 239
0005 103 208 133 239 152 204 178 239
0006 103 208 133 239 152 205 178 239
0007 103 208 133 239 152 205 178 239
0008 103 207 131 238 154 206 183 238
0009 103 207 132 239 154 206 183 238
0010 104 206 132 237 152 205 180 237
0011 106 195 134 228 151 196 179 231
0012 149 186 178 223 107 187 137 224
0013 150 160 180 192 105 161 131 198
0014 100 119 124 150 159 118 184 146
0015 096 093 124 125 155 096 185 124
0016 091 076 120 110 162 085 190 113
0017 081 066 107 100 175 076 203 105
0018 061 058 088 091 193 067 222 100
0019 034 046 063 082 221 059 248 091
0020 013 042 044 081 238 053 264 089
0021 002 045 029 084 249 065 282 092
0022 254 081 289 103 000 067 018 100
0023 254 082 290 107 000 075 019 105
0024 254 081 287 105 000 081 019 112
0025 255 081 288 104 000 000 000 000
0026 252 082 286 103 000 000 000 000
0027 254 080 291 104 000 078 016 111
0028 254 080 291 104 000 076 016 102
0029 253 079 289 103 000 074 016 101
0030 000 063 021 090 248 069 279 090
0031 000 039 029 069 240 042 269 071
0032 010 027 038 055 224 030 263 062
0033 017 020 045 043 225 025 256 055
0034 226 024 258 056 016 013 044 041
0035 017 016 047 045 219 022 260 057
0036 233 029 264 057 010 019 040 052
0037 002 029 030 060 239 043 269 066
0038 001 041 018 080 248 060 279 083
0039 250 073 286 091 000 000 000 000
0040 255 077 293 098 000 000 000 000
0041 255 073 295 093 000 000 000 000
0042 000 044 018 075 247 063 283 082
0043 000 029 028 055 240 041 271 067
0044 007 014 038 052 220 030 267 063
0045 214 019 256 052 019 009 047 036
0046 024 008 054 033 207 017 252 048
0047 023 008 053 033 201 017 255 055
0048 025 008 055 029 202 016 256 055
0049 022 008 051 034 203 016 256 056
0050 019 009 049 035 202 016 256 056
0051 018 010 047 034 201 015 257 056
0052 017 008 049 035 200 014 257 055
0053 018 012 050 041 201 015 253 055
0054 023 013 051 043 205 021 241 061
0055 028 020 058 051 207 023 235 055
0056 199 026 229 063 040 029 068 063
0057 054 043 081 083 190 048 217 082
0058 068 064 094 103 177 067 206 101
0059 080 086 107 123 168 086 196 113
0060 089 104 113 139 162 104 191 135
0061 093 132 121 169 161 135 188 163
0062 156 173 186 214 096 173 129 213
0063 097 193 128 228 160 194 188 236
0064 160 205 187 239 098 202 130 236
0065 160 205 186 238 099 204 131 237
0066 099 204 131 237 162 207 189 239
