0003 134 214 172 237 014 223 048 239
0004 023 197 082 232 142 184 190 225
0005 050 154 098 188 149 132 199 181
0006 149 117 204 161 062 126 116 164
0007 160 107 210 146 069 114 124 154
0008 158 102 213 142 070 114 123 154
0009 163 102 214 143 069 111 130 150
0010 162 101 214 141 067 110 128 145
0011 160 100 214 141 075 107 130 146
0012 161 100 214 140 071 108 132 145
0013 161 101 214 140 075 107 135 143
0014 155 102 218 142 071 107 134 143
0015 160 100 215 141 072 107 133 143
0016 156 095 216 139 075 107 131 144
0017 156 096 216 139 075 107 128 145
0018 160 100 215 142 075 107 132 145
0019 159 099 214 142 075 106 132 144
0020 160 101 212 141 075 106 130 144
0021 154 103 217 142 073 107 130 145
0022 159 101 214 144 073 106 129 145
0023 153 116 204 161 072 124 120 163
0024 146 137 195 192 061 147 113 191
0025 044 190 089 234 134 184 179 234
0026 035 210 076 239 123 210 162 236
0027 118 221 154 237 000 000 000 000
