0010 154 222 188 239 000 000 000 000
0011 147 190 195 239 000 000 000 000
0012 145 158 198 198 000 000 000 000
0013 144 138 202 181 000 000 000 000
0014 148 121 200 160 000 000 000 000
0015 138 114 194 164 000 000 000 000
0016 136 113 188 158 000 000 000 000
0017 117 111 180 165 000 000 000 000
0018 104 114 169 170 000 000 000 000
0019 100 121 153 170 000 000 000 000
0020 080 124 146 172 000 000 000 000
0021 066 125 138 180 000 000 000 000
0022 053 127 122 180 000 000 000 000
0023 050 126 105 174 000 000 000 000
0024 026 128 092 182 000 000 000 000
0025 024 128 080 182 000 000 000 000
0026 020 133 073 182 000 000 000 000
0027 020 133 073 182 000 000 000 000
0028 023 132 072 186 000 000 000 000
0029 024 132 082 184 000 000 000 000
0030 033 131 089 178 000 000 000 000
0031 047 138 103 181 000 000 000 000
0032 073 156 128 201 000 000 000 000
0033 099 196 157 238 000 000 000 000
0034 137 222 182 239 000 000 000 000
