0003 188 202 233 234 000 000 000 000
0004 187 179 241 217 000 000 000 000
0005 189 158 244 197 000 000 000 000
0006 191 144 244 185 000 000 000 000
0007 190 137 242 178 000 000 000 000
0008 189 130 240 174 000 000 000 000
0009 188 129 237 171 000 000 000 000
0010 190 126 241 169 000 000 000 000
0011 187 124 237 168 000 000 000 000
0012 189 123 240 166 000 000 000 000
0013 190 122 241 164 000 000 000 000
0014 189 120 242 164 000 000 000 000
0015 185 119 246 161 000 000 000 000
0016 186 119 247 161 000 000 000 000
0017 187 120 244 162 000 000 000 000
0018 191 122 242 163 000 000 000 000
0019 189 122 242 163 000 000 000 000
0020 188 120 245 162 000 000 000 000
0021 188 120 244 161 000 000 000 000
0022 189 123 241 164 000 000 000 000
0023 189 122 243 161 000 000 000 000
0024 189 124 242 164 000 000 000 000
0025 188 124 242 164 000 000 000 000
0026 189 121 242 161 000 000 000 000
0027 189 121 242 160 000 000 000 000
0028 189 121 242 160 000 000 000 000
0029 189 120 242 161 000 000 000 000
0030 189 120 242 161 000 000 000 000
0031 189 121 242 161 000 000 000 000
0032 189 120 243 161 000 000 000 000
0033 190 120 242 162 000 000 000 000
0034 191 119 242 164 000 000 000 000
0035 189 118 241 164 000 000 000 000
0036 188 116 240 163 000 000 000 000
0037 188 116 241 163 000 000 000 000
0038 189 116 243 163 000 000 000 000
0039 189 117 240 163 000 000 000 000
0040 189 118 243 164 000 000 000 000
0041 189 118 240 163 000 000 000 000
0042 188 119 244 164 000 000 000 000
0043 189 118 243 161 000 000 000 000
0044 189 119 242 160 000 000 000 000
0045 189 119 242 160 000 000 000 000
0046 188 119 242 160 000 000 000 000
0047 188 119 243 160 000 000 000 000
0048 189 120 243 160 000 000 000 000
0049 189 120 241 160 000 000 000 000
0050 189 120 240 160 000 000 000 000
0051 188 119 241 160 000 000 000 000
0052 188 119 242 160 000 000 000 000
0053 189 120 242 161 000 000 000 000
0054 188 121 243 162 000 000 000 000
0055 186 121 246 161 000 000 000 000
0056 192 121 243 163 000 000 000 000
0057 188 123 244 165 000 000 000 000
0058 189 123 244 166 000 000 000 000
0059 194 122 244 162 000 000 000 000
0060 189 122 241 166 000 000 000 000
0061 189 122 241 166 000 000 000 000
0062 189 122 242 166 000 000 000 000
0063 190 124 244 167 000 000 000 000
0064 190 123 245 166 000 000 000 000
0065 191 123 245 166 000 000 000 000
0066 191 124 244 165 000 000 000 000
0067 191 125 245 165 000 000 000 000
0068 192 125 243 164 000 000 000 000
0069 192 125 244 164 000 000 000 000
0070 192 126 242 164 000 000 000 000
0071 192 126 242 164 000 000 000 000
0072 191 126 241 164 000 000 000 000
0073 191 125 241 164 000 000 000 000
0074 190 125 241 164 000 000 000 000
0075 187 124 246 163 000 000 000 000
0076 189 125 244 164 000 000 000 000
0077 189 125 244 164 000 000 000 000
0078 189 124 245 164 000 000 000 000
0079 189 125 245 164 000 000 000 000
0080 189 124 245 164 000 000 000 000
0081 189 125 244 164 000 000 000 000
0082 188 124 246 162 000 000 000 000
0083 190 125 244 165 000 000 000 000
0084 189 126 241 166 000 000 000 000
0085 190 133 242 172 000 000 000 000
0086 193 145 246 185 000 000 000 000
0087 189 168 247 205 000 000 000 000
0088 194 177 246 218 000 000 000 000
0089 189 203 249 239 000 000 000 000
0090 193 217 238 238 000 000 000 000
