0006 073 164 120 226 165 223 205 239
0007 121 172 178 230 086 134 145 184
0008 093 122 165 178 000 000 000 000
0009 086 110 137 160 133 110 177 159
0010 091 105 138 157 131 109 178 154
0011 098 105 140 156 132 109 176 153
0012 088 106 140 155 133 109 179 151
0013 091 103 144 151 135 109 177 153
0014 097 103 144 153 138 108 178 156
0015 108 102 142 158 137 104 167 157
0016 087 103 141 152 136 108 178 155
0017 092 102 145 153 136 112 181 153
0018 108 103 146 152 000 000 000 000
0019 088 095 137 145 133 101 165 149
0020 091 093 139 147 134 106 181 151
0021 103 102 138 146 138 102 166 147
0022 088 094 139 147 130 105 168 154
0023 088 095 138 145 135 104 179 147
0024 095 102 142 151 130 101 152 147
0025 080 093 135 144 132 097 173 145
0026 083 095 139 144 132 100 172 144
0027 098 091 139 140 132 092 157 142
0028 082 082 132 134 130 085 168 136
0029 077 081 135 127 124 080 171 131
0030 089 079 135 130 127 087 165 131
0031 073 080 132 128 123 077 172 128
0032 090 084 134 138 125 080 151 139
0033 091 093 133 139 123 087 151 134
0034 079 088 133 141 127 089 174 138
0035 089 088 136 148 134 093 165 147
0036 083 092 132 148 130 092 166 144
0037 092 090 133 153 129 098 170 150
0038 093 093 142 146 133 093 160 146
0039 086 090 137 148 133 099 176 151
0040 087 099 141 152 125 104 155 154
0041 079 109 138 164 122 113 152 163
0042 094 133 147 188 000 000 000 000
0043 098 173 171 231 000 000 000 000
0044 087 203 127 236 149 210 193 238
