0007 235 214 290 238 000 000 000 000
0008 257 189 299 236 000 000 000 000
0009 263 147 310 209 000 000 000 000
0010 259 117 308 177 000 000 000 000
0011 256 110 302 169 000 000 000 000
0012 246 101 297 163 000 000 000 000
0013 242 099 297 163 000 000 000 000
0014 241 104 296 163 000 000 000 000
0015 240 109 296 169 000 000 000 000
0016 243 113 290 168 000 000 000 000
0017 240 111 291 169 000 000 000 000
0018 242 111 292 168 000 000 000 000
0019 243 114 295 172 000 000 000 000
0020 247 110 297 169 000 000 000 000
0021 252 113 294 175 000 000 000 000
0022 252 113 295 175 000 000 000 000
0023 253 111 295 175 000 000 000 000
0024 252 114 294 176 000 000 000 000
0025 253 115 295 179 000 000 000 000
0026 254 114 296 178 000 000 000 000
0027 253 113 296 179 000 000 000 000
0028 251 114 297 174 000 000 000 000
0029 251 114 297 175 000 000 000 000
0030 251 114 297 175 000 000 000 000
0031 253 114 296 179 000 000 000 000
0032 251 114 297 175 000 000 000 000
0033 253 114 297 175 000 000 000 000
0034 250 116 296 177 000 000 000 000
0035 255 121 303 183 000 000 000 000
0036 252 131 300 188 000 000 000 000
0037 246 174 289 221 000 000 000 000
