0002 112 211 150 239 000 000 000 000
0003 105 204 145 236 169 216 210 238
0004 102 186 146 235 159 193 196 230
0005 105 170 156 217 157 168 196 217
0006 106 158 152 205 147 157 190 206
0007 106 152 149 194 148 141 189 197
0008 105 151 147 193 143 140 187 194
0009 101 155 143 195 140 141 186 194
0010 100 149 138 194 139 140 185 194
0011 104 150 144 192 145 141 188 194
0012 105 150 146 190 149 139 190 196
0013 105 149 146 191 146 140 188 194
0014 105 150 146 191 145 140 188 195
0015 104 149 144 192 144 140 188 194
0016 105 150 145 192 143 140 189 195
0017 106 153 145 195 145 145 189 198
0018 106 158 156 210 150 154 196 207
0019 110 176 148 227 147 190 188 236
0020 105 207 145 239 176 210 204 235
0021 192 224 223 239 000 000 000 000
