0000 238 200 278 235 145 207 181 239
0001 238 198 279 236 145 207 180 239
0002 238 196 279 236 141 207 181 239
0003 244 191 285 235 149 207 182 237
0004 244 183 284 224 146 208 180 236
0005 232 166 287 205 145 207 181 239
0006 209 147 273 185 146 208 180 236
0007 182 125 258 164 146 207 183 237
0008 165 113 241 150 141 208 181 239
0009 152 106 224 141 146 206 179 236
0010 152 101 218 140 144 208 182 237
0011 154 100 215 141 140 203 177 239
0012 128 184 174 236 154 104 215 143
0013 121 170 171 222 157 106 213 143
0014 111 136 154 199 153 107 211 143
0015 110 125 154 186 153 108 211 144
0016 111 111 160 157 152 107 215 144
0017 113 105 165 134 155 107 212 147
0018 153 102 214 144 117 093 165 136
0019 158 103 208 143 122 093 175 129
0020 123 102 183 140 156 105 214 144
0021 124 107 176 147 161 105 216 145
0022 125 112 179 157 162 105 213 145
0023 156 106 215 142 121 112 174 145
0024 118 092 170 135 156 103 211 139
0025 155 102 214 140 118 082 161 120
0026 110 074 158 114 158 105 214 144
0027 107 079 150 119 154 104 213 142
0028 104 087 149 133 154 104 212 143
0029 105 096 157 139 156 103 215 144
0030 106 098 157 133 156 103 213 142
0031 154 102 214 142 107 085 155 119
0032 157 101 212 141 109 072 157 112
0033 156 102 212 142 115 069 158 109
0034 156 101 211 141 118 080 163 116
0035 158 098 214 141 125 087 175 122
0036 155 100 211 144 124 081 177 117
0037 155 100 210 144 128 074 174 113
0038 155 103 210 142 130 069 177 108
0039 132 068 183 110 155 101 212 142
0040 156 103 211 143 138 084 189 116
0041 149 103 210 143 000 000 000 000
0042 155 100 209 146 000 000 000 000
0043 154 098 210 144 000 000 000 000
0044 154 101 217 150 000 000 000 000
0045 155 105 217 147 000 000 000 000
0046 155 102 222 147 000 000 000 000
0047 162 103 224 148 000 000 000 000
0048 164 117 219 152 000 000 000 000
0049 160 139 223 174 000 000 000 000
0050 151 162 198 204 203 167 245 211
0051 146 176 184 229 220 195 270 238
0052 142 188 180 234 240 207 284 237
0053 143 193 182 237 248 207 288 233
0054 148 201 180 239 000 000 000 000
0055 148 206 187 239 000 000 000 000
