0005 163 204 201 237 000 000 000 000
0006 158 167 202 217 000 000 000 000
0007 158 115 189 170 000 000 000 000
0008 160 073 193 135 000 000 000 000
0009 161 050 194 121 000 000 000 000
0010 166 047 199 115 000 000 000 000
0011 173 051 201 117 000 000 000 000
0012 176 053 214 118 000 000 000 000
0013 175 057 211 121 000 000 000 000
0014 178 061 216 127 000 000 000 000
0015 176 069 211 132 000 000 000 000
0016 173 072 218 132 000 000 000 000
0017 172 074 210 134 000 000 000 000
0018 170 083 204 135 000 000 000 000
0019 161 080 197 128 000 000 000 000
0020 159 077 193 122 000 000 000 000
0021 159 063 193 116 000 000 000 000
0022 161 041 195 104 000 000 000 000
0023 169 044 198 100 000 000 000 000
0024 174 048 201 103 000 000 000 000
0025 175 051 205 112 000 000 000 000
0026 173 056 206 120 000 000 000 000
0027 175 062 207 127 000 000 000 000
0028 174 076 209 132 000 000 000 000
0029 173 080 210 139 000 000 000 000
0030 171 106 212 151 000 000 000 000
0031 169 130 212 176 000 000 000 000
0032 170 181 215 222 000 000 000 000
0033 172 207 215 237 000 000 000 000
0034 171 220 207 239 000 000 000 000
