0000 174 196 192 230 099 197 117 221
0001 095 192 115 225 176 193 194 228
0002 092 193 113 224 174 199 194 234
0003 091 187 111 222 183 187 208 227
0004 093 181 117 210 203 166 228 196
0005 203 138 246 167 099 171 124 200
0006 211 090 250 132 110 149 140 176
0007 219 048 257 095 120 129 155 159
0008 221 020 263 068 129 112 165 145
0009 226 004 268 054 141 103 174 142
0010 228 000 270 045 141 099 180 141
0011 230 000 272 038 146 103 182 139
0012 231 000 274 039 147 102 184 138
0013 231 000 274 040 148 100 184 138
0014 232 000 274 040 153 101 187 136
0015 232 000 273 037 149 098 185 137
0016 233 000 270 035 149 098 185 138
0017 234 000 271 036 149 098 185 138
0018 234 001 272 038 148 097 185 138
0019 234 000 272 037 148 097 184 136
0020 229 000 268 036 149 099 183 137
0021 230 000 270 037 147 098 183 137
0022 227 000 265 036 148 100 181 136
0023 222 000 258 036 146 098 183 136
0024 215 001 249 036 138 095 177 133
0025 210 001 244 035 128 098 161 133
0026 203 001 239 035 090 099 121 132
0027 206 001 238 035 052 107 078 145
0028 019 124 050 156 204 000 238 033
0029 009 137 050 168 206 000 239 034
0030 023 164 055 189 205 000 238 034
0031 206 000 238 034 053 179 081 203
0032 205 002 238 032 072 188 096 211
0033 205 000 239 031 087 193 107 215
0034 203 000 237 032 086 192 107 214
0035 203 000 240 031 079 189 104 212
0036 202 000 236 031 080 188 104 213
0037 202 000 235 031 078 189 101 213
0038 204 000 237 032 077 187 100 210
0039 205 000 238 032 074 184 101 209
0040 206 000 240 033 074 187 101 209
0041 069 185 095 210 205 000 241 038
0042 212 019 243 061 068 189 096 217
0043 212 045 248 087 070 189 100 217
0044 224 089 256 126 071 191 100 225
0045 079 196 104 224 223 136 256 165
0046 086 195 108 224 208 186 231 221
0047 091 195 113 228 187 193 207 231
0048 095 194 116 225 176 196 194 229
0049 098 195 118 227 178 199 195 229
