0000 078 201 125 237 177 207 211 237
0001 076 201 122 236 176 198 215 237
0002 076 201 123 237 178 159 214 208
0003 077 201 123 236 170 081 204 148
0004 077 202 123 237 171 054 207 126
0005 168 033 203 107 077 202 123 237
0006 168 031 204 104 076 202 123 238
0007 168 029 204 103 076 202 123 238
0008 169 030 204 103 076 202 123 238
0009 076 201 123 237 170 041 206 114
0010 172 081 209 143 076 201 123 237
0011 076 201 123 237 177 145 212 191
0012 076 203 123 237 177 174 213 230
0013 076 202 123 237 175 204 209 238
0014 075 197 128 237 177 199 211 237
