0000 156 210 194 236 000 000 000 000
0001 170 182 196 214 000 000 000 000
0002 172 162 198 190 000 000 000 000
0003 174 149 197 179 000 000 000 000
0004 173 139 199 176 000 000 000 000
0005 181 132 205 170 000 000 000 000
0006 184 133 209 169 000 000 000 000
0007 183 132 209 172 000 000 000 000
0008 183 131 209 170 000 000 000 000
0009 182 134 206 170 000 000 000 000
0010 174 138 199 171 000 000 000 000
0011 166 147 191 178 000 000 000 000
0012 156 162 192 194 000 000 000 000
0013 152 188 189 216 000 000 000 000
0014 156 207 195 237 000 000 000 000
0015 162 223 195 239 000 000 000 000
0016 162 222 194 238 000 000 000 000
