0004 138 210 186 239 000 000 000 000
0005 136 176 177 226 000 000 000 000
0006 125 144 170 187 000 000 000 000
0007 120 126 161 164 000 000 000 000
0008 115 115 158 151 000 000 000 000
0009 117 111 156 146 000 000 000 000
0010 112 112 152 146 000 000 000 000
0011 117 113 155 148 000 000 000 000
0012 117 112 155 148 000 000 000 000
0013 117 112 155 148 000 000 000 000
0014 117 113 155 148 000 000 000 000
0015 117 113 155 148 000 000 000 000
0016 117 112 155 148 000 000 000 000
0017 117 114 156 151 000 000 000 000
0018 116 116 157 152 000 000 000 000
0019 114 124 158 164 000 000 000 000
0020 118 142 163 183 000 000 000 000
0021 122 169 168 220 000 000 000 000
0022 125 201 172 239 000 000 000 000
