0002 097 215 132 238 000 000 000 000
0003 091 195 136 238 000 000 000 000
0004 074 185 129 239 000 000 000 000
0005 078 176 138 238 000 000 000 000
0006 090 159 139 239 000 000 000 000
0007 073 155 151 202 000 000 000 000
0008 079 147 151 197 000 000 000 000
0009 072 132 146 209 000 000 000 000
0010 071 170 142 232 000 000 000 000
0011 083 181 137 234 000 000 000 000
0012 063 176 140 228 000 000 000 000
0013 065 153 135 213 000 000 000 000
0014 067 140 139 193 000 000 000 000
0015 071 158 137 211 000 000 000 000
0016 067 165 140 231 000 000 000 000
0017 069 166 135 234 000 000 000 000
0018 069 158 139 197 000 000 000 000
0019 070 132 135 186 000 000 000 000
0020 069 137 137 201 000 000 000 000
0021 070 153 138 210 000 000 000 000
0022 074 189 142 238 000 000 000 000
