0000 164 211 189 239 088 208 112 238
0001 164 211 189 238 087 207 111 236
0002 163 211 188 238 089 207 112 237
0003 164 211 191 237 088 206 111 237
0004 178 207 205 239 088 207 112 238
0005 187 194 216 239 088 207 112 238
0006 187 166 218 215 088 207 112 237
0007 167 132 200 166 088 207 112 237
0008 143 108 178 131 088 207 112 237
0009 122 100 163 118 088 207 112 238
0010 116 101 155 121 088 208 112 238
0011 112 102 151 125 088 207 112 238
0012 114 100 156 124 088 208 112 238
0013 112 100 153 123 089 208 113 237
0014 089 209 112 238 113 104 151 125
0015 111 105 152 125 089 208 113 238
0016 112 105 151 125 088 208 112 238
0017 112 103 154 122 089 208 112 238
0018 114 103 155 122 089 208 112 238
0019 112 106 151 125 089 209 112 238
0020 115 106 156 125 088 209 111 238
0021 110 110 158 131 088 207 111 238
0022 124 125 164 149 087 207 110 238
0023 132 157 169 196 087 208 110 238
0024 155 188 187 236 087 208 110 238
0025 167 215 195 239 086 210 112 239
0026 086 210 112 239 168 216 189 237
0027 086 211 112 239 170 215 191 239
0028 090 209 114 237 164 213 188 238
0029 090 209 115 237 164 214 190 239
0030 090 208 114 237 165 215 189 238
0031 090 208 115 237 165 215 189 238
