0004 118 212 162 238 000 000 000 000
0005 108 176 170 232 000 000 000 000
0006 139 153 186 202 000 000 000 000
0007 150 135 197 199 000 000 000 000
0008 141 130 188 198 000 000 000 000
0009 138 133 189 186 000 000 000 000
0010 153 131 199 187 000 000 000 000
0011 154 132 204 198 000 000 000 000
0012 138 135 190 195 000 000 000 000
0013 155 133 198 188 000 000 000 000
0014 164 142 209 211 000 000 000 000
0015 139 150 193 210 000 000 000 000
0016 137 153 197 207 000 000 000 000
0017 162 152 212 217 000 000 000 000
0018 158 155 208 212 000 000 000 000
0019 135 162 196 214 000 000 000 000
0020 147 185 197 237 000 000 000 000
