0000 068 153 119 202 153 162 202 213
0001 069 152 121 202 159 159 206 211
0002 068 152 118 202 153 163 203 212
0003 068 153 119 203 160 161 206 212
0004 069 153 119 203 153 161 204 214
0005 069 153 118 202 145 155 199 202
0006 068 153 120 203 133 126 191 170
0007 068 152 119 202 127 099 186 138
0008 068 153 119 202 125 080 175 119
0009 069 153 118 202 128 055 170 100
0010 068 153 119 203 133 053 170 098
0011 068 153 118 203 133 048 167 092
0012 073 155 115 206 135 052 167 091
0013 073 154 115 206 138 052 168 087
0014 067 153 121 201 136 049 170 091
0015 067 153 120 201 135 046 172 089
0016 067 153 120 201 134 044 172 088
0017 068 153 120 201 136 042 174 089
0018 067 153 121 201 137 042 173 086
0019 067 153 120 204 141 045 173 086
0020 067 153 120 204 143 043 172 081
0021 071 153 121 199 144 044 173 083
0022 067 153 121 200 143 043 175 083
0023 067 154 120 204 144 040 179 089
0024 073 153 115 205 149 028 186 092
0025 073 154 117 204 155 025 187 094
0026 067 152 119 202 158 028 192 093
0027 159 028 192 097 067 152 119 202
0028 157 030 193 099 067 152 119 201
0029 152 035 191 099 067 152 119 201
0030 068 152 118 200 148 050 185 102
0031 067 153 118 204 137 067 182 113
0032 130 101 185 145 068 152 117 200
0033 068 152 117 200 139 120 186 181
0034 069 152 117 200 153 144 193 215
0035 069 153 118 204 152 155 194 217
0036 068 153 120 201 158 171 201 217
0037 068 153 119 201 158 172 199 219
0038 068 153 120 201 159 172 202 218
0039 068 153 120 201 158 171 202 218
0040 069 154 119 201 158 171 201 218
0041 069 154 119 201 157 172 201 219
0042 069 154 119 201 158 172 201 219
0043 069 154 119 202 157 170 202 214
0044 069 154 119 201 157 171 201 219
0045 069 154 122 202 156 171 201 214
