0000 165 222 198 239 000 000 000 000
0001 163 221 203 239 000 000 000 000
0002 163 221 203 239 000 000 000 000
0003 164 222 198 239 000 000 000 000
0004 162 221 203 239 000 000 000 000
0005 162 221 203 239 000 000 000 000
0006 161 221 203 239 000 000 000 000
0007 166 223 198 239 000 000 000 000
0008 162 221 203 239 000 000 000 000
0009 163 221 203 239 000 000 000 000
0010 163 223 199 239 000 000 000 000
0011 166 224 198 239 000 000 000 000
0012 167 224 198 239 000 000 000 000
0013 167 223 198 239 000 000 000 000
0014 107 216 139 239 165 221 205 239
0015 098 216 129 239 163 222 208 238
0016 075 208 113 239 199 220 226 239
0017 206 193 247 237 070 151 109 193
0018 072 089 112 144 194 124 234 181
0019 077 072 120 125 181 077 227 138
0020 166 068 215 124 084 063 125 114
0021 093 074 129 121 166 088 212 134
0022 173 103 221 158 088 092 129 143
0023 080 113 120 164 196 157 234 203
0024 195 149 234 195 084 110 118 159
0025 088 072 131 127 172 088 211 135
0026 094 061 136 115 161 057 207 116
0027 167 072 211 113 098 065 137 117
0028 098 074 136 123 169 084 207 122
0029 152 091 202 134 093 087 129 144
0030 144 110 189 153 094 111 131 167
0031 130 129 180 167 097 128 133 182
0032 095 144 133 184 121 144 175 180
0033 107 147 172 182 094 149 131 184
0034 100 149 159 183 000 000 000 000
0035 124 146 171 183 102 147 133 183
0036 101 143 139 183 129 140 165 182
0037 119 145 168 182 107 147 136 182
0038 113 149 175 181 000 000 000 000
0039 116 147 174 177 000 000 000 000
0040 119 127 168 171 000 000 000 000
0041 104 126 141 171 124 118 169 158
0042 109 113 150 154 110 134 143 182
0043 111 111 157 149 108 129 149 178
0044 107 106 156 149 114 137 147 182
0045 106 114 159 151 117 141 148 182
0046 115 113 159 154 118 140 151 186
0047 123 115 165 162 113 128 149 184
0048 123 119 165 163 113 133 151 184
0049 122 158 182 201 000 000 000 000
0050 130 186 181 229 114 154 150 185
0051 141 203 181 236 109 157 149 193
0052 114 166 149 198 147 214 187 239
0053 109 174 146 211 152 219 193 236
