0000 177 209 213 237 118 221 158 239
0001 177 209 214 237 119 221 157 239
0002 177 210 214 237 115 218 155 237
0003 177 211 213 237 114 218 155 237
0004 177 209 213 237 118 221 156 239
0005 183 203 214 239 117 220 156 239
0006 205 177 241 226 117 220 156 239
0007 218 156 264 188 118 221 157 239
0008 226 131 281 168 117 221 158 239
0009 231 130 294 164 114 217 155 238
0010 229 131 288 168 114 217 155 238
0011 225 135 267 183 114 217 154 237
0012 212 137 244 195 115 220 156 238
0013 193 140 224 191 115 219 155 238
0014 173 134 218 177 115 219 155 238
0015 176 136 224 181 115 219 156 237
0016 189 135 232 190 117 221 159 239
0017 208 137 237 189 115 219 156 237
0018 222 134 258 188 116 219 156 237
0019 225 132 277 172 116 219 157 238
0020 234 130 290 166 117 221 160 239
0021 224 131 281 170 117 221 161 239
0022 218 140 270 176 118 221 160 239
0023 198 137 230 179 117 220 160 239
0024 183 137 221 176 115 219 156 237
0025 185 140 219 178 115 219 156 237
0026 189 139 223 180 115 219 156 237
0027 187 157 218 198 115 218 155 238
0028 186 179 217 220 117 220 159 239
0029 179 197 213 234 118 220 159 239
0030 174 209 211 236 115 219 155 238
0031 176 210 211 236 116 220 157 239
