0000 205 207 230 235 124 206 146 237
0001 206 206 229 235 125 206 148 238
0002 207 204 228 233 126 206 148 237
0003 206 203 228 235 124 210 150 239
0004 122 205 145 236 206 201 229 234
0005 118 197 143 228 208 202 231 234
0006 116 186 142 216 208 203 231 235
0007 108 170 135 203 209 201 232 235
0008 209 201 234 236 100 160 128 199
0009 092 155 120 194 208 201 234 236
0010 086 150 115 192 209 200 234 236
0011 087 150 116 194 212 201 235 231
0012 093 151 121 194 211 202 235 235
0013 102 155 131 195 210 202 235 236
0014 115 159 144 191 209 202 233 235
0015 118 160 148 194 208 202 233 236
0016 116 159 149 195 208 202 232 235
0017 110 157 139 197 209 202 232 234
0018 099 156 126 201 209 201 232 234
0019 092 156 121 200 210 202 233 230
0020 091 158 120 204 211 202 232 230
0021 096 160 124 204 208 202 232 234
0022 103 164 129 197 208 202 233 235
0023 113 166 142 196 211 201 234 229
0024 209 202 233 234 120 164 150 196
0025 122 161 154 197 209 200 233 235
0026 117 162 151 195 209 200 233 233
0027 112 155 138 193 209 200 233 233
0028 105 154 133 198 209 200 232 233
0029 099 154 127 199 208 202 232 234
0030 103 156 131 198 211 202 234 231
0031 103 155 132 196 209 200 234 233
0032 108 158 139 199 211 200 235 233
0033 110 163 139 202 211 201 236 235
0034 110 169 136 204 211 202 236 235
0035 111 181 139 213 209 202 234 236
0036 208 201 232 234 119 188 141 217
0037 121 196 146 231 209 200 232 234
0038 207 203 230 235 124 201 148 239
0039 127 208 150 239 208 204 231 236
0040 126 206 151 237 208 204 231 236
0041 207 206 231 237 127 206 151 236
0042 207 208 230 239 127 205 151 236
