0002 195 216 223 239 000 000 000 000
0003 212 152 251 213 000 000 000 000
0004 206 106 253 145 000 000 000 000
0005 193 065 238 098 000 000 000 000
0006 174 036 215 073 000 000 000 000
0007 155 035 207 070 000 000 000 000
0008 155 037 205 071 000 000 000 000
0009 157 040 205 072 000 000 000 000
0010 155 043 205 075 000 000 000 000
0011 156 044 205 076 000 000 000 000
0012 156 042 206 075 000 000 000 000
0013 156 042 206 075 000 000 000 000
0014 156 041 206 074 000 000 000 000
0015 156 041 205 075 000 000 000 000
0016 157 042 205 075 000 000 000 000
0017 157 042 207 077 000 000 000 000
0018 158 043 206 077 000 000 000 000
0019 158 043 206 077 000 000 000 000
0020 158 043 206 077 000 000 000 000
0021 158 044 205 076 000 000 000 000
0022 158 044 205 076 000 000 000 000
0023 161 044 211 079 000 000 000 000
0024 178 049 221 084 000 000 000 000
0025 213 111 244 156 000 000 000 000
0026 216 173 247 229 000 000 000 000
0027 203 216 227 239 000 000 000 000
