0004 138 222 165 239 000 000 000 000
0005 124 218 160 237 000 000 000 000
0006 111 172 148 209 000 000 000 000
0007 116 120 155 167 000 000 000 000
0008 127 085 167 144 000 000 000 000
0009 163 072 193 125 000 000 000 000
0010 182 072 218 141 000 000 000 000
0011 173 094 209 162 000 000 000 000
0012 148 092 181 159 000 000 000 000
0013 159 081 192 141 000 000 000 000
0014 171 080 201 144 000 000 000 000
0015 167 102 197 164 000 000 000 000
0016 151 113 180 172 000 000 000 000
0017 147 113 176 172 000 000 000 000
0018 161 114 189 180 000 000 000 000
0019 160 138 191 196 000 000 000 000
0020 149 162 178 206 000 000 000 000
0021 136 150 175 205 000 000 000 000
0022 146 147 173 206 000 000 000 000
0023 149 174 178 222 000 000 000 000
0024 145 190 182 234 000 000 000 000
0025 135 220 168 239 000 000 000 000
