0000 173 162 213 208 000 000 000 000
0002 090 156 172 216 000 000 000 000
0003 137 113 207 176 000 000 000 000
0004 166 147 243 207 000 000 000 000
0005 146 178 224 232 000 000 000 000
0006 107 156 180 206 000 000 000 000
0007 116 108 192 170 000 000 000 000
0008 159 106 237 172 000 000 000 000
0009 169 175 239 226 000 000 000 000
0010 113 184 176 233 090 192 129 228
0011 087 118 173 187 000 000 000 000
0012 129 099 215 173 000 000 000 000
0013 166 115 234 189 000 000 000 000
0014 187 216 252 238 170 155 211 204
