0001 107 221 139 239 000 000 000 000
0003 105 209 142 237 223 216 254 237
0004 104 201 144 238 213 207 251 238
0005 107 189 145 237 200 186 241 238
0006 111 175 150 239 191 175 237 236
0007 116 157 151 232 179 164 228 231
0008 121 142 158 213 170 151 216 220
0009 165 148 207 219 124 136 162 209
0010 124 131 161 213 161 142 206 212
0011 159 138 200 210 127 129 164 203
0012 127 129 164 202 157 135 198 209
0013 126 128 163 206 157 135 198 206
0014 125 126 160 200 159 136 200 206
0015 128 129 163 206 156 136 198 206
0016 130 124 165 200 158 137 203 203
0017 130 124 165 200 159 136 201 205
0018 127 129 162 205 159 136 201 206
0019 128 127 162 197 160 136 201 205
0020 128 127 162 197 158 137 203 203
0021 128 126 165 198 162 134 197 199
0022 128 127 162 197 158 137 202 202
0023 130 126 165 204 157 136 199 207
0024 128 125 165 208 157 139 199 211
0025 124 137 163 211 159 151 207 215
0026 119 148 158 220 167 163 213 229
0027 110 179 150 236 189 185 230 235
0028 103 202 143 239 206 209 248 239
0029 103 213 135 239 000 000 000 000
0030 103 219 133 239 000 000 000 000
