0000 166 201 208 235 091 213 132 239
0001 196 193 233 231 091 213 132 239
0002 213 172 267 206 091 213 132 239
0003 223 127 278 177 091 213 132 239
0004 222 091 274 144 091 213 132 239
0005 213 069 266 131 091 213 132 239
0006 199 052 253 115 091 213 132 239
0007 186 044 237 104 091 213 132 239
0008 175 044 220 099 091 213 132 239
0009 172 042 218 099 091 213 132 239
0010 171 042 218 099 091 213 132 239
0011 172 041 220 099 091 213 132 239
0012 173 041 221 101 091 213 132 239
0013 173 042 222 102 091 213 133 239
0014 175 041 222 099 091 213 133 239
0015 175 041 222 099 091 213 133 239
0016 180 041 229 100 091 213 133 239
0017 190 047 240 106 091 213 133 239
0018 204 061 252 121 091 213 133 239
0019 216 089 260 142 091 213 133 239
0020 215 125 259 169 091 212 131 239
0021 208 150 251 191 091 213 131 239
0022 194 187 231 224 090 212 132 239
0023 163 199 209 237 090 211 132 239
0024 153 209 200 238 092 210 131 239
0025 157 207 198 237 092 210 130 239
0026 156 208 198 237 092 210 130 239
0027 156 209 198 237 091 210 131 239
