0000 144 188 183 229 000 000 000 000
0001 152 150 183 188 000 000 000 000
0002 157 105 191 164 000 000 000 000
0003 160 080 192 144 000 000 000 000
0004 155 069 189 134 000 000 000 000
0005 151 057 183 122 000 000 000 000
0006 148 058 179 122 000 000 000 000
0007 146 060 179 121 000 000 000 000
0008 146 060 179 121 000 000 000 000
0009 146 059 179 121 000 000 000 000
0010 147 056 180 120 000 000 000 000
0011 148 052 181 121 000 000 000 000
0012 150 059 181 120 000 000 000 000
0013 150 059 181 122 000 000 000 000
0014 149 058 180 122 000 000 000 000
0015 148 057 181 122 000 000 000 000
0016 148 056 180 121 000 000 000 000
0017 149 056 180 122 000 000 000 000
0018 148 053 182 122 000 000 000 000
0019 147 058 181 126 000 000 000 000
0020 141 096 176 154 000 000 000 000
0021 132 186 172 223 000 000 000 000
0022 131 212 169 239 000 000 000 000
0023 136 223 171 239 000 000 000 000
