0001 180 218 222 239 000 000 000 000
0002 166 187 222 234 000 000 000 000
0003 168 159 237 208 000 000 000 000
0004 230 086 300 151 000 000 000 000
0005 230 084 277 135 000 000 000 000
0006 191 096 258 149 000 000 000 000
0007 190 108 258 178 000 000 000 000
0008 242 076 311 130 000 000 000 000
0009 226 082 276 125 000 000 000 000
0010 183 093 262 154 000 000 000 000
0011 180 094 246 160 000 000 000 000
0012 200 090 260 136 000 000 000 000
0013 210 090 266 138 000 000 000 000
0014 191 098 266 164 000 000 000 000
0015 247 054 312 114 000 000 000 000
0016 265 034 319 095 000 000 000 000
0017 247 036 295 112 092 216 131 239
0018 231 062 271 139 078 219 124 238
0019 206 138 251 188 000 000 000 000
0020 191 187 230 232 000 000 000 000
0021 182 210 223 238 000 000 000 000
