0000 170 217 188 237 000 000 000 000
0001 169 219 190 239 000 000 000 000
0002 169 219 190 239 000 000 000 000
0003 180 219 198 239 000 000 000 000
0004 201 177 226 215 000 000 000 000
0005 172 101 219 152 000 000 000 000
0006 142 087 181 106 000 000 000 000
0007 138 086 178 103 000 000 000 000
0008 140 086 182 105 000 000 000 000
0009 137 084 179 102 000 000 000 000
0010 140 086 181 107 000 000 000 000
0011 136 085 180 106 000 000 000 000
0012 134 084 181 105 000 000 000 000
0013 136 085 182 106 000 000 000 000
0014 134 085 182 106 000 000 000 000
0015 133 085 181 107 000 000 000 000
0016 133 085 181 106 000 000 000 000
0017 134 085 181 106 000 000 000 000
0018 136 085 181 106 000 000 000 000
0019 133 086 184 107 000 000 000 000
0020 135 084 182 106 000 000 000 000
0021 133 085 184 107 000 000 000 000
0022 149 094 195 118 000 000 000 000
0023 181 158 207 203 000 000 000 000
0024 180 220 202 239 000 000 000 000
0025 086 223 107 239 171 216 190 239
0026 170 217 189 239 000 000 000 000
0027 170 217 189 239 000 000 000 000
0028 170 218 189 239 000 000 000 000
0029 170 218 189 239 000 000 000 000
0030 170 218 189 239 000 000 000 000
