0000 125 209 166 239 000 000 000 000
0001 126 208 166 239 000 000 000 000
0002 125 208 166 239 000 000 000 000
0003 125 209 166 239 000 000 000 000
0004 130 203 169 239 000 000 000 000
0005 139 178 185 227 000 000 000 000
0006 147 144 203 185 000 000 000 000
0007 153 106 212 149 000 000 000 000
0008 154 087 218 132 000 000 000 000
0009 157 077 220 123 000 000 000 000
0010 159 076 221 121 000 000 000 000
0011 160 079 220 122 000 000 000 000
0012 160 080 221 124 000 000 000 000
0013 159 081 222 126 000 000 000 000
0014 159 082 222 127 000 000 000 000
0015 161 082 222 127 000 000 000 000
0016 161 082 222 127 000 000 000 000
0017 161 082 222 126 000 000 000 000
0018 161 079 221 125 000 000 000 000
0019 161 081 221 126 000 000 000 000
0020 156 084 209 129 000 000 000 000
0021 146 099 190 142 000 000 000 000
0022 140 125 172 167 000 000 000 000
0023 131 153 161 195 000 000 000 000
0024 129 181 160 234 000 000 000 000
0025 125 186 159 239 000 000 000 000
0026 122 211 154 239 000 000 000 000
0027 122 208 156 238 000 000 000 000
0028 122 211 157 237 000 000 000 000
0029 123 214 155 239 000 000 000 000
0030 122 212 157 237 000 000 000 000
0031 123 214 155 239 000 000 000 000
