0005 153 218 192 238 000 000 000 000
0006 171 156 213 210 000 000 000 000
0007 177 119 215 179 000 000 000 000
0008 183 093 219 154 000 000 000 000
0009 183 080 218 139 000 000 000 000
0010 183 073 217 131 000 000 000 000
0011 184 067 219 129 000 000 000 000
0012 181 065 215 123 000 000 000 000
0013 180 064 214 123 000 000 000 000
0014 180 065 215 125 000 000 000 000
0015 180 065 215 125 000 000 000 000
0016 180 066 215 126 000 000 000 000
0017 177 068 219 124 000 000 000 000
0018 182 066 218 127 000 000 000 000
0019 177 068 219 124 000 000 000 000
0020 177 068 219 125 000 000 000 000
0021 177 070 219 127 000 000 000 000
0022 180 068 215 128 000 000 000 000
0023 176 075 215 141 000 000 000 000
0024 175 085 213 149 000 000 000 000
0025 165 117 205 180 000 000 000 000
0026 160 150 191 204 000 000 000 000
0027 142 189 182 234 000 000 000 000
0028 133 221 166 239 000 000 000 000
