0005 170 187 211 235 108 212 158 239
0006 178 132 224 177 136 174 214 213
0007 175 114 222 159 136 156 229 198
0008 162 097 216 145 000 000 000 000
0009 160 092 215 147 000 000 000 000
0010 171 092 219 147 147 147 231 189
0011 182 087 229 148 150 157 232 195
0012 168 088 215 142 155 163 240 195
0013 163 091 213 152 153 159 237 197
0014 181 086 226 149 000 000 000 000
0015 182 087 227 149 154 158 234 197
0016 163 089 214 146 150 160 233 197
0017 172 089 215 152 154 160 233 198
0018 179 087 225 149 155 162 232 197
0019 175 086 215 141 154 159 233 197
0020 170 088 214 151 152 157 231 197
0021 179 093 216 156 149 158 229 196
0022 172 089 212 154 148 156 232 196
0023 176 093 217 154 154 156 235 196
0024 170 091 212 151 143 156 228 198
0025 123 157 189 220 155 111 207 153
0026 148 133 203 180 104 183 164 237
0027 142 190 198 234 000 000 000 000
