0000 165 206 203 239 079 208 119 237
0001 164 199 203 237 079 206 115 239
0002 164 182 211 236 079 208 114 239
0003 080 208 118 237 175 130 225 200
0004 188 086 229 161 079 207 118 236
0005 192 055 235 130 079 208 119 237
0006 194 042 237 115 079 207 118 237
0007 190 030 230 105 084 202 128 237
0008 190 030 230 104 100 192 144 236
0009 194 026 234 100 104 189 153 237
0010 195 025 236 099 105 191 155 237
0011 107 194 155 236 197 023 234 099
0012 196 021 238 100 107 193 153 236
0013 201 022 241 100 108 194 152 236
0014 203 023 245 097 108 195 151 235
0015 204 022 246 101 110 195 151 234
0016 201 032 243 113 109 194 152 234
0017 196 066 237 143 105 193 150 235
0018 101 190 147 236 187 092 232 171
0019 098 183 138 238 170 138 223 212
