0000 179 173 220 210 000 000 000 000
0001 186 116 223 164 000 000 000 000
0002 183 061 225 116 000 000 000 000
0003 179 040 222 097 000 000 000 000
0004 175 029 219 085 000 000 000 000
0005 173 027 217 080 000 000 000 000
0006 174 025 218 080 000 000 000 000
0007 174 025 219 080 000 000 000 000
0008 174 025 219 081 000 000 000 000
0009 174 026 220 081 000 000 000 000
0010 174 025 220 080 000 000 000 000
0011 174 024 220 080 000 000 000 000
0012 174 022 219 079 000 000 000 000
0013 174 022 220 078 000 000 000 000
0014 173 022 220 078 000 000 000 000
0015 175 023 220 078 000 000 000 000
0016 175 022 220 077 000 000 000 000
0017 174 022 220 076 000 000 000 000
0018 174 022 220 078 000 000 000 000
0019 175 023 220 079 000 000 000 000
0020 175 023 220 081 000 000 000 000
0021 175 026 220 082 000 000 000 000
0022 184 035 222 088 000 000 000 000
0023 190 070 227 109 000 000 000 000
0024 192 124 230 164 000 000 000 000
0025 183 166 218 219 000 000 000 000
0026 176 203 205 239 000 000 000 000
0027 171 220 195 239 000 000 000 000
