0000 163 220 191 239 067 224 088 239
0001 163 177 195 230 068 222 089 239
0002 178 136 213 181 069 223 089 239
0003 188 124 221 169 000 000 000 000
0004 196 115 231 159 064 223 088 239
0005 189 109 235 153 066 224 086 239
0006 182 068 220 131 065 223 085 239
0007 165 049 202 107 064 223 085 239
0008 149 066 189 113 063 224 085 239
0009 154 087 182 108 000 000 000 000
0010 158 085 187 106 068 223 089 239
0011 155 074 193 111 068 224 089 239
0012 163 057 196 111 068 222 088 239
0013 176 073 216 131 068 223 088 239
0014 186 137 232 176 000 000 000 000
0015 182 160 227 191 067 223 088 239
0016 183 139 227 171 067 224 088 239
0017 178 083 221 133 000 000 000 000
0018 164 047 200 106 000 000 000 000
0019 153 062 189 107 000 000 000 000
0020 155 078 183 108 000 000 000 000
0021 154 084 182 110 000 000 000 000
0022 154 082 180 110 000 000 000 000
0023 157 080 185 110 000 000 000 000
0024 147 075 184 108 000 000 000 000
0025 149 088 190 132 000 000 000 000
0026 152 131 186 182 000 000 000 000
0027 161 187 189 225 000 000 000 000
0028 160 221 185 239 000 000 000 000
