0004 079 223 126 239 000 000 000 000
0005 080 206 138 239 000 000 000 000
0006 078 177 139 220 000 000 000 000
0007 077 156 143 201 000 000 000 000
0008 080 139 144 186 000 000 000 000
0009 080 118 146 165 000 000 000 000
0010 077 105 143 155 000 000 000 000
0011 073 098 144 146 000 000 000 000
0012 073 093 145 140 000 000 000 000
0013 072 086 146 135 000 000 000 000
0014 070 079 146 132 000 000 000 000
0015 069 081 146 133 000 000 000 000
0016 072 084 142 135 000 000 000 000
0017 072 089 144 137 000 000 000 000
0018 070 092 147 136 000 000 000 000
0019 070 094 143 140 000 000 000 000
0020 069 100 146 143 000 000 000 000
0021 073 104 148 149 000 000 000 000
0022 080 130 148 175 000 000 000 000
0023 080 162 144 210 000 000 000 000
0024 085 187 140 234 000 000 000 000
0025 086 216 129 239 000 000 000 000
