0000 208 213 235 239 119 211 140 238
0001 208 214 235 239 118 211 141 238
0002 208 213 235 239 119 214 144 239
0003 208 213 237 239 118 211 140 238
0004 209 211 239 237 113 212 138 239
0005 212 211 242 238 110 208 136 239
0006 217 206 247 238 094 204 131 236
0007 224 198 257 237 078 200 119 234
0008 239 182 279 225 061 191 106 224
0009 052 194 097 217 247 169 289 211
0010 043 186 099 217 254 163 295 196
0011 045 186 090 214 256 155 298 188
0012 042 183 099 213 250 147 295 185
0013 054 187 098 222 250 147 291 181
0014 060 188 110 222 254 144 299 178
0015 060 186 105 223 263 143 307 176
0016 055 184 102 215 269 132 317 167
0017 052 182 095 217 275 126 319 163
0018 061 181 105 209 273 132 316 168
0019 270 133 313 170 053 180 098 217
0020 258 139 301 175 061 183 107 213
0021 268 134 312 173 051 177 096 215
0022 264 130 307 170 053 181 102 212
0023 262 128 309 167 052 179 100 209
0024 267 123 313 164 053 180 100 206
0025 265 125 310 164 053 177 099 207
0026 045 180 102 213 271 119 319 156
0027 058 178 104 205 262 125 305 163
0028 046 174 091 209 272 122 317 156
0029 049 176 099 206 270 120 319 158
0030 060 176 106 203 267 124 306 164
0031 048 176 098 211 273 117 318 152
0032 260 130 300 165 080 181 123 205
0033 054 174 106 205 271 118 318 156
0034 262 126 308 166 070 179 119 205
0035 067 176 113 203 259 126 303 165
0036 258 131 303 172 064 175 109 202
0037 255 139 299 178 069 179 112 203
0038 080 184 117 220 256 156 291 195
0039 097 195 124 235 236 177 276 222
0040 221 198 252 236 111 207 135 239
0041 213 206 242 237 118 208 145 239
0042 199 207 231 239 122 209 148 239
0043 123 210 149 239 203 208 233 238
0044 123 211 149 239 203 209 233 238
0045 122 211 149 239 202 209 233 238
0046 122 210 149 239 203 208 233 237
0047 122 210 149 239 203 208 233 238
0048 121 211 149 239 203 209 233 239
0049 204 210 234 239 122 211 149 239
0050 204 210 234 239 122 211 148 239
