0000 147 211 190 238 074 210 107 235
0001 073 210 108 235 147 209 187 237
0002 073 210 108 235 148 209 188 239
0003 142 207 185 239 074 210 108 235
0004 143 205 188 237 074 210 108 235
0005 144 201 189 237 074 210 108 235
0006 136 196 191 239 073 210 108 235
0007 136 189 188 238 073 209 108 235
0008 135 176 190 231 073 208 108 235
0009 129 157 193 203 073 209 108 235
0010 120 133 192 179 073 210 109 236
0011 121 114 188 161 073 210 109 236
0012 119 104 184 152 073 210 107 235
0013 115 100 184 149 074 211 107 235
0014 115 100 182 147 074 210 107 235
0015 115 100 185 148 074 210 107 235
0016 115 097 180 145 074 211 107 236
0017 115 094 183 144 075 211 107 235
0018 113 094 180 144 075 211 107 235
0019 112 094 180 143 074 211 107 236
0020 114 094 175 140 074 210 107 235
0021 109 096 178 143 075 211 107 235
0022 113 094 182 145 075 210 107 235
0023 111 094 180 143 075 210 107 235
0024 114 096 180 144 074 210 107 235
0025 115 100 179 148 074 210 107 235
0026 115 114 184 164 074 210 108 235
0027 122 136 185 185 074 210 107 235
0028 127 166 184 226 074 209 107 235
0029 134 194 184 237 074 209 107 236
