0004 157 201 205 238 028 206 071 238
0005 003 171 072 229 135 173 189 234
0006 000 136 056 182 107 139 169 183
0007 002 124 056 164 097 125 159 166
0008 007 116 065 154 101 121 165 163
0009 119 126 191 169 022 120 089 155
0010 067 121 142 161 183 133 235 166
0011 215 132 286 173 091 119 155 158
0012 032 127 098 175 168 130 214 180
0013 016 146 085 213 107 142 173 188
0014 041 158 106 229 104 152 161 203
0015 065 157 132 225 148 158 215 217
0016 201 161 258 216 107 154 157 215
0017 131 156 189 216 215 163 286 220
0018 213 163 271 222 133 156 191 214
0019 201 164 256 223 124 156 180 220
0020 198 165 252 229 122 159 180 221
0021 126 156 180 221 202 170 259 231
0022 200 170 255 231 129 158 182 221
0023 203 172 259 234 126 159 181 223
0024 205 178 261 239 116 169 177 234
0025 206 190 256 239 091 182 141 239
0026 065 214 105 239 000 000 000 000
