0000 136 200 154 228 194 196 214 226
0001 190 199 209 225 137 201 155 228
0002 189 198 209 224 138 201 157 228
0003 189 199 209 226 139 201 158 228
0004 192 196 213 226 136 202 157 229
0005 192 195 212 226 136 201 156 228
0006 191 195 212 226 135 200 156 229
0007 192 195 212 225 136 201 155 228
0008 135 204 153 231 193 195 213 226
0009 133 202 151 231 190 200 210 225
0010 131 199 150 230 191 198 211 224
0011 126 199 144 229 195 195 215 224
0012 197 194 218 224 125 194 144 228
0013 121 194 142 224 199 194 222 225
0014 200 193 222 224 119 195 141 223
0015 199 193 222 224 123 196 145 226
0016 203 188 226 223 124 197 143 229
0017 213 189 235 221 119 193 138 225
0018 113 195 133 225 221 186 244 214
0019 108 193 129 226 227 178 250 208
0020 106 194 126 224 222 181 249 208
0021 228 174 253 204 103 192 126 221
0022 104 194 130 220 230 175 254 202
0023 229 174 254 203 105 194 125 224
0024 104 189 126 217 233 171 255 200
0025 101 183 125 216 232 163 259 195
0026 093 158 130 199 230 150 268 183
0027 093 160 117 189 242 146 274 179
0028 241 142 272 166 090 151 117 179
0029 242 135 273 157 094 138 144 170
0030 240 128 272 150 091 130 137 162
0031 240 124 273 144 092 126 132 155
0032 238 118 272 137 095 117 137 153
0033 238 109 275 131 087 105 111 128
0034 086 099 114 126 240 108 271 125
0035 091 093 118 122 234 102 273 122
0036 238 102 271 122 087 089 110 119
0037 234 101 274 124 081 089 107 117
0038 233 100 273 122 075 089 111 122
0039 237 105 268 126 075 089 103 114
0040 234 103 266 124 076 085 115 119
0041 079 079 107 107 237 099 269 120
0042 230 093 266 116 090 071 115 100
0043 232 084 261 105 109 060 128 087
0044 227 074 255 098 123 076 150 134
0045 140 061 174 097 221 068 243 094
0046 141 068 177 100 207 067 227 094
0047 149 073 187 100 197 068 220 094
0048 151 073 190 094 193 069 219 095
0049 151 071 189 093 194 067 221 093
0050 153 072 186 090 194 068 223 094
0051 150 073 187 093 196 067 223 098
0052 151 072 186 091 199 068 226 096
0053 148 069 184 088 200 066 224 095
0054 147 067 185 089 202 067 226 093
0055 149 068 179 087 202 063 225 089
0056 148 064 179 088 206 063 229 090
0057 148 052 176 088 205 061 230 092
0058 145 049 171 084 208 057 235 089
0059 145 049 172 084 211 057 238 087
0060 142 047 169 084 211 057 238 086
0061 143 053 166 083 211 058 238 087
0062 142 049 170 084 207 056 234 087
0063 143 050 171 085 210 059 236 087
0064 144 051 172 083 208 057 235 088
0065 207 057 235 088 143 051 171 083
0066 142 051 168 084 209 059 236 090
0067 140 052 166 084 212 058 240 090
0068 220 062 245 095 136 054 163 087
0069 236 076 261 104 115 066 136 096
0070 244 092 273 118 093 077 120 110
0071 244 106 276 127 076 094 104 115
0072 075 100 104 123 244 116 272 134
0073 073 101 102 120 201 117 265 144
0074 078 104 141 132 072 099 105 121
0075 068 094 104 122 200 115 265 144
0076 239 101 268 122 086 077 109 107
0077 240 088 267 112 108 065 125 095
0078 124 067 154 095 226 070 250 097
0079 131 070 158 089 214 074 243 102
0080 127 070 165 096 214 075 242 101
0081 122 077 156 100 220 082 243 107
0082 105 086 133 112 237 092 258 119
0083 246 108 274 132 084 099 108 125
0084 243 123 276 145 071 103 099 135
0085 245 124 275 146 065 110 097 138
0086 075 103 106 131 247 119 279 138
0087 245 108 280 132 089 095 112 125
0088 240 099 267 124 109 092 142 129
0089 119 099 154 143 216 101 243 136
0090 120 106 156 147 211 108 239 139
0091 115 115 153 154 212 118 242 154
0092 115 136 156 169 203 144 248 180
0093 221 190 247 221 126 183 151 217
0094 126 201 148 234 196 198 216 229
0095 133 200 150 229 191 197 210 229
0096 192 196 213 228 135 193 152 227
0097 191 195 212 227 135 194 151 229
