0000 104 195 146 238 000 000 000 000
0001 099 196 145 239 000 000 000 000
0002 098 194 144 239 000 000 000 000
0003 093 183 138 227 000 000 000 000
0004 090 176 132 222 000 000 000 000
0005 090 167 133 215 000 000 000 000
0006 086 144 136 202 000 000 000 000
0007 083 115 133 179 000 000 000 000
0008 074 086 123 155 000 000 000 000
0009 065 061 114 131 000 000 000 000
0010 058 042 103 114 000 000 000 000
0011 050 034 098 103 000 000 000 000
0012 045 030 092 099 000 000 000 000
0013 047 033 092 100 000 000 000 000
0014 046 033 096 101 000 000 000 000
0015 045 035 093 099 000 000 000 000
0016 045 035 092 100 000 000 000 000
0017 043 035 091 098 000 000 000 000
0018 042 036 090 099 000 000 000 000
0019 042 036 090 099 000 000 000 000
0020 042 037 089 099 000 000 000 000
0021 043 037 090 097 000 000 000 000
0022 043 037 090 098 000 000 000 000
0023 042 037 089 098 000 000 000 000
0024 042 037 090 100 000 000 000 000
0025 042 036 090 101 000 000 000 000
0026 041 036 086 101 000 000 000 000
0027 041 035 086 100 000 000 000 000
0028 042 036 086 100 000 000 000 000
0029 043 038 090 099 000 000 000 000
0030 043 038 089 099 000 000 000 000
0031 042 037 088 100 000 000 000 000
0032 042 037 088 100 000 000 000 000
0033 044 041 092 104 000 000 000 000
0034 044 046 093 114 000 000 000 000
0035 057 069 102 142 000 000 000 000
0036 079 124 119 177 000 000 000 000
0037 095 168 130 221 000 000 000 000
0038 105 182 151 237 000 000 000 000
0039 112 197 156 237 000 000 000 000
