0003 036 212 068 239 000 000 000 000
0004 019 192 069 239 000 000 000 000
0005 013 165 068 236 097 220 153 239
0006 094 187 149 235 014 144 069 214
0007 007 133 068 203 100 155 146 214
0008 015 130 071 195 104 124 145 202
0009 014 127 073 190 100 123 137 196
0010 020 123 075 184 089 124 126 195
0011 022 124 076 182 074 132 112 202
0012 030 118 085 180 052 146 093 205
0013 022 124 078 181 045 136 093 211
0014 023 125 076 183 043 142 091 209
0015 026 124 077 182 043 140 095 209
0016 026 124 077 181 042 140 097 210
0017 029 124 078 182 045 149 092 211
0018 025 125 077 181 044 143 096 209
0019 026 125 079 181 041 145 097 209
0020 029 124 077 182 046 149 096 210
0021 033 130 079 183 044 151 096 212
0022 042 143 090 213 000 000 000 000
0023 035 158 083 212 048 183 108 233
0024 030 178 074 231 053 208 118 237
0025 028 207 070 236 000 000 000 000
0026 037 222 072 239 000 000 000 000
