0005 017 207 050 237 117 212 165 237
0006 002 147 056 221 051 183 113 230
0007 009 097 067 181 055 137 115 184
0008 021 064 067 146 053 110 113 156
0009 022 052 066 126 056 099 113 143
0010 032 035 079 108 053 078 113 126
0011 041 032 080 106 051 074 117 123
0012 041 032 083 108 051 074 120 124
0013 043 034 080 112 051 076 120 122
0014 044 034 084 112 047 074 123 123
0015 039 042 084 123 060 076 115 132
0016 034 049 077 128 045 094 114 138
0017 024 096 070 165 062 124 116 173
0018 059 157 121 199 022 149 066 193
0019 064 205 106 235 040 218 068 239
