0002 103 203 152 239 000 000 000 000
0003 100 147 162 189 000 000 000 000
0004 093 124 160 165 000 000 000 000
0005 115 124 175 166 000 000 000 000
0006 126 122 185 161 000 000 000 000
0007 106 118 166 155 000 000 000 000
0008 114 117 174 151 000 000 000 000
0009 125 119 191 154 000 000 000 000
0010 117 111 176 152 000 000 000 000
0011 110 106 169 149 000 000 000 000
0012 105 126 166 174 000 000 000 000
0013 101 170 159 226 000 000 000 000
0014 105 210 154 234 000 000 000 000
0015 115 218 151 239 000 000 000 000
