0000 121 189 145 221 196 190 218 221
0001 196 190 218 221 120 188 141 217
0002 121 189 144 221 198 194 219 223
0003 195 190 218 221 119 189 141 217
0004 121 188 145 222 195 190 217 219
0005 120 189 144 221 193 185 215 218
0006 189 170 210 203 120 189 144 221
0007 179 135 213 165 121 189 142 216
0008 179 113 214 139 121 190 142 218
0009 202 088 227 124 121 191 142 218
0010 218 105 256 129 123 190 143 216
0011 120 189 146 222 224 113 259 132
0012 122 187 144 216 218 119 255 142
0013 122 189 143 218 224 120 260 139
0014 120 188 142 216 224 119 256 140
0015 222 114 260 133 119 187 142 219
0016 218 107 257 128 119 187 142 218
0017 217 091 255 116 117 189 140 217
0018 219 073 249 103 121 187 142 216
0019 218 067 249 099 121 188 142 216
0020 218 067 249 099 122 188 144 216
0021 121 188 142 216 217 068 248 097
0022 120 188 142 217 219 069 249 099
0023 219 070 250 100 117 189 142 220
0024 219 070 250 100 120 187 142 217
0025 120 186 142 217 218 071 249 100
0026 216 072 242 100 120 187 142 218
0027 120 187 143 218 206 073 226 101
0028 121 187 142 216 183 093 211 123
0029 174 121 203 147 122 188 142 216
0030 121 189 142 218 175 150 202 177
0031 176 173 204 196 121 190 142 219
0032 180 185 206 207 119 189 143 221
0033 121 189 142 219 189 188 212 216
