0004 191 184 247 233 000 000 000 000
0005 205 160 270 212 000 000 000 000
0006 215 157 278 206 000 000 000 000
0007 221 149 281 198 000 000 000 000
0008 221 146 282 194 000 000 000 000
0009 222 145 283 192 000 000 000 000
0010 223 144 283 192 000 000 000 000
0011 222 142 285 190 000 000 000 000
0012 222 143 284 191 000 000 000 000
0013 221 146 284 193 000 000 000 000
0014 222 145 284 192 000 000 000 000
0015 221 144 283 192 000 000 000 000
0016 217 141 281 194 000 000 000 000
0017 220 142 282 191 000 000 000 000
0018 219 142 282 191 000 000 000 000
0019 219 143 282 193 000 000 000 000
0020 219 144 282 193 000 000 000 000
0021 217 152 280 203 000 000 000 000
0022 213 166 268 212 000 000 000 000
0023 201 189 241 238 000 000 000 000
0024 174 210 210 238 000 000 000 000
