0000 175 211 219 239 089 215 134 239
0001 088 218 134 239 176 212 222 239
0002 181 195 232 239 088 218 133 239
0003 088 218 132 239 200 142 253 192
0004 218 078 265 142 088 218 132 239
0005 220 014 257 084 088 214 132 239
0006 210 000 247 064 087 215 132 239
0007 189 000 224 053 089 215 132 239
0008 165 000 209 045 087 215 132 239
0009 150 001 199 042 086 215 131 239
0010 154 001 202 048 086 215 131 239
0011 165 003 213 059 087 220 134 239
0012 175 034 222 086 087 220 133 239
0013 183 077 226 135 087 215 130 239
0014 175 153 221 212 086 215 131 239
0015 167 197 214 239 086 215 131 239
0016 165 209 211 239 088 220 135 239
