0005 080 210 134 239 000 000 000 000
0006 078 160 141 216 000 000 000 000
0007 074 113 145 176 000 000 000 000
0008 070 077 145 141 000 000 000 000
0009 070 073 144 123 000 000 000 000
0010 070 070 140 118 000 000 000 000
0011 070 060 139 119 000 000 000 000
0012 065 062 141 116 000 000 000 000
0013 069 073 139 121 000 000 000 000
0014 071 069 140 120 000 000 000 000
0015 071 073 141 124 000 000 000 000
0016 071 096 141 141 000 000 000 000
0017 071 124 137 173 000 000 000 000
0018 081 199 136 237 000 000 000 000
