0000 046 218 090 239 000 000 000 000
0001 049 222 087 239 000 000 000 000
0002 045 219 090 239 000 000 000 000
0003 120 212 164 239 045 217 089 239
0004 123 181 171 229 045 217 089 239
0005 123 148 174 204 044 217 089 239
0006 130 118 176 183 045 218 089 239
0007 136 103 175 170 044 217 090 239
0008 136 091 177 162 045 217 090 239
0009 136 089 177 157 048 220 089 237
0010 133 079 178 150 045 217 090 239
0011 129 077 179 142 045 218 090 239
0012 135 075 177 144 045 219 091 239
0013 134 070 180 141 045 219 091 239
0014 129 072 182 141 046 219 091 239
0015 132 070 177 140 047 219 091 239
0016 132 065 176 134 049 220 089 236
0017 133 069 177 137 050 221 089 236
0018 131 063 175 132 050 221 089 236
0019 138 067 183 138 050 220 089 236
0020 135 066 180 133 050 220 088 236
0021 135 070 187 137 050 220 088 236
0022 137 069 182 136 050 221 088 236
0023 140 072 187 138 050 221 088 237
0024 141 069 185 138 050 220 088 237
0025 137 074 188 141 045 218 091 239
0026 137 071 187 134 045 218 091 239
0027 137 070 187 138 045 218 091 239
0028 136 071 186 134 048 220 088 237
0029 138 071 182 140 045 219 091 239
0030 138 076 180 143 045 219 091 239
0031 141 077 184 143 045 219 090 239
0032 136 076 185 139 045 219 091 239
0033 139 083 183 146 045 220 090 239
0034 141 079 184 146 044 220 091 239
0035 142 099 179 161 044 219 091 239
0036 135 139 185 196 042 218 089 239
0037 124 195 176 236 046 219 089 239
0038 045 219 090 239 000 000 000 000
0039 044 219 090 239 000 000 000 000
0040 045 219 090 239 000 000 000 000
0041 045 219 090 239 000 000 000 000
0042 046 219 090 239 000 000 000 000
0043 046 219 090 239 000 000 000 000
0044 045 219 090 239 000 000 000 000
0045 045 219 090 239 000 000 000 000
0046 045 219 090 239 000 000 000 000
0047 046 219 090 239 000 000 000 000
0048 048 221 086 239 000 000 000 000
0049 048 221 086 239 000 000 000 000
0050 048 221 086 239 000 000 000 000
0051 048 222 087 238 000 000 000 000
0052 048 221 086 239 000 000 000 000
0053 048 221 086 239 000 000 000 000
0054 048 222 086 239 000 000 000 000
