0005 230 213 267 239 000 000 000 000
0006 197 189 250 238 000 000 000 000
0007 181 172 254 233 000 000 000 000
0008 159 159 238 222 000 000 000 000
0009 140 134 223 208 197 188 226 232
0010 131 115 201 189 180 159 225 227
0011 129 109 196 181 184 138 224 216
0012 131 101 187 173 184 120 222 203
0013 126 101 187 180 184 101 221 189
0014 179 097 217 188 131 098 186 174
0015 135 096 184 172 178 096 217 187
0016 135 097 185 173 179 094 217 189
0017 132 099 186 177 184 095 219 193
0018 134 102 186 178 189 094 224 190
0019 131 101 187 176 188 092 224 189
0020 132 101 189 172 188 089 222 187
0021 135 098 184 179 190 091 223 185
0022 131 102 188 177 191 093 225 184
0023 131 103 188 180 191 091 227 186
0024 136 102 193 174 190 093 226 184
0025 136 098 193 174 189 092 226 184
0026 134 099 188 175 191 091 227 181
0027 135 097 187 175 190 093 227 186
0028 135 098 190 174 190 092 229 186
0029 135 099 189 175 191 093 229 186
0030 135 098 189 175 191 097 229 185
0031 135 100 190 178 191 098 229 188
0032 135 107 193 180 189 118 227 209
0033 145 119 205 186 177 163 222 230
0034 150 137 224 201 161 206 230 237
0035 165 169 229 220 000 000 000 000
