0010 078 216 114 237 000 000 000 000
0011 059 182 128 234 151 208 200 238
0012 061 146 112 228 157 176 233 239
0013 149 152 228 239 065 130 114 227
0014 155 138 225 230 073 123 114 237
0015 070 120 120 234 143 131 215 226
0016 142 123 212 220 073 113 122 233
0017 076 102 126 218 141 114 213 215
0018 140 110 213 209 078 105 126 213
0019 140 108 207 205 077 098 124 216
0020 143 098 214 202 075 099 130 198
0021 145 093 206 189 078 098 127 194
0022 078 091 131 200 147 085 218 182
0023 077 087 130 188 153 087 213 184
0024 077 085 133 188 157 086 221 190
0025 079 085 135 188 157 087 221 193
0026 080 084 135 189 158 086 220 192
0027 158 086 221 191 080 087 136 190
0028 079 089 135 186 158 088 222 194
0029 080 092 133 181 158 086 222 193
0030 159 088 224 188 081 090 137 189
0031 081 088 134 191 155 089 225 190
0032 081 088 134 187 156 090 225 192
0033 157 092 223 199 081 093 134 187
0034 158 093 226 191 081 097 131 185
0035 156 094 222 194 078 096 136 178
0036 083 103 132 195 153 109 219 211
0037 072 128 126 229 148 154 221 238
0038 071 164 122 239 151 180 217 239
0039 073 205 113 237 170 223 216 239
