0000 084 222 125 239 000 000 000 000
0001 084 222 125 239 000 000 000 000
0002 084 222 125 239 000 000 000 000
0003 086 215 124 239 000 000 000 000
0004 092 187 133 236 022 212 064 239
0005 031 197 079 237 079 151 119 193
0006 064 169 107 203 067 111 106 144
0007 059 144 115 180 064 101 095 131
0008 051 101 092 134 083 133 125 160
0009 055 130 097 163 000 000 000 000
0010 070 147 105 182 082 091 124 119
0011 075 093 119 131 063 117 109 158
0012 071 120 125 165 000 000 000 000
0013 048 091 085 126 079 118 126 156
0014 055 129 098 164 000 000 000 000
0015 064 149 104 190 080 090 123 125
0016 074 091 122 133 064 130 101 165
0017 071 125 123 168 000 000 000 000
0018 079 136 121 178 050 089 091 121
0019 050 106 091 140 077 128 122 162
0020 060 137 101 172 000 000 000 000
0021 068 157 105 194 069 107 113 144
0022 054 112 107 152 068 157 108 197
0023 036 133 086 173 078 158 117 208
0024 022 173 067 218 084 168 131 228
0025 019 195 062 237 084 186 133 236
0026 085 205 129 239 021 212 062 239
0027 086 214 125 239 000 000 000 000
0028 084 214 125 238 000 000 000 000
0029 083 216 125 239 000 000 000 000
0030 082 217 124 239 000 000 000 000
0031 077 211 121 239 000 000 000 000
0032 066 209 112 237 000 000 000 000
0033 065 208 107 236 000 000 000 000
0034 068 209 106 236 000 000 000 000
0035 066 211 107 236 000 000 000 000
0036 066 210 107 237 000 000 000 000
0037 066 213 107 237 000 000 000 000
0038 066 214 107 237 000 000 000 000
0039 067 212 107 238 000 000 000 000
0040 066 212 106 238 000 000 000 000
