0000 088 174 128 239 131 144 171 192
0001 093 160 128 215 124 144 169 176
0002 098 143 130 179 124 137 157 165
0003 123 127 162 159 096 124 127 156
0004 077 116 110 146 150 120 187 155
0005 047 120 089 154 177 130 224 165
0006 040 129 084 163 190 142 241 175
0007 057 143 091 184 191 149 236 185
0008 075 155 116 196 174 151 216 192
0009 095 170 140 211 164 151 198 195
0010 105 179 158 218 151 144 187 183
0011 108 179 163 222 142 123 181 160
0012 138 099 178 138 111 175 170 221
0013 144 092 177 135 115 163 177 199
0014 129 126 177 166 000 000 000 000
0015 137 122 176 158 119 147 177 185
0016 143 104 176 145 118 148 179 181
0017 129 132 176 167 000 000 000 000
0018 114 146 173 181 139 124 176 157
0019 107 156 158 202 152 118 184 153
0020 098 172 144 230 157 129 185 168
0021 092 187 136 237 157 154 192 192
0022 093 191 133 239 149 175 180 216
0023 093 192 133 238 144 186 174 230
0024 095 196 136 237 140 191 173 233
0025 097 207 136 237 139 183 172 227
0026 099 209 135 238 144 162 173 204
0027 098 208 134 237 148 121 176 165
