0004 178 208 235 239 000 000 000 000
0005 186 169 239 237 117 201 172 238
0006 119 166 172 219 169 127 230 183
0007 158 094 219 132 121 135 169 189
0008 144 070 205 102 129 108 167 169
0009 126 086 163 154 133 062 194 090
0010 127 076 161 144 123 056 189 085
0011 129 074 164 137 113 055 183 081
0012 132 075 166 136 115 054 178 081
0013 131 073 167 140 113 058 177 082
0014 132 072 167 138 114 055 178 080
0015 132 074 167 137 116 055 178 080
0016 132 076 167 138 119 056 182 081
0017 132 074 168 138 114 056 183 082
0018 133 075 165 138 114 055 182 081
0019 133 075 165 137 120 055 182 081
0020 132 075 166 138 119 055 183 081
0021 132 074 167 138 115 058 184 085
0022 132 076 164 139 119 058 182 087
0023 132 076 168 141 123 059 184 084
0024 129 083 165 143 124 062 186 092
0025 126 073 191 107 125 088 163 154
0026 137 083 194 129 122 128 174 177
0027 153 113 210 167 112 182 153 233
0028 168 153 223 225 099 203 128 226
0029 187 204 235 239 000 000 000 000
