0002 129 224 158 239 000 000 000 000
0003 162 170 210 207 000 000 000 000
0004 190 137 238 179 000 000 000 000
0005 198 124 229 154 000 000 000 000
0006 172 116 207 151 000 000 000 000
0007 126 110 177 152 000 000 000 000
0008 110 124 157 157 000 000 000 000
0009 104 128 150 161 000 000 000 000
0010 117 113 164 146 000 000 000 000
0011 154 113 187 149 000 000 000 000
0012 200 138 238 178 000 000 000 000
0013 208 144 246 178 000 000 000 000
0014 205 130 234 172 000 000 000 000
0015 182 130 219 171 000 000 000 000
0016 145 127 189 163 000 000 000 000
0017 124 128 168 165 000 000 000 000
0018 108 133 161 171 000 000 000 000
0019 139 129 171 161 000 000 000 000
0020 166 137 200 166 000 000 000 000
0021 176 153 224 184 000 000 000 000
0022 170 182 206 215 000 000 000 000
0023 155 208 189 236 000 000 000 000
