0000 204 207 228 238 113 213 136 239
0001 203 207 227 237 113 213 135 239
0002 204 207 227 237 113 213 135 239
0003 204 208 229 238 112 213 135 239
0004 204 208 228 237 112 213 135 239
0005 203 208 230 238 113 214 137 239
0006 201 207 230 236 114 214 138 239
0007 194 203 226 237 121 210 147 239
0008 119 205 154 238 188 193 221 231
0009 173 172 210 209 132 193 167 232
0010 144 169 181 203 163 141 200 171
0011 151 114 190 142 152 147 192 177
0012 150 100 192 129 159 121 191 152
0013 145 091 192 137 000 000 000 000
0014 143 091 189 132 000 000 000 000
0015 143 087 191 124 000 000 000 000
0016 142 082 188 123 000 000 000 000
0017 145 076 189 119 000 000 000 000
0018 144 079 188 121 000 000 000 000
0019 144 078 188 121 000 000 000 000
0020 144 081 187 120 000 000 000 000
0021 144 081 188 121 000 000 000 000
0022 143 083 188 121 000 000 000 000
0023 144 086 188 124 000 000 000 000
0024 141 084 193 125 000 000 000 000
0025 142 083 190 125 000 000 000 000
0026 144 084 190 127 000 000 000 000
0027 145 083 192 128 000 000 000 000
0028 144 086 192 128 000 000 000 000
0029 148 091 194 131 000 000 000 000
0030 141 085 197 127 000 000 000 000
0031 143 085 197 126 000 000 000 000
0032 150 090 196 131 000 000 000 000
0033 143 085 198 127 000 000 000 000
0034 146 086 192 128 000 000 000 000
0035 152 086 197 133 000 000 000 000
0036 146 093 200 137 000 000 000 000
0037 154 145 202 181 148 113 184 142
0038 138 184 177 233 156 138 194 169
0039 166 168 202 199 117 208 149 239
0040 177 180 213 217 110 213 134 235
0041 190 196 220 230 101 214 128 239
0042 198 204 227 237 104 215 129 238
0043 201 210 228 239 105 214 131 239
0044 111 213 135 239 202 209 229 237
0045 205 208 229 238 112 212 138 239
0046 205 208 228 235 113 212 138 239
0047 204 211 228 239 113 212 138 239
0048 205 210 228 239 112 210 135 238
0049 205 210 227 239 111 214 138 239
0050 204 209 225 236 112 210 135 238
0051 205 211 227 238 113 214 138 239
0052 203 212 227 239 113 213 138 239
0053 204 212 227 239 112 210 135 238
0054 204 212 227 239 112 209 135 238
0055 204 211 227 239 112 210 135 238
0056 204 212 227 239 112 210 135 238
0057 203 211 227 239 112 210 135 238
