0000 095 209 127 239 166 217 190 238
0001 093 206 131 239 165 217 189 238
0002 093 207 126 236 164 217 190 239
0003 094 209 128 237 160 216 188 239
0004 095 210 128 238 158 215 187 239
0005 094 210 127 238 163 215 188 239
0006 093 208 127 237 163 215 187 239
0007 095 210 128 238 162 213 188 238
0008 093 206 126 239 163 213 190 239
0009 178 186 204 234 093 206 126 239
0010 095 208 128 236 206 155 239 198
0011 093 206 128 235 225 118 275 153
0012 243 086 290 120 094 206 127 237
0013 248 070 294 101 093 206 128 235
0014 252 068 294 096 094 206 126 235
0015 253 068 293 095 094 207 126 239
0016 252 066 293 095 094 206 128 235
0017 253 069 293 098 094 208 128 237
0018 256 073 290 095 094 208 128 237
0019 256 072 290 094 094 208 128 237
0020 255 071 291 099 094 207 127 237
0021 255 071 291 098 094 207 127 238
0022 255 068 292 098 094 208 128 238
0023 255 072 291 099 094 208 128 238
0024 253 071 294 099 094 206 128 237
0025 253 071 294 099 094 206 128 237
0026 252 071 296 099 090 204 126 239
0027 244 077 287 108 094 207 127 237
0028 231 100 271 131 093 208 126 235
0029 093 207 125 234 210 138 248 182
0030 195 174 223 228 093 210 123 235
0031 092 207 124 235 175 202 202 239
0032 092 207 124 235 164 211 191 238
0033 162 211 189 237 092 210 124 235
