0041 147 209 190 238 000 000 000 000
0042 172 216 203 236 000 000 000 000
0043 184 205 214 237 157 187 211 230
0044 163 156 219 215 000 000 000 000
0045 183 137 228 201 000 000 000 000
0046 172 118 232 187 000 000 000 000
0047 177 108 233 179 000 000 000 000
0048 166 102 233 174 000 000 000 000
0049 171 100 231 168 000 000 000 000
0050 170 089 235 175 000 000 000 000
0051 171 095 233 169 000 000 000 000
0052 174 096 228 172 000 000 000 000
0053 173 095 228 172 000 000 000 000
0054 167 091 232 169 000 000 000 000
0055 169 095 233 170 000 000 000 000
0056 169 093 232 168 000 000 000 000
0057 168 086 230 165 000 000 000 000
0058 167 086 229 164 000 000 000 000
0059 167 084 229 160 000 000 000 000
0060 165 074 227 159 000 000 000 000
0061 166 079 228 158 000 000 000 000
0062 169 077 227 158 000 000 000 000
0063 172 076 225 157 000 000 000 000
0064 172 073 219 155 000 000 000 000
0065 175 073 222 156 000 000 000 000
0066 176 075 222 155 000 000 000 000
0067 175 074 222 154 000 000 000 000
0068 176 074 221 154 000 000 000 000
0069 176 073 222 153 000 000 000 000
0070 174 068 218 155 000 000 000 000
0071 178 069 223 150 000 000 000 000
0072 180 069 223 150 000 000 000 000
0073 180 068 224 150 000 000 000 000
0074 181 069 225 149 000 000 000 000
0075 181 070 225 150 000 000 000 000
0076 181 069 225 149 000 000 000 000
0077 180 068 225 149 000 000 000 000
0078 181 069 225 148 000 000 000 000
0079 180 070 224 149 000 000 000 000
0080 179 069 224 149 000 000 000 000
0081 178 070 223 150 000 000 000 000
0082 178 071 223 149 000 000 000 000
0083 178 071 223 150 000 000 000 000
0084 178 071 223 151 000 000 000 000
0085 178 070 223 151 000 000 000 000
0086 177 069 224 150 000 000 000 000
0087 177 068 223 151 000 000 000 000
0088 177 068 222 149 000 000 000 000
0089 178 067 223 149 000 000 000 000
0090 177 068 222 149 000 000 000 000
0091 176 065 223 150 000 000 000 000
0092 176 065 223 148 000 000 000 000
0093 178 065 223 146 000 000 000 000
0094 180 065 223 145 000 000 000 000
0095 180 063 224 143 000 000 000 000
0096 181 064 224 145 000 000 000 000
0097 182 062 224 143 000 000 000 000
0098 182 062 224 144 000 000 000 000
0099 182 062 224 143 000 000 000 000
0100 181 061 224 145 000 000 000 000
0101 180 061 224 143 000 000 000 000
0102 179 063 225 143 000 000 000 000
0103 179 064 224 143 000 000 000 000
0104 180 064 224 143 000 000 000 000
0105 180 062 224 144 000 000 000 000
0106 180 062 225 144 000 000 000 000
0107 180 061 225 143 000 000 000 000
0108 181 060 225 143 000 000 000 000
0109 180 061 226 143 000 000 000 000
0110 181 059 226 142 000 000 000 000
0111 181 059 226 141 000 000 000 000
0112 180 056 224 137 000 000 000 000
0113 178 055 223 137 000 000 000 000
0114 177 056 223 138 000 000 000 000
0115 174 052 218 138 000 000 000 000
0116 174 054 221 134 000 000 000 000
0117 177 054 220 134 000 000 000 000
0118 176 054 220 135 000 000 000 000
0119 176 055 221 135 000 000 000 000
0120 177 054 220 132 000 000 000 000
0121 177 054 221 133 000 000 000 000
0122 177 055 220 133 000 000 000 000
0123 176 055 219 133 000 000 000 000
0124 175 054 220 134 000 000 000 000
0125 174 051 219 134 000 000 000 000
0126 174 053 219 134 000 000 000 000
0127 173 054 218 131 000 000 000 000
0128 172 053 217 132 000 000 000 000
0129 172 052 218 132 000 000 000 000
0130 172 051 218 132 000 000 000 000
0131 173 050 218 132 000 000 000 000
0132 173 052 218 132 000 000 000 000
0133 173 052 218 132 000 000 000 000
0134 174 052 219 132 000 000 000 000
0135 174 053 219 134 000 000 000 000
0136 175 053 219 132 000 000 000 000
0137 176 056 219 134 000 000 000 000
0138 176 058 221 139 000 000 000 000
0139 176 062 220 144 000 000 000 000
0140 175 068 217 148 000 000 000 000
0141 166 095 213 169 000 000 000 000
0142 156 143 198 214 000 000 000 000
0143 155 218 187 238 000 000 000 000
