0000 224 211 253 239 144 211 163 239
0001 224 209 253 239 143 211 162 239
0002 224 210 253 239 138 208 163 238
0003 225 210 253 239 133 211 151 237
0004 104 207 129 239 224 210 253 239
0005 073 189 102 228 224 211 254 239
0006 054 173 091 208 224 211 253 239
0007 030 148 076 173 224 211 253 239
0008 022 112 072 138 225 211 253 239
0009 019 088 078 115 225 210 253 239
0010 020 072 080 099 225 209 254 239
0011 026 053 081 079 225 208 254 239
0012 029 043 086 073 225 208 253 239
0013 036 033 082 058 226 206 253 239
0014 222 205 256 239 037 030 079 052
0015 039 029 089 056 226 206 254 239
0016 039 028 094 059 226 206 254 239
0017 226 208 254 239 036 024 092 055
0018 038 028 089 059 222 204 256 238
0019 226 208 254 239 040 031 096 065
0020 223 205 256 238 038 035 090 068
0021 036 042 089 081 226 206 254 239
0022 039 073 094 114 223 205 256 238
0023 057 120 098 154 225 205 252 238
0024 088 165 119 209 226 207 254 239
0025 225 207 254 239 117 192 138 230
0026 226 207 255 239 132 203 151 236
0027 224 205 251 238 139 207 164 237
0028 226 207 254 239 145 210 166 239
0029 143 205 167 239 226 209 254 239
0030 144 206 168 237 226 209 255 239
0031 226 208 254 239 144 206 169 236
