0002 117 212 157 238 000 000 000 000
0003 157 140 212 190 000 000 000 000
0004 182 094 235 151 000 000 000 000
0005 185 088 241 140 000 000 000 000
0006 190 085 246 137 000 000 000 000
0007 187 086 245 138 000 000 000 000
0008 189 086 243 137 000 000 000 000
0009 188 085 243 138 000 000 000 000
0010 187 085 242 138 000 000 000 000
0011 187 086 243 138 000 000 000 000
0012 188 086 243 137 000 000 000 000
0013 188 086 243 137 000 000 000 000
0014 188 086 243 137 000 000 000 000
0015 188 087 243 138 000 000 000 000
0016 184 094 237 145 000 000 000 000
0017 173 123 213 165 000 000 000 000
0018 136 189 172 235 000 000 000 000
0019 110 216 144 238 000 000 000 000
0020 106 221 138 239 000 000 000 000
