0005 240 188 291 231 000 000 000 000
0006 237 165 293 210 000 000 000 000
0007 227 133 280 176 000 000 000 000
0008 218 118 273 159 000 000 000 000
0009 215 109 267 154 000 000 000 000
0010 209 100 260 145 000 000 000 000
0011 205 094 256 143 000 000 000 000
0012 202 093 252 143 000 000 000 000
0013 202 091 250 140 000 000 000 000
0014 203 088 246 140 000 000 000 000
0015 200 087 248 139 000 000 000 000
0016 204 086 250 138 000 000 000 000
0017 204 086 250 138 000 000 000 000
0018 204 087 250 138 000 000 000 000
0019 200 087 246 139 000 000 000 000
0020 200 086 249 139 000 000 000 000
0021 202 088 245 137 000 000 000 000
0022 203 087 244 138 000 000 000 000
0023 203 087 248 138 000 000 000 000
0024 201 086 249 139 000 000 000 000
0025 203 088 250 140 000 000 000 000
0026 208 090 254 138 000 000 000 000
0027 214 099 265 151 000 000 000 000
0028 230 116 281 164 000 000 000 000
0029 254 158 304 199 000 000 000 000
0030 256 188 309 232 000 000 000 000
0035 146 220 182 239 000 000 000 000
