0002 172 223 197 239 000 000 000 000
0003 157 187 199 233 000 000 000 000
0004 160 143 205 179 000 000 000 000
0005 171 127 212 174 000 000 000 000
0006 166 138 204 195 000 000 000 000
0007 160 170 192 231 000 000 000 000
0008 148 205 183 236 000 000 000 000
0009 117 208 164 233 000 000 000 000
0010 108 182 160 215 000 000 000 000
0011 101 153 150 199 000 000 000 000
0012 113 114 138 172 000 000 000 000
0013 120 103 141 155 000 000 000 000
0014 121 091 141 150 000 000 000 000
0015 120 092 141 151 000 000 000 000
0016 120 093 141 150 000 000 000 000
0017 123 092 144 152 000 000 000 000
0018 119 094 140 150 000 000 000 000
0019 121 094 143 149 000 000 000 000
0020 110 105 146 148 000 000 000 000
0021 104 141 148 176 000 000 000 000
0022 120 195 165 238 000 000 000 000
