0000 115 224 149 239 000 000 000 000
0001 116 223 150 239 000 000 000 000
0002 114 223 150 239 000 000 000 000
0003 111 221 152 238 000 000 000 000
0004 039 219 085 239 106 216 149 239
0005 037 170 089 215 104 198 143 237
0006 083 152 128 202 055 104 111 140
0007 061 082 127 113 083 118 119 173
0008 089 092 121 155 066 076 134 098
0009 093 095 125 154 072 073 134 097
0010 090 118 125 158 076 072 135 093
0011 087 114 126 157 073 068 135 094
0012 097 088 128 146 074 070 135 091
0013 097 087 129 153 073 068 136 093
0014 086 106 125 157 076 070 134 093
0015 090 099 124 153 072 070 134 094
0016 091 093 129 151 075 071 132 094
0017 094 096 126 158 074 068 133 091
0018 086 103 124 159 074 068 134 092
0019 090 098 124 156 075 071 137 095
0020 095 097 128 153 076 076 131 099
0021 098 112 132 162 072 082 130 110
0022 069 118 127 158 095 141 137 194
0023 063 168 113 218 110 170 138 217
0024 055 198 102 237 112 199 141 238
0025 056 208 102 237 110 210 142 239
0026 105 211 143 239 061 221 099 239
0027 107 212 141 236 061 220 099 239
0028 110 214 143 237 059 220 103 239
0029 111 210 146 239 056 217 098 239
