0000 120 174 146 204 179 208 209 239
0001 179 208 209 239 120 174 144 203
0002 120 173 146 204 180 207 208 239
0003 182 207 209 235 120 173 144 203
0004 178 201 206 239 119 174 145 203
0005 173 181 201 224 119 173 144 204
0006 162 156 196 184 120 173 144 203
0007 173 137 214 162 121 172 145 202
0008 120 173 145 206 206 136 234 163
0009 215 150 247 192 120 173 145 202
0010 119 173 143 202 208 168 235 211
0011 119 173 143 203 183 169 211 212
0012 156 155 197 189 120 173 145 202
0013 158 146 193 176 120 172 146 204
0014 120 172 146 203 164 140 198 164
0015 120 173 145 202 193 130 223 164
0016 198 135 229 182 118 174 143 203
0017 118 174 143 203 185 137 211 178
0018 118 174 143 203 162 132 195 164
0019 119 173 145 202 155 125 197 150
0020 119 173 144 202 159 141 192 163
0021 119 173 145 202 189 128 218 164
0022 119 174 144 204 195 143 224 198
0023 190 186 212 230 119 174 144 204
0024 180 206 208 239 120 175 145 205
0025 174 213 203 239 121 175 146 205
0026 121 175 145 205 176 211 205 239
0027 122 175 146 205 187 213 212 239
0028 123 176 146 207 189 216 213 238
0029 123 176 147 205 187 216 212 238
