0006 152 206 185 239 000 000 000 000
0007 165 175 222 233 000 000 000 000
0008 179 125 242 198 000 000 000 000
0009 192 081 240 164 000 000 000 000
0010 192 066 243 150 000 000 000 000
0011 194 051 240 135 000 000 000 000
0012 195 045 239 128 000 000 000 000
0013 195 044 239 126 000 000 000 000
0014 196 046 240 127 000 000 000 000
0015 195 045 245 127 000 000 000 000
0016 195 047 244 126 000 000 000 000
0017 194 047 241 131 000 000 000 000
0018 200 046 246 128 000 000 000 000
0019 194 048 245 128 000 000 000 000
0020 193 047 245 129 000 000 000 000
0021 194 047 244 127 000 000 000 000
0022 196 048 240 131 000 000 000 000
0023 194 045 240 128 000 000 000 000
0024 182 065 222 141 000 000 000 000
0025 170 084 209 151 000 000 000 000
0026 155 114 191 174 000 000 000 000
0027 142 149 173 207 000 000 000 000
0028 125 194 163 235 000 000 000 000
0029 120 221 166 239 000 000 000 000
