0000 149 209 204 239 091 217 132 239
0001 147 204 202 239 088 217 132 239
0002 151 170 209 226 090 215 134 239
0003 162 086 216 139 089 215 134 239
0004 165 046 223 112 089 218 136 239
0005 167 019 222 089 090 215 136 239
0006 162 017 218 075 089 215 135 239
0007 163 017 213 076 090 216 135 239
0008 165 029 208 080 090 216 135 239
0009 164 027 206 079 090 216 135 239
0010 166 030 209 081 090 216 135 239
0011 164 035 207 087 089 215 134 239
0012 147 062 194 107 089 216 133 239
0013 131 106 201 160 089 215 133 239
0014 139 156 203 219 089 215 133 239
0015 147 194 205 239 089 215 133 239
0016 153 220 211 239 092 216 133 236
0017 156 217 214 239 092 215 135 236
0018 155 216 214 238 088 218 134 239
